170,185,518,1.0
175,183,524,5.385164807134504
176,197,521,12.165525060596439
182,180,536,17.72004514666935
168,201,508,19.4164878389476
183,190,538,19.6468827043885
173,167,528,20.12461179749811
169,205,508,22.825424421026653
166,168,503,23.345235059857504
167,166,504,24.20743687382041
200,203,574,57.87054518492115
165,230,475,62.93647591023825
193,255,546,75.02666192761077
186,268,514,83.15046602394962
138,105,496,83.24061508662703
184,269,509,84.5931439302264
153,245,455,87.72684879784524
128,96,482,96.38464608017192
101,191,408,111.16204388189342
204,296,535,112.14722466472365
188,297,512,112.21853679316978
191,298,521,113.01769772916099
195,300,524,115.10864433221339
96,111,428,117.29023829799307
100,207,399,122.0
207,307,533,122.80065146407001
216,295,574,122.98373876248843
197,308,522,123.03657992645927
146,275,431,125.8729518204765
147,276,432,125.89678312014172
160,282,438,126.37246535539299
163,283,439,126.50691680694776
90,177,392,127.251719045363
150,279,433,127.40486646906389
162,284,438,127.91403363196706
88,133,402,128.03515142334936
221,301,576,129.24782396620841
205,315,524,130.09611831257686
229,265,622,130.41855696180662
151,283,431,131.71180660821565
94,202,388,132.09844813622905
149,283,429,133.05637902783917
114,239,397,133.41664064126334
93,206,385,135.63554106501732
171,307,455,137.7679207943562
232,283,616,137.88763541376724
152,289,427,138.85243966167826
137,281,418,139.34489585198304
161,294,430,140.71957930579526
142,287,419,142.84257068535277
116,50,465,145.3994497926316
164,301,429,146.81961721786362
115,47,465,148.18906842274163
242,299,615,149.03690818049066
131,284,407,149.4824404403407
244,299,616,149.68299836654796
108,47,455,152.11837495845134
140,294,412,152.74161188098023
141,296,412,154.17522498767434
253,299,623,154.31137352768266
86,161,365,155.8589105569521
158,307,418,158.38244852255568
154,307,416,159.66527487215245
157,308,416,160.4306703844374
135,296,403,160.55217220579732
144,302,409,160.58953888718904
148,305,412,160.77624202599088
134,297,402,161.9660458244258
210,348,512,163.1502375113196
136,300,403,163.3431969810803
143,305,406,164.83021567661677
209,350,509,165.3027525481654
130,295,394,166.50825805346713
227,344,580,170.29973576021777
228,344,581,170.66048165876012
127,297,388,172.35138525698017
159,321,408,175.54771431152272
133,307,392,176.1050822662424
132,309,390,178.932948335403
84,53,397,179.74426277353055
275,285,672,182.7812900709479
80,203,337,182.8879438344693
78,59,386,183.20753259623362
85,47,398,183.53473785635242
156,327,401,184.62935844550833
145,322,394,185.4561942885705
87,41,402,185.53975315279473
83,44,398,185.80096878111266
76,56,382,188.1754500459611
72,143,334,189.70766985021982
77,46,388,191.0026177831079
75,57,372,194.91793144808406
73,59,368,196.66468925559565
63,128,330,197.40820651634522
71,71,357,198.09088823063013
70,68,357,199.83242980057065
282,316,671,200.66140635408692
69,71,353,201.37527157027003
68,70,353,201.94306128213466
74,198,317,202.41788458533006
110,296,349,203.0295544988463
66,62,352,207.40781084616847
55,72,341,210.83880098312076
53,70,339,213.60009363293827
285,346,660,214.0140182324513
305,277,713,214.7091055358389
52,71,336,215.60380330597138
194,392,458,215.8008341040414
294,347,665,218.08255317654368
311,274,719,218.908656749796
293,353,661,219.97272558205938
296,350,666,220.98416232843476
313,297,710,221.41589825484527
89,283,320,221.82200071228283
319,275,726,225.71885167172013
265,403,582,226.92069099136816
302,350,675,227.0704736419951
322,280,726,227.75864418282788
304,347,681,229.1025971044414
306,350,680,230.53416232740864
309,345,685,230.5558500667463
324,285,727,230.7899477880265
249,414,550,231.08872754853275
325,289,727,232.55106965997814
327,286,731,234.8297255459794
267,412,583,235.8495283014151
102,315,321,236.86282950264695
317,351,689,237.60471375795558
318,349,691,237.65521244020718
312,361,679,237.8570999570961
332,278,740,239.77072381756702
124,340,336,239.8207664069148
331,303,729,240.88171371027732
316,364,681,241.42286552851616
320,361,687,243.3105012119288
99,316,313,244.12496799794977
98,317,311,246.34934544260514
41,155,270,250.80071770232237
40,154,270,250.9222987301049
287,418,617,252.77064703006954
328,368,694,253.20742485164214
329,368,695,253.899586451022
95,319,300,256.7430622236948
277,429,599,256.78006153126455
36,87,280,258.3118270617898
51,207,258,261.92556194461054
50,208,257,263.00760445279906
54,228,258,264.51843035977663
49,209,254,266.0845730214362
62,239,258,266.5276721092952
79,280,269,267.44158240632663
251,455,518,270.0018518455012
240,455,507,270.266535109325
270,452,563,270.60118255469615
178,417,372,274.6506872374435
120,360,306,275.6700926832652
117,357,303,276.1159176867571
104,344,292,277.1461708196597
58,244,248,277.34815665513264
59,245,248,277.5626055505316
218,456,458,277.7804888756588
44,206,242,277.79488836189915
230,462,493,278.21754078418564
217,457,457,278.9767015361677
222,458,461,279.0931744059679
121,363,303,279.89283663573815
234,467,492,283.28960446864266
48,227,237,285.1105048924013
260,473,514,288.0433995077825
256,474,511,289.110705439975
39,207,230,289.836160614924
259,475,511,290.1103238424996
129,384,307,290.766229125736
211,459,421,290.99828178186897
250,478,496,293.901343991483
105,358,277,297.47773025892207
321,470,618,301.70515408259104
370,382,748,302.0761493398643
47,241,221,303.2160945596391
37,215,215,305.4766766874355
38,219,215,305.8954069612684
266,491,510,306.13232433050905
45,240,217,306.96742498187
263,492,507,307.23443817384793
42,227,214,307.8782226790326
46,243,216,308.5012155567624
31,122,216,309.48020938341114
123,385,282,310.1112703530783
340,468,650,311.8493225902535
237,493,468,312.1938500355188
364,424,721,312.92970456637704
368,424,723,314.2244420792246
28,121,209,316.53751752359466
92,354,251,316.8359196808342
112,376,266,317.00157728314224
214,487,417,318.76009787926716
326,494,608,321.5618136533006
291,505,552,321.69706246716026
268,509,507,324.2221460665511
109,376,256,325.0384592629002
341,490,634,325.96012026013244
347,485,647,326.165602110339
330,502,606,328.72176684850064
208,486,380,331.5448687583628
350,492,647,332.6153935102824
225,509,441,333.2566578479716
206,486,372,334.9776111921512
231,512,441,336.17406205714326
334,511,604,336.89909468563434
199,486,364,338.5646171707847
362,490,666,338.5764315483285
343,507,624,338.68717129528244
233,515,441,339.092907622675
25,129,184,339.6483475596488
356,499,654,341.79087173299405
243,521,443,344.4880259167218
354,511,638,347.0403434760864
314,530,557,347.0864445638867
301,534,539,349.57259617996374
235,524,431,350.2356349659469
280,536,507,351.20506830055854
246,527,439,351.2321169824878
26,160,166,353.8841618383055
359,516,645,354.1708627202413
24,138,162,360.0805465447974
27,177,159,360.0888779176608
22,134,162,360.62445840513925
21,135,161,361.4747570716384
15,100,167,362.1173842830526
16,109,162,365.0
14,106,162,365.6364314452268
367,528,650,367.16481312892716
386,472,748,367.16481312892716
380,485,731,367.3472471654034
13,110,157,369.68770604389863
82,350,188,369.845913861435
18,131,153,369.9621602272319
81,350,187,370.7411495909242
17,129,152,371.24789561693143
390,470,758,371.94892122440683
226,539,404,372.21096168705185
10,114,150,375.7685457831722
389,484,747,376.0119678946403
395,465,771,376.7014733180639
7,109,150,376.7452720340363
396,467,771,378.1904282236662
357,554,608,379.5813483299726
385,505,725,380.5732518188844
394,482,760,382.4787575800779
34,220,138,382.6042341637113
30,206,136,383.575285960918
33,215,135,385.1700922968968
119,421,214,385.64361786499205
288,569,482,385.77843381920667
399,477,773,387.0142116253614
400,477,774,387.6712524807585
289,571,480,387.9652046253633
60,316,153,388.73770077006935
32,217,128,392.3072775261759
29,206,127,392.56209699867867
65,322,150,393.6114835723165
300,578,491,393.99619287500735
403,480,782,395.2138661535043
61,321,144,398.8997367760475
107,414,187,403.3174928018868
113,422,191,404.6640582013678
392,541,713,405.4281687302943
56,321,135,407.3720658071685
122,435,197,407.6567183305091
67,331,135,410.8186948034376
375,580,634,411.40004861448426
64,328,133,411.6369759873377
57,323,131,411.8106360938241
125,443,196,413.3920657196991
155,470,218,414.5189983583382
273,589,426,414.566038165212
203,535,296,415.0048192491263
43,293,118,415.2890559598218
185,515,265,416.43246751424175
202,535,292,417.16783193338387
272,591,421,417.6601489249363
348,602,543,417.6900764921283
4,149,102,418.5510721524913
11,161,101,418.68842830916645
292,599,449,419.8761722222398
290,599,447,420.21423107743504
8,158,99,420.8669623527131
278,597,432,421.0855020064215
393,568,695,421.50326214633264
187,520,263,421.61712488939537
279,598,431,422.2712398447235
401,557,719,422.35530066521005
111,426,172,422.48076879308957
91,405,157,423.60830964465276
402,559,719,424.11790813404707
2,143,96,425.0799924720052
12,167,94,425.38100568784216
9,164,93,426.51729156037743
3,146,94,426.7856604901341
6,157,93,426.91919610155736
126,451,184,427.7627847300417
257,588,375,427.95443682709964
358,612,551,428.1973843918246
118,438,170,431.05684079944723
139,470,190,435.27692334880334
5,162,84,435.6076216045812
307,616,453,436.02408190374075
286,611,426,436.033255612459
283,611,423,436.6829513502903
336,624,490,439.95681606266766
19,190,79,440.028408173836
310,621,451,441.2708918566916
315,622,454,441.80765045435777
192,543,260,441.86536410992886
223,585,327,443.6935879635855
376,622,596,443.7319010393551
23,200,75,444.25330612163145
103,428,147,444.33433358227
404,587,710,445.06741062450305
106,430,147,445.4312517100703
20,199,67,452.21676218380054
384,627,621,453.61657818029533
245,600,332,455.18567640030153
378,634,596,455.554607045083
381,631,613,455.79820096178526
236,597,324,455.81684918396775
303,632,423,457.1925196238451
0,136,63,458.6251192422848
284,628,400,458.7046980356752
1,138,62,459.4104918262098
97,425,127,459.6346375111432
405,599,719,459.7782074000463
35,260,65,460.15323534666146
252,606,331,461.06940909151626
248,606,327,462.71481497786516
387,639,611,463.2278057284558
308,638,422,463.2688204487757
388,638,618,463.6917079267215
383,641,604,463.854503050256
262,614,337,466.00965655230794
254,611,328,466.858650985499
361,652,508,467.1295323569256
335,648,455,467.4023962283463
382,647,597,468.5381521285113
255,615,327,470.9182519291432
333,651,449,471.22818251883024
323,649,431,472.27110858065413
174,521,187,472.3557981013888
377,656,561,472.8689036086006
212,579,257,473.15959252666534
363,677,479,493.62333818408547
374,680,523,495.01616135233405
373,680,512,495.04949247524735
201,573,210,496.0090724976711
372,681,508,496.1219608120568
406,661,669,499.0751446425678
177,536,164,499.225399994832
196,571,200,500.75642781695774
198,574,200,503.07255937886333
408,675,660,509.88331998605327
409,675,665,511.2885682273759
264,645,292,512.9610121636927
391,700,553,516.1211098182287
181,545,140,522.7245928785062
352,701,417,525.9847906546348
351,701,414,526.574781014055
407,702,628,528.365403863652
344,700,398,529.023628961883
180,547,131,530.6486596609851
179,546,130,530.6995383453805
281,673,309,531.2664115112116
411,704,635,531.8054155421887
413,688,693,532.245244224878
241,640,240,533.7283953472964
215,614,201,534.008426899801
412,710,632,537.0232769629264
219,618,198,539.0083487294052
371,720,433,541.8680651228674
379,726,482,542.2637734534735
410,722,614,545.3384270340758
415,705,711,554.3139904422402
213,617,171,554.7323679036585
414,724,658,556.6345300104908
190,585,131,557.2647485710899
189,585,123,562.8641043804446
337,720,338,564.7884559726765
345,727,350,567.7367347635698
271,683,243,569.3680707591532
349,731,353,570.6767911874462
346,731,346,572.7521278877975
355,738,361,575.128681253161
274,688,240,575.1956188984752
338,730,326,578.1643364995804
397,763,492,578.6302791938908
398,765,489,580.7753438292641
339,733,324,581.6605539315865
342,735,327,582.5495687063891
276,695,234,584.2302628245134
365,754,364,589.733838269435
366,755,364,590.6987387831465
369,756,363,591.9265157095093
247,669,168,597.8770776673078
360,758,331,603.0530656584045
224,658,144,603.617428509151
239,668,143,612.0988482263302
238,668,142,612.713636211893
295,723,211,619.9258020118214
220,643,99,621.420952334245
258,687,134,632.6365465257284
261,689,134,634.2247235798995
353,781,246,655.5493879182559
297,737,165,655.7591021099136
298,738,164,657.1407763942213
299,741,166,658.5931976569451
269,714,114,666.2326920828788
