169,205,508,4.0
176,197,521,13.601470508735444
170,185,518,18.867962264113206
172,185,519,19.4164878389476
175,183,524,24.08318915758459
183,190,538,31.953090617340916
166,168,503,33.37663853655727
182,180,536,35.0
167,166,504,35.22782990761707
173,167,528,39.44616584663204
165,230,475,43.93176527297759
193,255,546,66.03029607687671
200,203,574,66.03029607687671
186,268,514,67.26812023536856
184,269,509,68.00735254367721
153,245,455,68.8839603971781
188,297,512,96.08329719571451
138,105,496,96.74709297958259
191,298,521,97.86725703727473
204,296,535,98.76234100101111
195,300,524,100.2845950283492
101,191,408,100.4987562112089
147,276,432,106.77546534667971
146,275,431,106.7941945987702
160,282,438,107.05606008068857
163,283,439,107.16809226630845
197,308,522,107.91200118615167
128,96,482,108.17116066678771
150,279,433,108.2081327812286
162,284,438,108.57716150277645
207,307,533,108.90821823902914
100,207,399,109.16501271011697
151,283,431,112.48555462813881
149,283,429,113.86395390991831
216,295,574,114.85643212288984
205,315,524,115.11733144926528
114,239,397,117.32433677630571
90,177,392,118.45674315968678
171,307,455,118.51160280748886
152,289,427,119.60351165413162
94,202,388,120.00416659433121
96,111,428,120.41594578792295
137,281,418,120.41594578792295
221,301,576,120.9297316626478
161,294,430,121.37956994486346
93,206,385,123.10158406779338
142,287,419,123.76186811776881
88,133,402,125.93649193144932
164,301,429,127.4401820463232
131,284,407,130.728726758888
229,265,622,130.73637596323374
140,294,412,133.6600164596728
141,296,412,135.05924625881784
232,283,616,135.60235986147143
158,307,418,139.05394636614957
154,307,416,140.356688476182
157,308,416,141.1134295522577
144,302,409,141.42842712835352
148,305,412,141.53444810363305
135,296,403,141.59802258506295
134,297,402,143.01048912579805
136,300,403,144.31216164966833
242,299,615,145.09651959988565
143,305,406,145.67086187704115
244,299,616,145.83552379307312
210,348,512,147.05441169852742
130,295,394,147.75655653811103
86,161,365,148.48905683584903
209,350,509,149.00335566691106
253,299,623,151.09268678529745
127,297,388,153.67498169838836
159,321,408,156.20499351813308
116,50,465,157.00318468107582
133,307,392,157.13688300332294
115,47,465,159.89058759038946
132,309,390,159.9624956044385
227,344,580,160.1030917877603
228,344,581,160.55528642807124
108,47,455,162.8649747490233
156,327,401,165.3027525481654
145,322,394,166.24379687675568
80,203,337,171.011695506477
72,143,334,183.412104289766
275,285,672,184.26068490049633
84,53,397,185.0
110,296,349,185.21878954360974
78,59,386,187.21111078138497
85,47,398,189.25115587493778
74,198,317,191.02355875650522
83,44,398,191.70028690641024
87,41,402,191.92706948213427
76,56,382,192.09633000138237
63,128,330,192.38762953994728
77,46,388,196.02295783912658
194,392,458,197.43606560099397
75,57,372,198.07069445023916
71,71,357,199.25109786397664
73,59,368,199.40912717325654
282,316,671,199.48433522459854
70,68,357,201.2212712413874
69,71,353,202.2992832414391
68,70,353,202.94334184693028
89,283,320,205.10485123467947
66,62,352,208.94257584322062
285,346,660,210.06903627141244
55,72,341,211.0213259365034
53,70,339,213.82703290276467
294,347,665,214.39449619801343
265,403,582,215.1278689523977
52,71,336,215.60148422494683
293,353,661,215.6687274502263
249,414,550,217.1013588165675
296,350,666,217.17504460687928
305,277,713,218.6343980255623
102,315,321,219.0091322296858
124,340,336,221.14474897677312
311,274,719,223.27113561766106
313,297,710,223.6515146382872
302,350,675,223.80795338861395
267,412,583,223.93302570188257
304,347,681,226.37358503146962
99,316,313,226.38462845343543
306,350,680,227.56317804073663
309,345,685,228.17756243767704
98,317,311,228.61539755668252
319,275,726,230.21728866442677
322,280,726,231.87280996270349
312,361,679,234.1815535006974
324,285,727,234.55702931270255
317,351,689,235.07658326596462
318,349,691,235.35717537394095
325,289,727,236.01906702637396
316,364,681,237.6930794112441
327,286,731,238.65037188322168
95,319,300,239.14012628582432
320,361,687,240.08540147205952
41,155,270,242.404620418011
40,154,270,242.5963726027246
287,418,617,242.8373941550189
331,303,729,243.402958075698
332,278,740,244.44426767670376
277,429,599,245.48930730278255
328,368,694,249.96999819978396
51,207,258,250.0719896349849
329,368,695,250.7149776140229
50,208,257,251.09759058979438
54,228,258,251.45377308761942
79,280,269,251.7180962902747
62,239,258,252.87150887357794
240,455,507,254.0019684963091
49,209,254,254.12595302329905
251,455,518,254.19677417308034
36,87,280,254.91174943497603
178,417,372,255.24889813670106
270,452,563,256.95524902208166
120,360,306,257.07002936943076
117,357,303,257.60628874311277
104,344,292,259.0463279029448
218,456,458,259.8557292037257
217,457,457,261.03064954139006
222,458,461,261.26232028365666
121,363,303,261.283371074395
230,462,493,261.43067914841214
58,244,248,263.53178176455305
59,245,248,263.69679558159214
44,206,242,266.04698833100895
234,467,492,266.48076853686837
129,384,307,271.82715096178305
260,473,514,272.06616842231597
48,227,237,272.2443755158222
211,459,421,272.27375929384016
256,474,511,273.0164830188829
259,475,511,274.0164228654918
250,478,496,277.25980595823836
39,207,230,278.0647406630334
105,358,277,279.3027031734566
47,241,221,289.77404990785493
266,491,510,290.0068964697219
321,470,618,290.6217472936256
263,492,507,291.00171820798585
123,385,282,291.43095237122634
37,215,215,293.33428030150174
38,219,215,293.5523803344132
45,240,217,293.6017711118242
237,493,468,294.72699231661835
46,243,216,295.00508470194205
42,227,214,295.14742079171214
112,376,266,298.6452745315084
92,354,251,299.0953025375023
214,487,417,300.1283058959951
370,382,748,300.60106453570654
340,468,650,302.4119706625384
31,122,216,302.49793387724156
109,376,256,306.80449801135575
291,505,552,307.1677066359678
268,509,507,308.00162337234525
364,424,721,308.37963616296065
28,121,209,309.517366233302
326,494,608,309.594896598765
368,424,723,309.7644266212633
208,486,380,312.4243908532111
225,509,441,315.2031091217217
341,490,634,315.27289766169247
206,486,372,315.7863201596928
347,485,647,316.1913977324494
330,502,606,316.55173352866035
231,512,441,318.1351913888182
199,486,364,319.3133257476111
233,515,441,321.06852851065923
350,492,647,322.49341078539885
334,511,604,324.5242671973854
243,521,443,326.5348373451139
343,507,624,327.2491405641885
362,490,666,329.3706119252293
356,499,654,331.84333653096
25,129,184,331.9036004625439
235,524,431,332.05120087119093
314,530,557,332.62892237446823
246,527,439,333.2221481234403
301,534,539,334.43983016381287
280,536,507,335.0014925339886
354,511,638,336.1547262794322
359,516,645,343.50254729768744
26,160,166,344.4488350974641
27,177,159,349.82424158425613
24,138,162,351.6887828748594
22,134,162,352.4272974671514
82,350,188,352.98866837336294
21,135,161,353.2208940592275
226,539,404,353.63823322712153
81,350,187,353.8954647915116
15,100,167,355.64307950528155
367,528,650,356.50105189185626
16,109,162,358.0223456713282
14,106,162,358.8049609467517
380,485,731,361.08863177895813
18,131,153,361.83559802761255
386,472,748,361.99585632987566
13,110,157,362.60446770551516
17,129,152,363.2079294288603
357,554,608,366.89099198535797
119,421,214,367.2002178648591
390,470,758,367.2342576612373
10,114,150,368.41959774148825
288,569,482,368.9173349139343
7,109,150,369.63224967526844
389,484,747,370.4186820342624
34,220,138,370.48751665879377
289,571,480,371.05794695707567
30,206,136,372.0336006330611
395,465,771,372.6459445640057
60,316,153,373.1621631409058
33,215,135,373.2626421167808
385,505,725,373.503681374093
396,467,771,374.0655022853618
300,578,491,377.3830944809266
394,482,760,377.4453602841079
65,322,150,377.89548819746443
32,217,128,380.33669294455404
29,206,127,381.03280698648507
399,477,773,382.623836162882
61,321,144,383.27013971871065
400,477,774,383.31710110559897
107,414,187,385.24018481980823
113,422,191,386.4324002979046
122,435,197,389.20046248687834
403,480,782,391.0460330958492
56,321,135,391.8277682860162
125,443,196,394.8518709592244
67,331,135,395.00506325868787
155,470,218,395.55151371218386
203,535,296,395.60080889704966
64,328,133,395.9217094325594
57,323,131,396.2486593037256
273,589,426,396.57029641666304
392,541,713,397.0201506221063
185,515,265,397.04533746160524
202,535,292,397.7587208346286
375,580,634,399.39579366838603
272,591,421,399.58603579204316
43,293,118,400.7043798113517
187,520,263,402.2263044605611
292,599,449,402.3493506891741
348,602,543,402.5245334138032
290,599,447,402.6474885057648
278,597,432,403.2269832240893
111,426,172,404.3772990661073
279,598,431,404.3983184930422
91,405,157,405.97660031090464
11,161,101,408.96087832456544
257,588,375,409.21632421006865
126,451,184,409.2383168766092
4,149,102,409.31650345423407
8,158,99,411.254179310071
393,568,695,411.895617845104
118,438,170,412.81109481214287
358,612,551,413.2432697576574
401,557,719,413.83209155405046
12,167,94,415.3937890724896
402,559,719,415.5538472929832
2,143,96,416.06249530569323
139,470,190,416.51530584121394
9,164,93,416.64613282736707
6,157,93,417.3260116503643
3,146,94,417.6374025395714
286,611,426,418.1196001146084
307,616,453,418.6287137786896
283,611,423,418.7182823808867
192,543,260,422.45473130265685
336,624,490,423.38280550820673
310,621,451,423.85020939006273
315,622,454,424.4490546579177
223,585,327,424.51972863460657
5,162,84,425.7898542708598
103,428,147,426.4387412044079
106,430,147,427.5067250933019
19,190,79,429.1410024688855
376,622,596,430.09882585284976
23,200,75,433.0011547328713
404,587,710,435.6604182158393
245,600,332,436.09288001525545
236,597,324,436.6600508404679
303,632,423,439.3017186399343
284,628,400,440.4463644985618
384,627,621,440.732345080322
20,199,67,441.0045351240733
378,634,596,441.85178510446235
97,425,127,441.9694559582144
252,606,331,441.98868763804353
381,631,613,442.6341604530766
248,606,327,443.60568075713365
308,638,422,445.3818586336898
35,260,65,446.9116243733206
262,614,337,447.0011185668331
254,611,328,447.7722635447622
0,136,63,449.7221364353772
387,639,611,449.94777474724776
335,648,455,450.1310920165369
383,641,604,450.3509742412022
1,138,62,450.4275746443594
405,599,719,450.4719747109691
388,638,618,450.63177872848695
361,652,508,451.0
255,615,327,451.83736011976697
174,521,187,453.2559983055933
212,579,257,453.7455233938953
333,651,449,453.8512972329153
323,649,431,454.56902666151814
382,647,597,454.7933596700814
377,656,561,458.07641283960476
201,573,210,476.64242362592944
363,677,479,476.88258512971515
373,680,512,479.0167011702202
374,680,523,479.2348067492594
372,681,508,480.0
177,536,164,480.1676790455601
196,571,200,481.4187366524074
198,574,200,483.7282294842839
406,661,669,487.3612623095931
264,645,292,493.7529746745836
408,675,660,497.7750495956984
409,675,665,499.3245437588663
391,700,553,501.0249494785664
181,545,140,503.7459677257973
352,701,417,508.21353779685955
351,701,414,508.7592750997273
344,700,398,510.980430153641
180,547,131,511.707924503813
179,546,130,511.77045635714455
281,673,309,512.2352974952039
241,640,240,514.339382120405
215,614,201,514.604702660207
407,702,628,515.1708454483813
411,704,635,518.7851192931424
219,618,198,519.6046574079181
413,688,693,520.9548924811053
412,710,632,523.8864380760396
371,720,433,524.3910754389323
379,726,482,525.6434152541055
410,722,614,531.6737721573259
213,617,171,535.3737012592233
190,585,131,538.1310249372359
415,705,711,543.3461143691009
189,585,123,543.7655744895957
414,724,658,544.0854712267183
337,720,338,546.1327677405925
345,727,350,549.2176253544673
271,683,243,550.0445436507847
349,731,353,552.2001448750262
346,731,346,554.2057379710174
274,688,240,555.8713880026565
355,738,361,556.7566793492468
338,730,326,559.4327484157501
397,763,492,562.2277118748239
339,733,324,562.9209535982827
342,735,327,563.8412897261072
398,765,489,564.3199447122173
276,695,234,564.8999911488759
365,754,364,571.44116057561
366,755,364,572.4089447239622
369,756,363,573.6287998348758
247,669,168,578.4669394183214
224,658,144,584.2473791126495
360,758,331,584.4467469325157
239,668,143,592.7174706384147
238,668,142,593.3338014979427
295,723,211,600.5772223453034
220,643,99,602.2001328462159
258,687,134,613.2470953865171
261,689,134,614.8333107436519
297,737,165,636.3528895196438
353,781,246,636.4306717938726
298,738,164,637.7342706801949
299,741,166,639.1901125643293
269,714,114,646.8423300928906
