85,47,398,10.04987562112089
83,44,398,10.198039027185569
84,53,397,11.40175425099138
76,56,382,11.661903789690601
78,59,386,13.152946437965905
87,41,402,14.866068747318506
75,57,372,19.4164878389476
73,59,368,23.853720883753127
70,68,357,38.01315561749642
66,62,352,39.395431207184416
71,71,357,39.824615503479755
68,70,353,42.43819034784589
69,71,353,43.01162633521314
55,72,341,53.71219600798314
53,70,339,54.56189146281496
52,71,336,57.697486947006624
108,47,455,67.00746227100382
96,111,428,76.32168761236873
115,47,465,77.00649323271382
116,50,465,77.10382610480494
88,133,402,88.11923740024082
63,128,330,100.43903623591775
128,96,482,106.47065323364932
72,143,334,111.01801655587259
36,87,280,115.52056094046635
86,161,365,117.27744881263405
138,105,496,123.06502346320826
90,177,392,131.06105447462264
101,191,408,146.37281168304446
94,202,388,156.0
40,154,270,159.9624956044385
93,206,385,160.0281225285106
41,155,270,160.63934760823702
100,207,399,161.37533888422976
80,203,337,165.07574019219177
167,166,504,166.90116836020053
166,168,503,167.6573887426379
74,198,317,167.7647161950331
173,167,528,185.04323819042943
31,122,216,188.04254837669055
170,185,518,190.31815467789718
172,185,519,191.0026177831079
175,183,524,193.04144632694815
114,239,397,193.2097306038182
28,121,209,194.07730418572905
168,201,508,196.02295783912658
169,205,508,199.20090361240835
182,180,536,199.64969321288726
176,197,521,201.2212712413874
165,230,475,203.5313243704762
51,207,258,206.93235609734887
183,190,538,207.9326814139615
50,208,257,208.33866659840174
153,245,455,209.97618912629116
49,209,254,211.00947846009194
44,206,242,216.60101569475614
25,129,184,220.238507078122
54,228,258,223.6604569431083
39,207,230,225.5770378385176
15,100,167,227.50164834567684
62,239,258,232.69937687926884
146,275,431,233.00214591286493
14,106,162,233.82899734635137
147,276,432,234.17087777945403
16,109,162,234.61670869739862
48,227,237,235.71593073019056
137,281,418,236.90715480964266
150,279,433,237.30571000294114
131,284,407,238.75719884434898
13,110,157,239.70189819857498
149,283,429,240.52026941611388
151,283,431,240.8692591427972
160,282,438,241.23847122712414
37,215,215,241.84705910967782
163,283,439,242.42524621004307
58,244,248,242.49536078036627
22,134,162,242.52834885843757
142,287,419,242.98559628093184
162,284,438,243.19539469323837
59,245,248,243.31255619059203
200,203,574,243.402958075698
21,135,161,243.82370680473218
24,138,162,244.00819658363937
38,219,215,244.65894629054543
152,289,427,246.1097316239242
7,109,150,246.19707553096563
89,283,320,246.5623653358314
10,114,150,247.52373623553763
130,295,394,249.07227866625382
140,294,412,249.15858403835898
26,160,166,249.55961211702507
18,131,153,249.899979991996
17,129,152,250.16994223927063
135,296,403,250.44959572736389
127,297,388,251.0
42,227,214,251.07170290576354
141,296,412,251.14935795259362
134,297,402,251.3901350490906
161,294,430,251.53131017827582
110,296,349,253.02371430362015
184,269,509,253.71243564319033
136,300,403,254.4425278918601
186,268,514,255.26456863419176
47,241,221,256.7372197403407
144,302,409,256.8598839834668
164,301,429,258.2750471880704
45,240,217,258.6058777367599
143,305,406,259.6247291765559
148,305,412,260.10959228755866
133,307,392,261.03064954139006
46,243,216,261.5205536855564
193,255,546,262.0019083899963
154,307,416,262.497619036821
79,280,269,262.5204753919206
158,307,418,262.7184805071771
132,309,390,263.00760445279906
157,308,416,263.4919353604584
27,177,159,263.8219096284461
171,307,455,269.462427807663
159,321,408,275.72631357924473
145,322,394,276.06520968785617
102,315,321,277.2183255125822
188,297,512,279.95892555873263
99,316,313,280.22312538404105
156,327,401,281.30055101261354
98,317,311,281.7268180347764
191,298,521,284.9438541186667
95,319,300,286.8327038536575
195,300,524,288.11803136909015
204,296,535,290.01551682625535
197,308,522,294.27877939124323
30,206,136,298.50293130889014
124,340,336,298.563226134767
207,307,533,298.573274088623
205,315,524,301.42494919963076
4,149,102,303.9819073563425
33,215,135,304.253184042501
34,220,138,304.591529757477
29,206,127,306.13885738337757
2,143,96,307.6897788357618
11,161,101,309.18279382915216
8,158,99,309.9435432461854
3,146,94,310.5414626100676
216,295,574,310.80057915003954
32,217,128,311.1928662421425
104,344,292,313.0814590485997
6,157,93,315.1920049747455
221,301,576,316.8106690122667
9,164,93,317.7247236209357
12,167,94,317.9260920402728
229,265,622,320.4949297570868
117,357,303,322.4065756153246
120,360,306,324.530430006186
5,162,84,325.37977810552394
210,348,512,326.4659247149693
209,350,509,327.19566011791784
121,363,303,328.1981109025462
232,283,616,328.8662342047295
105,358,277,331.15706243412654
92,354,251,337.0949421157191
0,136,63,337.23137457834497
1,138,62,338.73293314940605
242,299,615,339.90881130091344
244,299,616,340.57745080965066
19,190,79,340.90614544182097
253,299,623,345.30276569989996
129,384,307,347.57013680694723
23,200,75,348.8337713008877
112,376,266,351.8295041635934
194,392,458,353.00991487492246
227,344,580,354.4968265020154
228,344,581,355.0394344294729
123,385,282,355.18586683594265
109,376,256,355.42087727087727
20,199,67,355.59808773389096
60,316,153,357.94552658190884
82,350,188,363.8900932974131
81,350,187,364.4406673246003
65,322,150,364.44478319767455
43,293,118,365.9357867167408
61,321,144,367.6424893833682
275,285,672,371.183243156261
178,417,372,371.3448532025185
56,321,135,373.6763305321866
57,323,131,377.85976234576765
64,328,133,380.1960020831361
67,331,135,381.09578848368295
35,260,65,387.45967532118743
282,316,671,391.1380830346235
305,277,713,398.73048541590094
311,274,719,401.92661021634285
249,414,550,402.07959411041986
285,346,660,404.9493795525559
265,403,582,406.3065345278119
313,297,710,408.27074350239695
319,275,726,408.27074350239695
294,347,665,409.05989781448875
293,353,661,410.8259972299708
322,280,726,411.0960958218893
296,350,666,411.9465984809196
119,421,214,413.4017416509031
211,459,421,414.3163042893678
267,412,583,414.70591989987315
324,285,727,414.77945947213925
218,456,458,415.9326868617084
217,457,457,416.7517246515004
325,289,727,417.09711099455006
302,350,675,418.07296013973445
222,458,461,418.4172558583119
327,286,731,418.6275194011975
107,414,187,419.3149174546501
304,347,681,420.05951959216446
309,345,685,421.43801442204995
306,350,680,421.5210552273753
332,278,740,421.5779880401727
113,422,191,424.4820373113567
240,455,507,425.9600920274105
91,405,157,426.89811430832066
331,303,729,427.0011709585818
318,349,691,428.5067093990478
317,351,689,428.51604404036027
312,361,679,428.84262847809333
230,462,493,429.04661751376153
251,455,518,429.16313914407885
316,364,681,432.40374651475906
122,435,197,433.3612811500354
234,467,492,433.65539314068263
320,361,687,434.3109485150012
287,418,617,436.83520920365385
111,426,172,437.09953099951963
277,429,599,437.27565676584373
208,486,380,440.07272126320214
206,486,372,440.29081298614443
199,486,364,440.65405932545315
125,443,196,440.99092961193656
214,487,417,441.9524861339735
270,452,563,442.1097148898676
328,368,694,444.20715887972807
329,368,695,444.8966172044917
260,473,514,445.2022012524197
250,478,496,445.29540756670735
256,474,511,445.3234779348603
259,475,511,446.28466251933867
118,438,170,448.5398533017997
103,428,147,451.66912668456763
106,430,147,453.3618863557015
126,451,184,453.47657050833396
237,493,468,454.1024113567335
155,470,218,456.8106828873423
97,425,127,460.1760532665732
266,491,510,461.42063239521485
263,492,507,461.6026429733695
225,509,441,466.02360455238744
139,470,190,467.9529890918531
231,512,441,469.00426437293726
233,515,441,471.9851692585266
268,509,507,478.0481147332348
243,521,443,478.17360864020924
235,524,431,479.9302032587655
321,470,618,482.36500702269024
246,527,439,483.6961856372241
185,515,265,484.8608047677189
291,505,552,487.41871117141164
187,520,263,490.2050591334202
370,382,748,492.4388286883966
226,539,404,493.2595665570005
340,468,650,496.7172233776477
203,535,296,497.5791394341206
202,535,292,498.33422519429666
326,494,608,499.10319574212303
364,424,721,503.75887088963503
280,536,507,504.24299697665606
368,424,723,505.0831614694752
330,502,606,505.4305095658552
341,490,634,507.5943262094248
347,485,647,509.70775940729015
301,534,539,510.82775962157734
314,530,557,512.6568052801016
334,511,604,512.7192214068046
192,543,260,513.2182771492068
350,492,647,515.748969945651
174,521,187,515.7770836320668
343,507,624,517.8967078481963
362,490,666,523.8511238892211
356,499,654,525.3237097257271
354,511,638,527.9441258315126
288,569,482,531.3802781436285
289,571,480,533.0
359,516,645,535.6762081705701
177,536,164,538.772679337028
300,578,491,541.8791378158048
257,588,375,542.1558816429091
223,585,327,542.4407801778918
273,589,426,544.3280261019086
272,591,421,545.9981684950967
367,528,650,548.6055048939994
212,579,257,548.8624600025037
278,597,432,552.7540140062305
357,554,608,553.5919074553024
279,598,431,553.6722857431099
236,597,324,554.7044257981001
290,599,447,556.138471965391
201,573,210,556.2490449430003
292,599,449,556.3542037227722
245,600,332,556.8231317034163
380,485,731,557.1086070058512
181,545,140,557.2297551279903
196,571,200,557.6459450224668
386,472,748,557.7418757812613
198,574,200,560.4712303053566
179,546,130,562.640204749003
390,470,758,562.7397266943218
252,606,331,562.8934179753747
180,547,131,563.0719314616916
248,606,327,563.3125242704976
283,611,423,566.0830327787612
286,611,426,566.2764342615716
389,484,747,566.325877918359
395,465,771,567.6706791793989
254,611,328,568.1769090697017
396,467,771,569.1484867765178
385,505,725,569.4295391003175
262,614,337,570.2850164610675
255,615,327,572.2604302238623
394,482,760,573.131747506627
307,616,453,573.6941693969009
348,602,543,577.2010048501302
399,477,773,577.9152186956146
310,621,451,578.4410082281511
400,477,774,578.581887030695
315,622,454,579.7689194843063
284,628,400,582.1236981948081
403,480,782,586.1672116384539
336,624,490,586.9310010554904
303,632,423,587.0442913443585
375,580,634,587.9387723224247
358,612,551,589.0033955759508
392,541,713,592.1570737566174
308,638,422,592.9755475565582
190,585,131,597.1348256466039
215,614,201,597.9908026048561
189,585,123,600.6213449420525
219,618,198,602.7304538514708
323,649,431,604.5312233458252
393,568,695,605.5848412898064
335,648,455,605.7169305872175
264,645,292,606.6440471973659
333,651,449,608.0674304713252
401,557,719,608.8365954835501
402,559,719,610.5161750518982
213,617,171,610.8436788573653
241,640,240,612.1601097752123
376,622,596,612.4050946881484
361,652,508,617.7669463478926
378,634,596,623.7050585012117
384,627,621,625.9792328823696
381,631,613,626.7774724732853
404,587,710,629.5752536432798
281,673,309,631.9572770369845
383,641,604,632.9936808531346
387,639,611,633.5440000505096
377,656,561,634.0575683642613
388,638,618,635.1094393882049
382,647,597,636.303386758235
363,677,479,637.5280385990878
405,599,719,644.4920480502456
373,680,512,646.0123837822306
372,681,508,646.2391198310421
374,680,523,648.2136993307068
271,683,243,653.294726750492
344,700,398,654.0764481312563
351,701,414,655.5158274214285
352,701,417,655.6416704267659
274,688,240,658.8383716815529
224,658,144,658.8474785563044
247,669,168,660.703413037953
220,643,99,663.2721914870244
276,695,234,667.0209891750034
239,668,143,668.5125279304795
238,668,142,668.8796603276257
391,700,553,674.493143034086
371,720,433,675.5005551441094
337,720,338,675.8520548167328
406,661,669,676.1553076032162
345,727,350,682.0593815790528
408,675,660,685.2919086053768
349,731,353,685.8935777509511
346,731,346,686.2863833706742
379,726,482,686.466313812994
338,730,326,686.804193347711
409,675,665,687.2917866525105
258,687,134,689.4903915211581
339,733,324,689.9746372150211
261,689,134,691.3501283720138
342,735,327,691.695019499201
355,738,361,692.5265337876954
407,702,628,698.5241584941783
295,723,211,699.7556716454679
411,704,635,702.8321278939943
412,710,632,707.4121853629608
365,754,364,708.4066628709812
366,755,364,709.4060896270909
369,756,363,710.4400045042509
413,688,693,710.7664876736944
410,722,614,712.7776651944139
360,758,331,714.2779571007354
269,714,114,722.0110802473879
397,763,492,724.5032781154272
398,765,489,726.0592262343341
297,737,165,726.0922806365593
298,738,164,727.3513593855448
299,741,166,729.5950931852543
414,724,658,729.7835295483175
415,705,711,733.9005382202687
353,781,246,748.5913437917914
