56,321,135,4.47213595499958
64,328,133,5.385164807134504
67,331,135,8.94427190999916
61,321,144,13.152946437965905
65,322,150,19.026297590440446
60,316,153,23.08679276123039
43,293,118,32.69556544854363
81,350,187,62.16912416947821
82,350,188,63.071388124885914
91,405,157,86.02325267042627
35,260,65,91.2414379544733
97,425,127,102.07840124139877
34,220,138,103.23759005323593
32,217,128,106.04244433244644
103,428,147,106.21205204683694
107,414,187,106.85036265731624
33,215,135,108.07404868885037
106,430,147,108.18964830333815
111,426,172,110.86027241532469
113,422,191,115.76268828944843
46,243,216,116.72617529928752
29,206,127,117.06835610018618
30,206,136,117.10678887237921
45,240,217,119.5198728245642
118,438,170,121.43310915891102
47,241,221,121.75385004179539
92,354,251,123.9395013706284
42,227,214,126.90547663517127
119,421,214,128.42507543311004
122,435,197,130.0
38,219,215,133.68619973654722
23,200,75,135.14806694880988
109,376,256,135.77186748365804
125,443,196,136.4734406395618
37,215,215,136.82105101189657
126,451,184,138.53880322855397
20,199,67,139.54210834009928
59,245,248,140.61649974309557
58,244,248,141.1736519326464
19,190,79,142.80406156688963
48,227,237,143.01048912579805
79,280,269,144.5441109142811
112,376,266,145.03103116229988
27,177,159,148.66068747318505
105,358,277,150.136604464068
62,239,258,152.26621424334422
39,207,230,152.50245899656832
139,470,190,158.39823231336896
54,228,258,158.60012610335465
12,167,94,160.3277892319357
44,206,242,161.27616066858735
104,344,292,162.36378906640482
123,385,282,163.23296235748464
9,164,93,163.47782724271815
11,161,101,164.75436261295178
26,160,166,166.715326230074
49,209,254,167.70509831248424
5,162,84,167.72000476985446
8,158,99,168.07438829280326
95,319,300,169.04733065032408
6,157,93,170.29386365926402
50,208,257,170.59015211904818
155,470,218,170.8156901458411
51,207,258,172.00290695217916
117,357,303,175.32826355154492
4,149,102,176.40011337864837
121,363,303,176.58992043715293
120,360,306,178.86866690396056
98,317,311,180.0999722376436
3,146,94,180.8258831030558
99,316,313,182.13456563760764
2,143,96,183.3712082089225
129,384,307,186.27130750601393
24,138,162,187.57931655702342
102,315,321,190.16834647227702
21,135,161,190.3785702225962
22,134,162,191.52545522723605
89,283,320,193.18643844742311
18,131,153,193.25630649476875
17,129,152,195.13328778042973
1,138,62,197.44872752185566
0,136,63,198.97989848223364
25,129,184,201.10942295178512
124,340,336,205.70367036103173
174,521,187,205.7668583615933
10,114,150,209.86185932655795
13,110,157,214.5809870421888
7,109,150,214.84180226389836
177,536,164,215.5411793602327
16,109,162,216.23366990364843
28,121,209,216.53637107885595
41,155,270,218.04815981796315
31,122,216,218.23381956058049
40,154,270,218.81956036881164
14,106,162,219.20310216782974
110,296,349,219.66565503054863
181,545,140,222.1823575354263
179,546,130,223.0022421411946
180,547,131,224.0
74,198,317,224.10042391749283
15,100,167,225.88713996153035
185,515,265,234.13671220037236
187,520,263,237.1349826575573
80,203,337,238.40302011509837
192,543,260,255.03137061938085
196,571,200,257.41989045137905
127,297,388,258.3118270617898
178,417,372,258.68320393871727
132,309,390,259.37810239108467
198,574,200,260.3113520382851
133,307,392,261.48996156640504
190,585,131,262.0
189,585,123,262.1221089492453
201,573,210,262.1850491542186
145,322,394,263.0019011338131
130,295,394,264.48629454094595
202,535,292,266.20480837129895
203,535,296,268.6428856307198
156,327,401,270.0296280040396
72,143,334,271.309786038027
134,297,402,272.2443755158222
136,300,403,272.9706943977686
135,296,403,273.33678859604686
143,305,406,275.5884612969128
159,321,408,277.0072201225087
63,128,330,278.61442891566116
131,284,407,278.7418160233588
144,302,409,278.792037189013
114,239,397,278.94802383239784
36,87,280,279.1003403795846
93,206,385,279.6515689210415
148,305,412,281.5759222660915
141,296,412,282.29417280560364
140,294,412,282.49247777595775
94,202,388,284.05985284795173
199,486,364,284.35541141325234
86,161,365,284.60498941515414
212,579,257,285.3278815678552
157,308,416,285.3944638566067
154,307,416,285.44876948412303
158,307,418,287.4456470360962
137,281,418,290.05689097140925
142,287,419,290.24127893874777
206,486,372,290.9467305195231
100,207,399,292.0273959751037
213,617,171,296.70861126701396
208,486,380,297.6071235706565
152,289,427,297.9463038871266
164,301,429,298.8109770406703
90,177,392,299.06019460971396
215,614,201,299.3008519867593
161,294,430,300.40306256761096
149,283,429,300.6725793949292
219,618,198,302.51280964613716
151,283,431,302.65491900843114
146,275,431,303.8157336281319
147,276,432,304.64733709651887
150,279,433,305.1884663613617
101,191,408,306.843608374038
162,284,438,309.46728421595714
160,282,438,309.7256850827842
163,283,439,310.5865418848666
211,459,421,320.30610359467084
220,643,99,321.5960198758685
171,307,455,324.39482116704636
52,71,336,324.85227411855993
223,585,327,327.2002444986862
55,72,341,327.26289126633344
53,70,339,327.5255715207593
214,487,417,329.6846978553903
88,133,402,330.96978714076005
153,245,455,333.2566578479716
194,392,458,334.20053859920694
236,597,324,335.1492204973779
241,640,240,335.21634805003174
224,658,144,335.2521439155908
69,71,353,335.8392472597567
68,70,353,336.590255355083
71,71,357,338.49667649771686
70,68,357,340.7359681630338
66,62,352,341.9970760108922
245,600,332,342.24260401066374
248,606,327,344.2455518957362
238,668,142,345.1753177734468
239,668,143,345.20863256876993
252,606,331,346.5385981387932
247,669,168,347.9727000786125
226,539,404,348.11635985687315
254,611,328,348.9312253152475
255,615,327,351.68167424533226
217,457,457,352.4656011584677
218,456,458,353.01274764518064
73,59,368,354.7745763157219
165,230,475,356.3495474951526
262,614,337,356.534710792652
222,458,461,356.5459297201414
75,57,372,358.93871343169434
264,645,292,360.00694437746614
257,588,375,360.22354170709053
235,524,431,361.1107863246403
225,509,441,361.51901748040865
231,512,441,363.0716182793692
258,687,134,364.01236242743187
233,515,441,364.6422904710862
96,111,428,364.9013565335158
261,689,134,366.0122948754591
76,56,382,366.4560000873229
78,59,386,367.04359414107745
246,527,439,369.43199644860215
243,521,443,369.5240181639077
271,683,243,377.01989337434173
237,493,468,377.4506590271105
77,46,388,377.85976234576765
209,350,509,378.9630588856914
84,53,397,379.01978840160837
274,688,240,380.9278146840947
210,348,512,381.8193290026056
184,269,509,381.8376618407357
188,297,512,381.88610867639585
85,47,398,384.0117185711915
276,695,234,385.9961139700761
83,44,398,386.17353612074453
186,268,514,386.9289340434494
230,462,493,387.76926128820475
234,467,492,388.66052024871266
191,298,521,390.80046059338264
87,41,402,391.10740212887816
197,308,522,391.28761799985443
269,714,114,391.3693907295255
281,673,309,392.6627051299881
205,315,524,393.0814165029937
195,300,524,393.6724526811598
272,591,421,394.87213120198794
169,205,508,395.03544144797945
168,201,508,396.2486593037256
250,478,496,396.547601177967
273,589,426,397.2165656162895
240,455,507,398.4971769034255
207,307,533,402.318281960937
166,168,503,403.0
167,166,504,404.6949468426805
204,296,535,404.90122252223443
284,628,400,406.6767758306343
279,598,431,406.97051490249265
278,597,432,407.03439658092776
295,723,211,407.9215610874228
251,455,518,408.8924063858364
256,474,511,408.90218879335924
259,475,511,409.2725253422223
176,197,521,409.8487525905136
283,611,423,410.13168616921075
170,185,518,410.86859213135284
260,473,514,411.32590484918404
172,185,519,411.8106360938241
263,492,507,412.2341567604509
286,611,426,412.27296782592964
266,491,510,414.566038165212
297,737,165,415.3937890724896
298,738,164,416.30998066344745
175,183,524,417.1918024122718
128,96,482,418.0071769718793
299,741,166,419.4627516240268
268,509,507,419.49016675006817
290,599,447,419.5616760382197
193,255,546,420.53418410397984
292,599,449,421.070065428546
303,632,423,425.14115303037886
138,105,496,425.1458573242835
108,47,455,425.6195484232368
173,167,528,426.5501142890481
289,571,480,428.1413318052813
183,190,538,428.1798687467686
288,569,482,428.62221127701724
249,414,550,428.7680025375028
308,638,422,428.84262847809333
182,180,536,429.5043655191411
116,50,465,431.3757063164313
280,536,507,432.1400236034612
115,47,465,433.280509600882
307,616,453,435.35387904554153
310,621,451,437.2687960511246
315,622,454,440.1477024817919
300,578,491,441.16323509558225
323,649,431,443.0304729925471
216,295,574,443.88399385425015
221,301,576,445.54348833755836
337,720,338,447.7253622478852
227,344,580,449.49082304314067
228,344,581,450.48973351231876
270,452,563,450.8491987350094
338,730,326,451.3025592659541
339,733,324,453.15449903978663
342,735,327,456.24554792348385
333,651,449,456.84570699526114
265,403,582,458.0403912320397
291,505,552,458.6556442474027
335,648,455,458.9128457561414
200,203,574,458.9651402884537
301,534,539,459.3310353111359
345,727,350,459.53998737868284
267,412,583,460.6788469204984
346,731,346,461.182176585349
344,700,398,461.971860614908
349,731,353,464.4868135910857
336,624,490,468.4890607047298
351,701,414,472.200169419707
353,781,246,472.2171110834507
314,530,557,473.6296021154083
352,701,417,474.0042193905029
355,738,361,474.4733922992943
360,758,331,478.77447718106276
277,429,599,479.8541445064323
242,299,615,484.5946759922152
244,299,616,485.59345135617303
232,283,616,486.6466890876789
365,754,364,489.9489769353539
366,755,364,490.8288907552203
369,756,363,491.2361957348013
253,299,623,492.585018042571
229,265,622,494.41379430594367
287,418,617,495.19794022188745
363,677,479,496.4070910049533
348,602,543,497.5791394341206
371,720,433,498.8115876761485
361,652,508,500.3698632012124
326,494,608,506.7247773693329
330,502,606,507.60811656237337
321,470,618,508.7022704883476
334,511,604,508.9921413931653
358,612,551,509.82447960057783
372,681,508,519.8971052044818
373,680,512,522.1206757062969
343,507,624,526.2176355843654
285,346,660,529.4997639281816
357,554,608,529.9905659537724
341,490,634,529.9981132041887
374,680,523,530.2009053179747
293,353,661,530.8483775994799
379,726,482,534.4249245684562
294,347,665,534.5390537650172
296,350,666,535.680875148628
340,468,650,538.8747535374059
282,316,671,540.0453684645393
354,511,638,540.7337607362796
347,485,647,540.8326913195984
275,285,672,542.3329235810786
350,492,647,542.9705332704528
377,656,561,543.8648729234128
302,350,675,544.6696246349708
359,516,645,549.0400713973435
312,361,679,549.3159382359117
306,350,680,549.6635334456889
304,347,681,550.5233873324547
316,364,681,551.5260646605924
356,499,654,551.8197169366097
376,622,596,552.834514117923
309,345,685,554.4366510251645
320,361,687,557.2970482606202
367,528,650,558.0197129134418
317,351,689,558.7020672952625
378,634,596,559.4157666709082
362,490,666,560.458740675886
318,349,691,560.6032465121835
328,368,694,564.7955382260026
375,580,634,564.8521930558471
329,368,695,565.7923647416957
391,700,553,565.8736608113157
382,647,597,567.5667361641272
398,765,489,568.7952179827113
397,763,492,569.1405801732996
383,641,604,569.9587704387046
381,631,613,572.0034964928099
387,639,611,574.6790408567203
384,627,621,576.6420033261538
313,297,710,579.5834711238753
388,638,618,579.994827563143
305,277,713,583.8150392033422
311,274,719,590.0381343608225
322,280,726,596.5517580227217
319,275,726,596.9329945647166
325,289,727,596.9690109210025
324,285,727,597.2101807571603
331,303,729,598.3343546880791
364,424,721,598.5824922264266
368,424,723,600.5539109855167
327,286,731,601.1397508067488
332,278,740,610.6602983656298
393,568,695,614.9154413413279
370,382,748,619.8144883753525
385,505,725,621.2567907073532
380,485,731,621.4853176061362
392,541,713,621.4885356947464
407,702,628,625.0199996800102
410,722,614,626.4902233874045
411,704,635,631.8045583881142
401,557,719,632.8506932918696
412,710,632,633.0639778095102
402,559,719,633.5929292534759
386,472,748,634.736165662553
406,661,669,635.3644623363822
408,675,660,635.4093168973839
404,587,710,636.3466036681582
389,484,747,636.692233343552
409,675,665,639.577985862553
390,470,758,644.001552793159
394,482,760,648.7850183227107
405,599,719,649.5536929307692
395,465,771,655.5638794198472
396,467,771,656.0
399,477,773,660.2120871356416
400,477,774,661.1845430740195
414,724,658,662.2159768534734
403,480,782,669.664094901317
413,688,693,670.1261075349922
415,705,711,694.4955003453946
