163,283,439,1.4142135623730951
160,282,438,2.0
150,279,433,7.0710678118654755
151,283,431,7.0710678118654755
149,283,429,9.055385138137417
147,276,432,10.0
146,275,431,11.40175425099138
152,289,427,12.083045973594572
161,294,430,12.806248474865697
142,287,419,19.235384061671343
164,301,429,19.235384061671343
137,281,418,20.223748416156685
140,294,412,27.85677655436824
171,307,455,28.600699292150182
141,296,412,28.635642126552707
158,307,418,30.479501308256342
131,284,407,31.0
154,307,416,31.827660925679098
157,308,416,32.55764119219941
148,305,412,33.421549934136806
144,302,409,34.132096331752024
135,296,403,37.0
134,297,402,38.27531841800928
143,305,406,38.27531841800928
136,300,403,38.48376280978771
153,245,455,42.5440947723653
130,295,394,45.35416188179427
159,321,408,47.634021455258214
133,307,392,51.42956348249516
127,297,388,51.66236541235796
132,309,390,54.120236510939236
156,327,401,56.72741841473134
145,322,394,58.137767414994535
114,239,397,60.876925020897694
165,230,475,65.45991139621256
184,269,509,72.56721022610694
188,297,512,75.13321502504735
186,268,514,77.6659513557904
191,298,521,84.17244204607586
100,207,399,86.31338250816034
197,308,522,87.36131867136622
195,300,524,87.47571091451616
110,296,349,89.80534505250787
205,315,524,91.4166286842826
93,206,385,94.30270409696638
94,202,388,96.04165762834376
209,350,509,96.93812459502195
101,191,408,97.71898484941399
204,296,535,97.73944955850733
207,307,533,97.74456506629922
210,348,512,97.83659846908007
169,205,508,105.55093557141026
168,201,508,108.57716150277645
194,392,458,109.83624174196785
193,255,546,111.8257573191436
124,340,336,116.36150566231085
90,177,392,116.46887996370532
89,283,320,118.00423721205946
176,197,521,120.24142381059865
102,315,321,121.03718436910205
170,185,518,127.283148923964
172,185,519,127.91403363196706
99,316,313,129.0310040261642
80,203,337,129.46814279968643
98,317,311,131.21737689803132
175,183,524,132.6536844569347
166,168,503,132.9699214108213
167,166,504,135.20355024924456
216,295,574,136.444127759314
183,190,538,137.2443077143821
221,301,576,139.04315876734103
95,319,300,142.36923825040296
182,180,536,142.89856542317
86,161,365,143.0314650697531
173,167,528,147.61097520171052
74,198,317,148.44864431849825
178,417,372,148.47558721890948
120,360,306,152.31546211727817
117,357,303,153.47312468311839
227,344,580,154.1557653803451
228,344,581,155.07740002979156
88,133,402,155.23208431248997
121,363,303,156.41611170208776
104,344,292,157.84802817900513
200,203,574,158.2940302096071
129,384,307,164.80594649465777
79,280,269,169.04733065032408
249,414,550,171.5925406304132
218,456,458,173.1588865753069
96,111,428,173.2887763243771
217,457,457,174.04022523543227
72,143,334,175.2055935180153
222,458,461,175.5135322418189
211,459,421,175.82377541163197
105,358,277,177.19198627477485
242,299,615,177.63445611704955
232,283,616,178.0028089666003
244,299,616,178.63090438107287
240,455,507,184.39631232755173
229,265,622,184.97837711473198
62,239,258,185.53975315279473
253,299,623,185.60711193270586
123,385,282,185.84133017173548
230,462,493,186.30351580150065
265,403,582,186.80738743422327
138,105,496,188.16216410320115
54,228,258,188.50994668717087
251,455,518,188.7882411592417
63,128,330,189.73665961010275
234,467,492,190.80094339389416
128,96,482,193.08029417835473
267,412,583,193.4140636044856
59,245,248,193.96133635340834
58,244,248,194.164878389476
112,376,266,195.05896544378575
51,207,258,195.77793542685038
50,208,257,196.30843079195554
49,209,254,198.69826370655582
92,354,251,199.6722314193939
250,478,496,202.48456731316588
256,474,511,203.54115063052976
260,473,514,203.70812453115363
109,376,256,203.93136100168604
214,487,417,204.08331631958552
259,475,511,204.47493733951845
48,227,237,208.92582415776178
270,452,563,209.40152817016403
208,486,380,210.16184239771025
44,206,242,210.95023109728987
237,493,468,211.14213222377006
41,155,270,211.81359729724625
40,154,270,212.4241040936739
206,486,372,212.5088233462319
199,486,364,215.1278689523977
277,429,599,216.6702563805194
263,492,507,219.14607000811125
266,491,510,219.16432191394657
47,241,221,221.21934815924217
39,207,230,221.79495034828903
287,418,617,223.6000894454204
225,509,441,225.01999911119012
45,240,217,225.33752461585266
46,243,216,225.75429121059915
71,71,357,227.8815481779953
231,512,441,228.01973598791838
69,71,353,229.3338178289456
68,70,353,230.2628932329306
285,346,660,230.4951192541829
70,68,357,230.68810112357335
78,59,386,230.93072554339753
233,515,441,231.01947969814148
42,227,214,231.1384866265244
38,219,215,232.28000344411913
55,72,341,233.13729860320507
37,215,215,233.43093196918014
293,353,661,233.43093196918014
275,285,672,234.00213674238105
84,53,397,234.61031520374377
76,56,382,234.77648945326703
282,316,671,235.1871595134394
268,509,507,235.34230388946224
116,50,465,235.55254190944322
294,347,665,235.58013498595335
73,59,368,235.63743335896356
53,70,339,235.79016094824652
52,71,336,236.1630792482178
75,57,372,236.40008460235373
243,521,443,237.05273674859777
296,350,666,237.36048533822978
108,47,455,237.60892239139505
66,62,352,238.0756182392477
115,47,465,238.53301658261063
235,524,431,240.10206163213175
85,47,398,240.3518254559345
246,527,439,243.00205760445732
77,46,388,243.19539469323837
83,44,398,243.3105012119288
87,41,402,245.65219315121126
302,350,675,246.01829200285087
291,505,552,248.67046467162118
306,350,680,250.83859352181037
304,347,681,251.03386225766437
36,87,280,252.53316613862822
312,361,679,253.00197627686626
309,345,685,254.42091109026396
316,364,681,255.8300216940928
226,539,404,257.25668115716644
82,350,188,258.5652722234755
321,470,618,258.8358553214759
81,350,187,259.53227159642404
317,351,689,259.7883754135277
320,361,687,260.6338427756457
318,349,691,261.21638539724114
280,536,507,261.27571643763605
119,421,214,262.5737991498771
328,368,694,269.4290259047826
301,534,539,269.6312296452323
326,494,608,270.1851217221259
329,368,695,270.37936311782374
313,297,710,272.31048455760936
314,530,557,273.27092783536267
31,122,216,274.8235797743709
305,277,713,275.0890764825096
330,502,606,275.2235455043772
340,468,650,280.713376952364
28,121,209,281.0871750898643
311,274,719,281.1778796420515
334,511,604,281.2205540141047
107,414,187,282.66764936936096
113,422,191,282.936388610585
341,490,634,284.3448610402516
122,435,197,284.39760899135564
60,316,153,286.7908645685912
322,280,726,288.0277764383151
155,470,218,288.0902636327719
319,275,726,288.1405906844782
288,569,482,288.37649002649295
203,535,296,288.38342532122056
185,515,265,288.60006930006097
324,285,727,289.0017300986276
325,289,727,289.0432493589843
125,443,196,289.56001105124994
347,485,647,289.968963856479
289,571,480,290.05689097140925
202,535,292,290.37389689846435
343,507,624,290.38767191463205
65,322,150,290.4961273407961
331,303,729,291.61961525247233
327,286,731,293.0068258590574
187,520,263,293.8043566729398
350,492,647,294.8643756034289
61,321,144,296.31908477180474
25,129,184,297.5583976297762
300,578,491,298.73901653449957
27,177,159,298.8143236192
26,160,166,298.9314302645341
111,426,172,301.5294347157504
332,278,740,302.0595967685847
354,511,638,302.5376009688713
126,451,184,303.9819073563425
356,499,654,304.76384299978895
273,589,426,305.235974288746
56,321,135,305.25071662487545
91,405,157,305.9444394003591
67,331,135,306.62354769325856
34,220,138,306.7507131206055
362,490,666,307.2783754187723
272,591,421,307.4703237712544
64,328,133,308.15742729974886
118,438,170,309.0954545120326
57,323,131,309.46728421595714
139,470,190,310.0
257,588,375,310.4593371119638
33,215,135,310.75713990188547
359,516,645,310.9228200052225
30,206,136,311.91024349963243
24,138,162,312.23708940483033
278,597,432,313.05750270517393
279,598,431,314.0780157858872
22,134,162,314.1273627050022
192,543,260,314.2689930616764
21,135,161,314.5313974788527
290,599,447,315.12854520020875
292,599,449,315.1920049747455
364,424,721,315.7356489216889
32,217,128,317.15768948584554
368,424,723,317.52952618614853
357,554,608,319.06112267087633
43,293,118,320.1265374816652
29,206,127,320.6321880285883
223,585,327,320.8145881969833
367,528,650,323.2336616133908
18,131,153,323.47179166041667
103,428,147,324.6798423062325
370,382,748,325.1215157444982
17,129,152,325.3013987058771
106,430,147,325.5718046760192
16,109,162,326.80422273893583
286,611,426,327.2201094064972
283,611,423,327.3438559069041
15,100,167,327.5622078323444
14,106,162,328.42046221269464
13,110,157,330.5102116425452
307,616,453,332.3386826717588
236,597,324,333.11409456821247
245,600,332,333.304665433894
10,114,150,334.430859820083
348,602,543,334.8865479531837
7,109,150,337.0
310,621,451,337.25064862799
315,622,454,338.3784863137726
252,606,331,339.31254029286924
248,606,327,340.5950674921761
97,425,127,341.4703501037828
336,624,490,343.95348522729057
254,611,328,345.0057970527452
262,614,337,345.1101273506763
174,521,187,345.21008096520006
284,628,400,346.09247319177575
212,579,257,346.10114128676315
358,612,551,346.91929897311854
303,632,423,348.3231258472512
255,615,327,349.11602655850675
308,638,422,354.3613974461665
375,580,634,355.00985901802784
380,485,731,355.31676008879737
11,161,101,358.74503480884584
8,158,99,361.65867886724357
4,149,102,362.10633797270106
385,505,725,362.2292092032336
386,472,748,362.55206522649956
12,167,94,363.35244598048325
335,648,455,364.3967617858315
323,649,431,365.0671171168392
9,164,93,365.2738698565776
333,651,449,367.16481312892716
6,157,93,367.6329691417787
389,484,747,368.0774375046642
201,573,210,368.11003789627904
2,143,96,369.92566820916875
390,470,758,370.1297069947237
3,146,94,370.64808106882197
19,190,79,371.10241174101793
177,536,164,372.2633476451852
23,200,75,372.5922704512266
196,571,200,372.8444715964017
376,622,596,373.1058830948663
35,260,65,373.77132046212427
5,162,84,374.4329045369811
361,652,508,374.5984516785941
198,574,200,375.15863311404684
392,541,713,376.3960679922148
394,482,760,378.0052909682614
395,465,771,379.0118731649445
396,467,771,379.97105152892897
20,199,67,380.61266400370863
393,568,695,383.020887158912
378,634,596,384.01041652538544
399,477,773,386.61867518266627
400,477,774,387.48548359906334
381,631,613,388.63093031821336
384,627,621,388.76471033261237
264,645,292,389.4059578383464
401,557,719,391.77799836131686
377,656,561,391.807350620174
402,559,719,393.17426161945036
383,641,604,393.70674365573166
387,639,611,394.9101163556082
363,677,479,395.1328890386119
403,480,782,395.9191836726278
181,545,140,396.13760235554514
382,647,597,396.2953444086872
388,638,618,397.13473784094987
373,680,512,402.85481255658345
372,681,508,403.1240503864784
0,136,63,403.1488558832829
1,138,62,403.3509638019971
180,547,131,404.2499226963439
179,546,130,404.36122464944634
374,680,523,405.0197526047341
215,614,201,406.28684448305734
404,587,710,407.17686574755203
241,640,240,407.3573369905101
281,673,309,409.8316727633432
219,618,198,411.2857887163134
352,701,417,417.5284421449633
351,701,414,417.6900764921283
344,700,398,417.91865237148727
405,599,719,422.120835780467
213,617,171,426.82314838818195
190,585,131,429.94185653411324
391,700,553,431.6028266821245
189,585,123,435.6902569486722
371,720,433,436.02866878222585
406,661,669,442.1425109622462
271,683,243,444.101339786315
379,726,482,444.1846462902562
337,720,338,447.3209138862166
408,675,660,449.6276237065512
274,688,240,449.91110233022704
345,727,350,451.6558424287236
409,675,665,452.11724143191003
349,731,353,455.00989000240423
346,731,346,456.3693679466228
276,695,234,458.8431104419026
407,702,628,459.15574699659373
338,730,326,459.84780090808306
355,738,361,460.483441613268
339,733,324,463.246154868014
411,704,635,463.9062405271134
342,735,327,464.4588248704076
412,710,632,468.0940076523091
247,669,168,470.2393007820593
410,722,614,472.0381340527479
224,658,144,475.7226082498077
365,754,364,475.7898695853034
366,755,364,476.77772598979493
413,688,693,477.74574828040073
369,756,363,477.9215416781294
397,763,492,482.0342311496145
398,765,489,483.6961856372241
239,668,143,484.2323822298546
238,668,142,484.8422423840563
360,758,331,485.92694924237327
414,724,658,491.9349550499537
220,643,99,493.76310109201154
295,723,211,494.2165517260627
415,705,711,501.7668781416326
258,687,134,504.801941359183
261,689,134,506.40003949446924
297,737,165,528.9026375430548
298,738,164,530.2754001459996
299,741,166,531.8204584255856
353,781,246,532.797334828169
269,714,114,538.4013372940301
