81,350,187,1.0
65,322,150,47.20169488482379
60,316,153,48.79549159502341
61,321,144,52.69724850502159
67,331,135,56.302753041036986
64,328,133,59.23681287847955
56,321,135,60.41522986797286
57,323,131,63.071388124885914
92,354,251,63.12685640834652
91,405,157,63.13477647065839
107,414,187,64.00781202322104
113,422,191,72.06247289678588
109,376,256,72.80109889280519
119,421,214,75.61084578286372
111,426,172,77.6659513557904
112,376,266,82.21921916437786
122,435,197,85.47514258543241
103,428,147,88.11923740024082
105,358,277,89.35882720806042
118,438,170,89.82204629154248
106,430,147,89.89438247187641
43,293,118,90.27181176868004
125,443,196,93.34345183246653
97,425,127,96.67471230885562
123,385,282,100.30453628824571
126,451,184,101.07917688624102
104,344,292,104.17293314484334
79,280,269,107.05606008068857
46,243,216,110.60289327137876
45,240,217,113.75851616472501
47,241,221,113.8859078200635
117,357,303,115.2128465059344
121,363,303,115.73245007343446
95,319,300,116.21101496846157
120,360,306,118.4229707446997
139,470,190,120.01666550941998
59,245,248,120.93386622447825
58,244,248,121.8031198286809
155,470,218,123.69316876852982
129,384,307,123.76186811776881
42,227,214,125.7179382586272
98,317,311,127.34991166074674
99,316,313,129.5414991421668
62,239,258,131.2288078129189
48,227,237,132.4009063413087
38,219,215,133.75350462698165
102,315,321,137.5281789307195
37,215,215,137.6735268670052
34,220,138,139.2838827718412
54,228,258,140.65560778013793
33,215,135,145.03103116229988
32,217,128,145.90750494748377
89,283,320,148.03040228277433
124,340,336,148.33745312630927
39,207,230,149.04026301640775
35,260,65,152.41062955056645
30,206,136,153.1012736720371
44,206,242,153.79206741571556
49,209,254,155.68236894394946
29,206,127,156.3873396410336
50,208,257,157.87653403846943
51,207,258,159.21369287847074
110,296,349,169.81460479004744
174,521,187,171.00292395160966
27,177,159,175.41379649275024
185,515,265,182.08239892971534
187,520,263,185.80904176062046
177,536,164,187.5419952970534
23,200,75,187.8004259846074
26,160,166,191.2694434560837
20,199,67,193.49935400408964
19,190,79,193.60010330575756
178,417,372,195.8187937865005
74,198,317,199.36148073286373
181,545,140,200.82081565415473
179,546,130,204.40156555173445
180,547,131,205.08047201037937
12,167,94,205.73040611440985
192,543,260,205.9927183179056
132,309,390,206.11889772653063
127,297,388,206.90335908341362
145,322,394,207.8942038634074
11,161,101,208.06249061279644
133,307,392,208.48261318392957
9,164,93,208.85641000457707
80,203,337,209.3083849252103
41,155,270,211.53959440256097
8,158,99,211.62466774929618
202,535,292,212.22865028077618
40,154,270,212.46176126540982
130,295,394,213.21585306913744
24,138,162,213.5883891975404
203,535,296,214.21717951648975
156,327,401,214.23818520515897
5,162,84,214.84878403193255
6,157,93,215.11392330576837
21,135,161,216.6887168266959
22,134,162,217.55918734909818
4,149,102,218.62525014279572
134,297,402,220.4654167891191
136,300,403,220.73740054644117
25,129,184,221.03619613086
196,571,200,221.32555207205516
135,296,403,221.6776939613005
18,131,153,221.77916944564473
159,321,408,221.90313201935658
199,486,364,222.4230203913255
143,305,406,222.59604668547013
17,129,152,223.91292950609173
201,573,210,224.08257406590099
198,574,200,224.32119828495925
3,146,94,224.61522655421203
144,302,409,226.15260334561705
2,143,96,226.52372944131042
148,305,412,228.47538160598398
131,284,407,228.72909740564273
206,486,372,228.80559433720146
31,122,216,229.71286424577968
28,121,209,229.96086623597503
141,296,412,230.41701326073994
140,294,412,230.89391503458899
157,308,416,231.8361490363399
154,307,416,232.01939574095957
158,307,418,233.98504225697846
208,486,380,235.28705871764387
114,239,397,236.64741705752886
10,114,150,239.0397456491284
212,579,257,239.1693960355296
142,287,419,239.43683927081898
137,281,418,240.12704970494266
190,585,131,241.81397809059757
13,110,157,241.99380157351138
16,109,162,242.3984323381651
189,585,123,243.82370680473218
7,109,150,243.97745797511703
93,206,385,244.0184419260151
14,106,162,245.381335883559
164,301,429,245.93088459971838
1,138,62,246.61711213944582
152,289,427,246.661711661944
0,136,63,247.83260479605988
161,294,430,248.39484696748443
94,202,388,248.8051446413438
149,283,429,250.13996082193665
15,100,167,250.88044961694405
151,283,431,252.06745129032427
72,143,334,253.3081127796739
146,275,431,254.31083343027288
100,207,399,254.8921340488953
147,276,432,254.9745085297744
150,279,433,255.08037948850554
211,459,421,257.2353008434107
162,284,438,258.5652722234755
86,161,365,258.940147524481
160,282,438,259.0829982843336
163,283,439,259.7883754135277
63,128,330,263.52988445335757
215,614,201,264.31988196123274
214,487,417,266.8520189168521
90,177,392,267.47897113605023
213,617,171,267.54065111679756
219,618,198,268.1865022703417
171,307,455,270.44038160008574
101,191,408,271.44244325455077
223,585,327,273.0311337558411
194,392,458,273.2471408816568
36,87,280,278.6269907959385
236,597,324,281.966310044303
153,245,455,286.90416518412553
226,539,404,287.0139369438355
245,600,332,288.5064990602465
217,457,457,289.4995682207488
218,456,458,290.06206232459976
248,606,327,291.30224853234483
252,606,331,293.2319900692965
222,458,461,293.58644382872995
241,640,240,294.62518561725165
254,611,328,296.17731175766994
225,509,441,298.8143236192
235,524,431,298.8728826775691
255,615,327,299.2423766781704
231,512,441,300.42137074449283
233,515,441,302.04966479041155
257,588,375,302.67639485100256
262,614,337,303.14517974066484
88,133,402,304.77040538739976
220,643,99,306.2188759694608
243,521,443,307.0276860480175
246,527,439,307.13189349203054
165,230,475,311.0771608459869
224,658,144,311.1269837220809
264,645,292,312.79546032511405
237,493,468,314.40260813167566
52,71,336,315.82431825304394
55,72,341,317.32160342466443
53,70,339,318.12104614438823
247,669,168,319.62634434601915
209,350,509,321.0
239,668,143,321.1681802420657
238,668,142,321.30981933330327
210,348,512,324.0061727807049
69,71,353,324.13885913293393
230,462,493,324.91383473161005
68,70,353,325.0
234,467,492,325.7376244771242
71,71,357,326.1931942882929
188,297,512,328.3062594590606
70,68,357,328.76283244916846
184,269,509,331.0619277416236
66,62,352,331.42118218363777
250,478,496,333.5386034629275
272,591,421,335.21634805003174
240,455,507,335.83626963149766
186,268,514,336.1547262794322
197,308,522,336.63036107873575
191,298,521,337.0356064275702
273,589,426,337.2906758272455
271,683,243,337.5114812861927
205,315,524,337.8179983363823
96,111,428,338.7048862948393
195,300,524,339.69986753014786
258,687,134,341.29898915760066
274,688,240,341.9766073871135
73,59,368,342.1710098766405
261,689,134,343.27394308336306
281,673,309,344.920280644673
75,57,372,345.98410368107955
256,474,511,345.98410368107955
251,455,518,346.30189141845585
259,475,511,346.3437598687177
278,597,432,347.1959101141602
279,598,431,347.2074307960589
207,307,533,347.66938317890464
276,695,234,348.0531568596958
260,473,514,348.4322028745334
263,492,507,349.17760523836574
284,628,400,349.6112126348353
204,296,535,351.17659375305755
283,611,423,351.2064919673325
169,205,508,351.31894341182345
266,491,510,351.51813608973293
78,59,386,351.9730103289171
76,56,382,352.23855552735847
168,201,508,352.98866837336294
286,611,426,353.2208940592275
268,509,507,356.4295161739555
290,599,447,359.2798352259698
292,599,449,360.72427143179596
84,53,397,363.16662842282193
166,168,503,363.7980208852159
77,46,388,363.8900932974131
167,166,504,365.6665147371304
289,571,480,366.2034953410467
176,197,521,366.46691528704196
288,569,482,366.6019639881925
303,632,423,367.0817347676128
249,414,550,367.6139279189514
85,47,398,368.6583784481237
170,185,518,368.9512162874653
280,536,507,369.2654871498283
172,185,519,369.845913861435
193,255,546,370.3903346471125
308,638,422,371.07950630558946
83,44,398,371.1280102606108
269,714,114,371.4458237751503
295,723,211,373.7084425056517
175,183,524,375.2132726863483
307,616,453,375.47436663506073
87,41,402,375.8683280086259
310,621,451,377.6373922163959
300,578,491,379.2004746832472
315,622,454,380.44710539048657
183,190,538,384.83762809787714
323,649,431,385.2920969861697
173,167,528,386.1204475290062
182,180,536,387.30349856411055
297,737,165,387.68286008024654
128,96,482,388.52541744395563
270,452,563,388.6244974265004
298,738,164,388.7415593938986
216,295,574,389.8987047939503
221,301,576,391.0818328687744
299,741,166,391.61843674679056
227,344,580,392.04591567825315
228,344,581,393.04579885809744
138,105,496,393.55939831237674
291,505,552,395.6273499140321
301,534,539,396.30417610719167
265,403,582,397.54873915030845
333,651,449,398.3992971881351
337,720,338,399.2492955535426
267,412,583,399.8362164686936
335,648,455,400.1162331123295
108,47,455,403.8539339909914
338,730,326,404.2820797413608
339,733,324,406.42957569547025
336,624,490,407.7744474583958
344,700,398,408.16663263917104
116,50,465,408.324625757497
342,735,327,409.3238326801898
345,727,350,410.33279176785277
115,47,465,410.5337988521773
314,530,557,410.5618102064536
346,731,346,412.4621194728069
200,203,574,413.0435812356851
349,731,353,415.1939305914767
351,701,414,417.46496859018004
277,429,599,418.5235955116509
352,701,417,419.09664756473535
355,738,361,424.82113883374495
242,299,615,430.03488230607525
244,299,616,431.02784132814435
360,758,331,432.3343613454753
232,283,616,433.21241902789444
287,418,617,434.35584490138956
353,781,246,434.8850422812907
348,602,543,435.34928505741226
363,677,479,437.73279520730455
253,299,623,437.9794515727878
361,652,508,440.00454543106713
365,754,364,440.67221378253475
366,755,364,441.5891755919749
369,756,363,442.1097148898676
229,265,622,442.2454069857594
371,720,433,443.7623237725348
326,494,608,444.0
330,502,606,444.7785966073458
334,511,604,446.068380408206
321,470,618,446.4302857109943
358,612,551,447.67510540569486
372,681,508,460.392224087245
373,680,512,462.46729614103526
343,507,624,463.4058696218683
357,554,608,466.92183500024925
341,490,634,467.4569498895059
374,680,523,470.2393007820593
285,346,660,472.01694884823786
293,353,661,473.00951364639593
340,468,650,476.83120703242565
294,347,665,477.00943386897495
379,726,482,477.2965535178313
354,511,638,477.93409587515305
296,350,666,478.0
347,485,647,478.44121896007243
350,492,647,480.46331805872546
377,656,561,482.4572519923397
282,316,671,484.19520856778416
359,516,645,486.2149730314771
302,350,675,487.0
275,285,672,488.3451648168537
356,499,654,489.24124928300967
376,622,596,490.35497346310257
312,361,679,491.1232024655321
306,350,680,492.0
304,347,681,493.0091277045487
316,364,681,493.19874290188534
367,528,650,495.1040294725948
309,345,685,497.02515026907844
378,634,596,497.11165747747253
362,490,666,498.08031480876656
320,361,687,499.12122775934904
317,351,689,501.000998002998
375,580,634,501.8127140677087
318,349,691,503.00099403480306
382,647,597,505.460186364861
391,700,553,505.69259436934607
328,368,694,506.32005688102066
329,368,695,507.3194260029868
383,641,604,507.6780475852782
381,631,613,509.4958292272862
387,639,611,512.2987409705396
398,765,489,512.6655830070905
397,763,492,512.8206314102428
384,627,621,514.0214003327098
388,638,618,517.5364721447175
313,297,710,524.6837142507856
305,277,713,530.0509409481319
311,274,719,536.4112228505292
364,424,721,538.1124417814552
368,424,723,540.093510422038
325,289,727,542.4407801778918
322,280,726,542.5347915111067
324,285,727,542.9051482533574
331,303,729,543.037751910491
319,275,726,543.2025404947956
327,286,731,546.7586304760081
393,568,695,551.881327823292
332,278,740,556.6758482276737
392,541,713,558.6644789137753
385,505,725,558.9221770515104
380,485,731,559.5301600450149
370,382,748,560.9135405746594
407,702,628,563.4749328940907
410,722,614,565.5616677251031
401,557,719,569.9210471635523
411,704,635,570.1973342624464
402,559,719,570.6505060017033
412,710,632,571.6082574630985
406,661,669,572.7844271626107
408,675,660,573.0698037761194
386,472,748,573.1352370950507
404,587,710,573.2826527987743
389,484,747,574.8364984932672
409,675,665,577.1949410727714
390,470,758,582.494635168428
405,599,719,586.482736318811
394,482,760,587.0332188215586
395,465,771,594.2339606585945
396,467,771,594.6242511031652
399,477,773,598.6267618474803
400,477,774,599.6040360104324
414,724,658,600.6463185602655
413,688,693,607.6750776525231
403,480,782,608.0592076434663
415,705,711,632.1028397341686
