256,474,511,1.0
260,473,514,3.605551275463989
250,478,496,15.297058540778355
266,491,510,16.0312195418814
263,492,507,17.46424919657298
240,455,507,20.396078054371138
234,467,492,20.615528128088304
251,455,518,21.18962010041709
230,462,493,22.20360331117452
268,509,507,34.23448553724738
237,493,468,46.61544808322666
291,505,552,50.80354318352215
222,458,461,52.81098370604357
218,456,458,56.302753041036986
270,452,563,56.859475903318
217,457,457,56.92099788303083
280,536,507,61.1310068623117
301,534,539,65.30696746902278
314,530,557,71.7007670809734
249,414,550,72.40165743959182
225,509,441,77.82030583337487
231,512,441,79.17701686727027
233,515,441,80.62257748298549
243,521,443,82.09750300709517
246,527,439,88.81441324469807
211,459,421,91.41115905621152
235,524,431,93.81364506296512
214,487,417,94.76286192385707
267,412,583,95.67131231461184
288,569,482,98.37174391053561
194,392,458,98.47842403288143
330,502,606,98.76234100101111
326,494,608,98.84331034521254
277,429,599,99.29753269845128
334,511,604,99.72462083156798
289,571,480,100.88111815399351
265,403,582,101.11874208078342
300,578,491,104.92378186092989
321,470,618,107.11675872616759
343,507,624,117.44360348695028
287,418,617,120.3536455617361
341,490,634,123.9112585683803
226,539,404,124.67958934805648
209,350,509,125.01599897613104
357,554,608,125.09996003196804
210,348,512,127.00393694685216
348,602,543,130.96946208945045
208,486,380,131.4610208388783
354,511,638,132.00378782444085
347,485,647,136.36715146984628
350,492,647,137.05838172107534
292,599,449,138.63621460498698
340,468,650,139.17614738165446
206,486,372,139.43457247038842
290,599,447,139.54210834009928
359,516,645,140.13208055259867
273,589,426,142.20056258679148
358,612,551,142.72000560538106
356,499,654,145.0
278,597,432,145.34441853748632
279,598,431,146.72763884149435
272,591,421,146.81961721786362
199,486,364,147.41099009232656
227,344,580,148.06079832285116
228,344,581,148.52945835759317
367,528,650,148.7615541731129
336,624,490,150.4725888658795
178,417,372,150.6154042586614
307,616,453,152.46311029229332
362,490,666,155.72411502397438
315,622,454,157.66420012165096
310,621,451,157.84802817900513
286,611,426,160.37767924496225
205,315,524,160.52725625263767
375,580,634,161.72198366332265
283,611,423,161.9876538505327
197,308,522,167.36188335460378
207,307,533,169.43435306926398
376,622,596,169.80577139779436
195,300,524,175.4821928287882
257,588,375,176.81911661356077
361,652,508,177.02542190318317
171,307,455,177.08754896942924
191,298,521,177.28226081590904
188,297,512,178.0028089666003
303,632,423,179.98055450520204
378,634,596,180.29420401111068
204,296,535,180.60177186284747
335,648,455,181.8378398463862
156,327,401,184.40173534975207
159,321,408,185.27007313648906
308,638,422,185.71483516402236
221,301,576,185.74444810007108
381,631,613,186.3866948041088
333,651,449,186.60117898877274
384,627,621,187.62729012593024
377,656,561,187.77912557044246
284,628,400,189.02380802428036
383,641,604,190.2761151589973
216,295,574,190.7065809037538
323,649,431,191.5097908724251
158,307,418,192.02343606966312
387,639,611,192.0833152566875
157,308,416,192.13016421166145
382,647,597,192.3018460649819
164,301,429,192.35384061671346
145,322,394,192.60841103129428
154,307,416,193.0
293,353,661,193.34942461771124
388,638,618,194.982050455933
148,305,412,196.72569735548024
285,346,660,197.08373854785685
161,294,430,198.29775591266787
296,350,666,199.12307751739877
143,305,406,199.81241202688085
294,347,665,200.24984394500785
144,302,409,200.83077453418338
312,361,679,203.02709178826356
316,364,681,203.0295544988463
152,289,427,204.08821622033938
242,299,615,204.4309174268902
162,284,438,204.47493733951845
363,677,479,204.51894777746145
141,296,412,204.55317157159897
244,299,616,204.94145505485218
373,680,512,205.00243900988104
163,283,439,205.05608988762074
374,680,523,205.35091916034852
132,309,390,205.41908382621125
136,300,403,205.6428943581567
133,307,392,205.8761763779384
184,269,509,206.00970850908945
372,681,508,206.0218435020908
393,568,695,206.1674077054858
302,350,675,206.20620747203515
140,294,412,206.30559856678636
160,282,438,206.34437234875102
186,268,514,207.02173798903343
151,283,431,208.0
253,299,623,208.61447696648477
134,297,402,208.72230355187247
149,283,429,208.7773934122179
135,296,403,209.05740838343903
142,287,419,209.30360723121808
320,361,687,209.69501663129716
306,350,680,210.20466217474817
150,279,433,210.95023109728987
328,368,694,211.9858485842864
392,541,713,212.5088233462319
304,347,681,212.80037593951755
329,368,695,212.8497122384712
147,276,432,214.1074496602115
223,585,327,214.37350582569667
130,295,394,214.68348795377813
137,281,418,215.13948963405113
146,275,431,215.40659228538016
385,505,725,216.0925727552893
364,424,721,216.10414156142403
127,297,388,216.3631207022121
317,351,689,216.9331694324314
309,345,685,217.20036832381294
131,284,407,217.47873459260333
368,424,723,218.04815981796315
245,600,332,218.32544515012444
232,283,616,218.8355546980426
318,349,691,219.71800108320664
380,485,731,220.22715545545242
124,340,336,221.02036105300343
252,606,331,222.62299971027252
262,614,337,222.70383921252906
193,255,546,222.76669409945464
203,535,296,223.21514285549716
236,597,324,223.2778538055219
129,384,307,223.37636401374252
401,557,719,223.5799633240868
402,559,719,224.32119828495925
282,316,671,225.5681715136247
248,606,327,225.86943130932968
202,535,292,227.0704736419951
254,611,328,228.0021929719098
404,587,710,228.3527972239447
391,700,553,228.8864347225497
255,615,327,231.2055362658948
120,360,306,235.05318547086316
389,484,747,236.17154782064668
121,363,303,236.2371689637344
153,245,455,236.71924298628534
386,472,748,237.01898658124415
229,265,622,237.5310506018108
117,357,303,239.14012628582432
110,296,349,241.42286552851616
405,599,719,242.15697388264496
406,661,669,244.0491753725056
352,701,417,244.76927911811154
351,701,414,245.93698379869588
123,385,282,246.05080776132397
390,470,758,247.05060210410335
165,230,475,247.63077353188558
102,315,321,248.39484696748443
275,285,672,249.04015740438328
394,482,760,249.09837414162303
185,515,265,249.23081671414553
408,675,660,249.40128307609004
344,700,398,251.78165143631892
187,520,263,252.04959829366916
409,675,665,252.42028444639706
379,726,482,252.6697449240807
99,316,313,253.9389690457138
370,382,748,254.5937941113255
98,317,311,254.8803640926464
104,344,292,255.19012520080005
407,702,628,255.37815098398687
371,720,433,257.11670501933554
192,543,260,260.0480724789169
396,467,771,260.1230478062257
395,465,771,260.1922366251537
411,704,635,260.4169733331528
105,358,277,261.6199533674754
399,477,773,262.00763347658403
114,239,397,262.09158704544484
95,319,300,262.4061737078608
400,477,774,263.00760445279906
112,376,266,264.2460974167831
412,710,632,264.3217736017977
313,297,710,266.9925092582187
410,722,614,267.6153956707274
169,205,508,270.0166661522951
89,283,320,270.8228203087768
403,480,782,271.0461215365385
109,376,256,273.5434152013168
168,201,508,274.0164228654918
212,579,257,274.46675572826666
264,645,292,277.2381647609146
331,303,729,277.68327281274975
176,197,521,278.1797979724624
200,203,574,279.20064469839605
413,688,693,280.1660222082614
281,673,309,282.85685425670704
305,277,713,282.85685425670704
325,289,727,285.04736448527285
183,190,538,286.27609051403505
92,354,251,286.77691678376067
324,285,727,287.67342595380615
397,763,492,288.62605564986677
414,724,658,289.15393824051574
311,274,719,289.2490276561012
327,286,731,290.0362046365936
170,185,518,290.0844704564517
172,185,519,290.1103238424996
322,280,726,290.25850547399983
100,207,399,290.46170143411337
398,765,489,290.83328557783756
175,183,524,292.2892403082946
155,470,218,293.04265901059523
319,275,726,293.64093720052045
182,180,536,296.05742686174926
93,206,385,297.0471343069985
345,727,350,299.0401310861136
94,202,388,299.4294574687
337,720,338,299.92332353453276
349,731,353,300.83217912982644
119,421,214,301.8691769624716
332,278,740,302.0761493398643
101,191,408,302.1009764962702
355,738,361,302.768888758406
346,731,346,304.5669056217369
415,705,711,304.7950130825634
166,168,503,307.1042168385188
173,167,528,308.46879907050567
167,166,504,309.0792778560219
79,280,269,310.787708894673
338,730,326,315.03968004046726
365,754,364,315.35694062442957
366,755,364,316.2419959461425
122,435,197,316.53751752359466
201,573,210,316.55173352866035
125,443,196,316.62122480970856
241,640,240,317.2790569829657
369,756,363,317.59250620882096
342,735,327,318.5215848258953
339,733,324,318.64243283028077
90,177,392,320.8815981012311
139,470,190,321.0389384482823
80,203,337,322.893171188243
113,422,191,324.3593686021725
196,571,200,325.4796460610095
198,574,200,326.377082528783
174,521,187,327.2491405641885
126,451,184,327.8795510549568
107,414,187,329.6922807710244
360,758,331,335.393798392278
74,198,317,338.178946713127
271,683,243,339.24622326563934
215,614,201,339.73666272570586
111,426,172,342.52299192900904
118,438,170,343.0014577228499
219,618,198,344.11916540640397
274,688,240,344.68826495835333
62,239,258,345.98410368107955
86,161,365,346.2831211595506
82,350,188,346.3437598687177
81,350,187,347.2765468614315
59,245,248,349.3837431821922
58,244,248,350.04285451927166
177,536,164,352.32087647484076
54,228,258,353.5788455210521
276,695,234,353.73577709923546
88,133,402,358.949857222426
91,405,157,360.85454133209964
106,430,147,366.77104574925215
103,428,147,367.02179771779225
213,617,171,368.4616669342959
50,208,257,368.517299458248
51,207,258,368.5552875756906
48,227,237,369.56731457205467
49,209,254,369.8715993422582
138,105,496,370.3039292257105
47,241,221,372.63386856269517
96,111,428,373.34300582708124
46,243,216,375.2985478255944
72,143,334,376.2352987161093
45,240,217,376.3787985527346
181,545,140,377.54602368453044
128,96,482,380.1078794237236
44,206,242,380.42344827836257
180,547,131,386.76090805561
42,227,214,386.927641814332
97,425,127,387.2415266987775
179,546,130,387.5590277622236
39,207,230,388.3104428160541
295,723,211,389.2351474366106
38,219,215,391.3463938763203
63,128,330,391.3693907295255
60,316,153,391.72056366752054
65,322,150,392.08417463600847
37,215,215,393.97461847179954
247,669,168,394.06217783491985
190,585,131,395.60080889704966
61,321,144,398.0012562794243
41,155,270,400.6007988010009
40,154,270,401.40004982560725
67,331,135,402.6313450291718
189,585,123,403.29145788126976
353,781,246,404.7974802293117
64,328,133,405.5773662323873
56,321,135,406.31514862234707
57,323,131,409.2725253422223
224,658,144,410.0951109194061
239,668,143,415.53940848011035
238,668,142,416.4252634026903
116,50,465,427.48216337059023
115,47,465,430.4648650006177
108,47,455,431.6480047446067
71,71,357,432.3563345204971
258,687,134,432.5193637283769
43,293,118,433.09698682858556
261,689,134,433.50317184537414
69,71,353,433.7971876349592
297,737,165,434.00460827046527
78,59,386,434.37426258930213
68,70,353,434.72865099967817
70,68,357,435.16088978675464
298,738,164,435.40555807201173
299,741,166,435.63861169551996
84,53,397,437.12698383879257
55,72,341,437.3888430218585
76,56,382,438.40848531934233
73,59,368,439.8920322079044
53,70,339,440.01022715386966
52,71,336,440.2737784606301
75,57,372,440.50539156745856
66,62,352,442.5494322671762
85,47,398,442.6657881517387
220,643,99,444.9359504468031
83,44,398,445.56705443737644
77,46,388,446.28466251933867
87,41,402,447.47849110320374
36,87,280,451.558412611259
34,220,138,451.83404032896857
33,215,135,457.1389285545479
31,122,216,460.03695503731
27,177,159,461.202775360253
30,206,136,461.50406282068633
32,217,128,461.79324377907477
269,714,114,463.38968482261237
28,121,209,465.31709618280735
26,160,166,467.17234507192313
29,206,127,468.8464567425033
25,129,184,476.07247347436504
24,138,162,485.14946150645164
22,134,162,487.9364712746937
21,135,161,487.95491595023407
35,260,65,495.1171578525632
18,131,153,496.4876634922564
17,129,152,498.59502604819477
16,109,162,505.7242331547896
14,106,162,507.89959637707926
13,110,157,508.46927144125436
15,100,167,508.88210815472775
10,114,150,510.5310960166873
7,109,150,514.0787877358878
23,200,75,515.4813284688399
11,161,101,516.4261805911857
19,190,79,517.5413026996009
12,167,94,518.4139272820513
8,158,99,519.8393982760444
9,164,93,521.003838757451
20,199,67,522.7925018590072
4,149,102,523.0267679574345
6,157,93,525.2123380119701
5,162,84,529.4317708638196
3,146,94,531.1591098719855
2,143,96,531.4593117069264
1,138,62,561.4000356252216
0,136,63,561.8051263561058
