395,424,724,2.0
409,438,754,34.92849839314596
396,382,748,49.39635614091387
416,471,747,53.23532661682466
422,461,763,55.226805085936306
421,470,757,57.8013840664737
410,484,730,60.530983801686226
354,368,694,62.609903369994115
428,463,771,62.625873247404705
351,368,692,63.52952069707436
420,483,746,63.694583757176716
350,368,690,64.4980619863884
430,467,771,65.19202405202648
427,482,759,68.79680225126747
342,361,687,72.069410986909
434,477,772,72.86288492778748
435,477,773,73.55270219373317
336,363,680,74.06078584514209
329,360,678,77.6659513557904
338,351,689,80.11242100947892
414,505,722,81.0
418,505,726,81.09870529176159
339,349,691,81.15417426109393
417,506,724,82.02438661763951
438,480,782,82.07313811473277
369,470,651,84.59905436823747
323,350,679,85.58621384311844
388,490,666,86.55634003352961
324,347,681,87.23531395025755
319,350,673,88.75246475450696
337,443,631,92.9623579735368
312,351,664,93.23625904121208
340,450,631,94.64142856064674
309,353,659,94.92101980067429
374,485,647,96.67471230885562
328,442,626,97.67292357659824
303,346,660,99.6393496566492
377,492,647,101.23734488813898
383,499,654,101.23734488813898
305,418,617,105.17128885774862
368,492,634,111.21151019566275
344,470,618,113.718951806636
425,542,714,118.27087553578015
300,316,671,119.4361754243663
380,511,638,120.93386622447825
386,517,643,122.0245876862528
356,302,729,122.20065466273084
296,429,599,123.10158406779338
436,550,723,126.00396819148197
393,528,650,126.49110640673517
332,297,710,127.56566936288148
437,552,723,128.00390619039717
372,507,624,128.42507543311004
335,294,712,130.38404810405297
345,292,721,132.00378782444085
352,494,608,133.77593206552515
349,289,727,135.09256086106296
353,286,732,138.36184445142382
355,501,607,138.3979768638256
283,413,583,139.43457247038842
347,283,727,141.088624630053
281,403,582,141.56623891309678
359,510,604,146.01369798755184
343,278,726,146.05478424207814
426,568,695,146.50938536489735
357,278,740,147.10540438746634
325,277,713,147.27525250360293
292,285,672,147.7193284577208
341,275,726,149.05368160498418
331,273,719,151.02979838429238
267,299,622,160.0781059358212
287,452,563,161.4465855941215
247,345,580,162.49615380063616
246,344,580,162.9846618550347
439,587,710,163.44112089679268
260,299,616,163.8932579455299
259,299,615,164.54178800535746
266,415,550,172.23530416264836
384,554,608,172.90459797240788
440,598,717,174.07182425654074
401,577,636,175.5135322418189
248,283,614,177.6091213873882
250,266,624,185.9247159470736
308,504,551,188.7882411592417
240,301,576,190.90573590125572
334,530,557,196.1147623204332
232,295,574,196.32880583347927
268,455,518,206.34194920083507
321,534,539,213.5158073773462
275,473,514,213.693706037403
273,474,511,216.8432613663611
274,475,511,217.07602354935472
256,453,506,217.9380645963435
218,307,533,222.28360263411244
451,645,752,223.02690420664499
280,491,509,223.28905033610582
220,348,512,223.32935319836486
219,350,509,225.48835890129672
278,492,506,226.45087767549057
216,314,524,226.50386310171402
415,627,621,226.73773395709856
215,295,534,228.0021929719098
441,649,679,229.0720410700529
284,508,507,230.82677487674604
209,308,522,231.2055362658948
249,462,493,232.13142829009604
265,478,496,232.36178687555318
402,620,596,233.00643767930532
207,300,524,233.62362894193728
411,631,613,233.94443784796422
254,467,492,233.98504225697846
404,625,600,235.1276249188938
202,298,521,237.22773868163057
419,638,618,237.9327636119078
298,536,507,242.4231837098094
442,661,669,242.85386552410483
206,255,546,244.00204917172314
407,634,596,244.8999795835026
199,297,512,245.41597340026587
413,641,604,247.00809703327542
449,670,681,249.39326374222702
375,602,543,252.43811122728675
382,611,549,254.7508586835381
412,647,597,255.64428411368795
198,272,516,256.00781238079435
445,675,665,257.390753524675
444,675,660,258.54400012377005
196,268,514,260.0
251,490,468,262.43475379606264
194,269,509,263.4274093559742
239,458,460,264.1968962724581
193,266,509,265.2036952985384
236,456,458,265.9323222175146
235,457,457,267.0468123756582
205,390,457,267.1722290957651
211,199,574,269.3120866207085
282,534,474,271.3005713226568
320,578,491,277.62744821072715
307,569,482,280.40149785619906
452,705,711,281.215220071745
403,656,561,282.39157211220027
302,570,479,283.4872131155125
192,204,536,288.0902636327719
176,307,455,291.5098626118849
190,198,537,292.0633492925807
447,704,635,293.2047066470796
443,702,628,293.4620929523948
191,190,540,296.44561052577586
448,710,632,299.82661656364
183,197,524,301.21918929576844
189,184,538,302.4169307429728
177,204,511,304.8294605185004
362,623,491,304.89670381950674
450,724,658,306.7507131206055
188,180,536,306.80938707933956
174,204,508,306.91366864315444
173,201,509,308.37963616296065
241,496,422,308.5190431723786
181,183,524,311.9054343867705
387,652,508,312.697937313312
178,185,519,313.5761470520358
228,486,414,314.17829333039543
175,185,518,314.2244420792246
230,487,414,314.37716202039866
169,230,474,314.8650504581288
242,507,418,315.12695854210887
167,283,439,316.1803282938393
166,284,438,316.6322788346128
446,722,614,316.96687524093113
165,282,438,317.52165280497013
170,314,424,317.653899708472
168,301,427,319.61539387207245
164,294,429,320.5448486561592
180,167,528,322.001552791287
154,245,454,322.28093334853054
153,279,433,323.3357388226671
155,283,431,323.3604799600594
156,285,430,323.39604202896487
424,700,553,323.6309626719916
152,283,429,325.16149833582693
400,680,521,325.4796460610095
149,276,432,325.5825548152112
311,600,448,325.65626049563366
163,307,418,325.7376244771242
148,277,431,326.02147168553176
151,288,425,326.6573127912492
160,308,416,327.2491405641885
310,600,446,327.34080100103625
159,307,416,327.6049450176233
327,616,453,330.49205739321485
227,497,399,331.14649326242306
398,679,510,331.6157414840255
150,305,412,332.0557182160849
161,321,406,332.3627536292236
145,287,419,332.53270515845503
333,621,453,333.42165496560057
157,321,404,334.26486503968675
399,681,508,334.43235489408016
330,621,451,335.0373113550191
144,296,412,335.38634438509865
146,302,409,335.93600581063055
158,327,400,336.29302698688235
141,293,412,336.5427164566186
138,281,417,336.85902095683883
171,168,502,337.5440711966365
172,166,504,337.76915193664445
291,589,426,338.88198535773483
143,304,405,338.9527990738533
297,598,431,339.05309318748294
245,539,403,339.09585665413255
295,597,430,339.40094283899685
137,300,403,342.2528305215313
147,322,394,343.49381362697056
289,591,421,344.223764432382
136,299,401,344.479317231093
135,296,402,344.65054765660824
132,284,407,344.7100230628637
185,417,374,348.0703951789063
140,322,389,348.2714458579687
361,648,454,349.28498393145964
304,611,426,350.12140751459344
134,307,392,350.1271197722336
389,677,479,350.7962371519968
131,297,393,352.66131060835124
301,613,422,354.5715724645731
360,651,449,355.0464758309819
217,485,372,355.27594908746636
358,651,447,356.58659537341
128,297,388,357.33037934102384
317,626,423,360.83929941180185
210,485,363,364.1455752854894
322,631,422,364.4845675745408
405,712,497,365.47092907644515
406,714,497,367.0490430446591
346,648,430,368.021738488367
326,638,421,369.3196447523473
114,239,397,373.9652390263031
306,629,401,380.87530767956065
271,587,375,383.3770989508893
408,726,482,385.7512151633485
101,206,398,390.51248379533274
111,296,352,391.515006098106
102,190,407,392.4041284186495
100,192,405,392.8269339034685
139,102,495,393.97081110153323
125,341,335,395.80045477487766
94,205,387,400.23243246893423
93,206,385,401.3639246369808
129,96,482,406.4283454681772
433,763,491,410.22189117598293
432,763,488,411.91868129522845
378,700,416,412.0825160086266
89,177,392,412.20019408049774
397,720,433,413.6870798079147
376,700,413,414.3150974801667
104,316,321,415.2890559598218
133,392,305,418.226015450976
130,385,304,419.81543563809083
122,362,306,420.5948168962618
121,359,305,422.03554352684563
118,357,304,423.33556429858334
119,361,302,424.6987167392904
97,316,311,424.95293857084926
99,318,310,425.41744204957087
370,699,396,426.4985345813043
88,283,319,426.9543301103761
243,585,326,427.47748478721076
261,600,332,427.873813173931
96,111,428,429.424032862624
277,614,336,430.22784661153673
264,605,330,431.76961449365564
87,133,402,432.528611770366
253,596,325,432.6580636021938
263,606,327,434.9126349049887
269,611,328,436.1249820865574
92,316,299,436.5695820828565
270,615,326,439.6555469910507
124,385,282,441.7250275906947
214,534,294,441.9094929960206
86,161,365,443.41628296669484
212,534,291,444.8156921692399
81,202,336,445.28642467517466
98,341,284,445.7947958422126
108,360,277,449.5786916658751
116,49,464,455.18018410295497
115,47,464,456.8292897790158
112,376,266,458.5193561890272
106,48,454,461.7358552246078
76,197,318,463.4058696218683
195,515,265,465.97210216921786
109,376,256,468.46558037917794
197,520,263,468.93176475901055
367,722,350,476.64242362592944
373,725,352,476.9706489921576
91,354,250,477.16244613338966
79,280,267,477.2431246230793
423,790,415,477.7080698501963
381,737,360,478.5530273647843
204,543,258,479.0167011702202
73,143,334,479.06680118747533
279,644,294,481.2317529008243
299,673,309,482.2551192055923
366,724,344,482.58056322234944
363,719,338,484.2323822298546
429,800,415,485.41219597368996
391,754,364,486.8921851909312
390,753,363,486.9517429889742
431,803,416,487.11087033651796
394,756,363,488.9836398081228
225,579,257,490.1530373260988
67,128,331,490.404934722317
66,128,329,492.00101625911304
80,59,386,496.1058354827123
84,47,397,497.74893269599283
65,239,258,499.5207703389319
364,730,326,500.4517958804824
82,43,397,500.78538317327116
77,56,380,502.38232452983453
371,735,327,502.73850061438503
365,732,323,504.04860876705135
57,227,257,505.0089108124727
162,470,219,505.0990001969911
78,45,387,505.8319879169367
61,245,248,506.6724780368478
75,57,372,507.1380482669388
60,243,248,507.38249871275616
74,59,367,509.1659847240387
72,68,357,509.86370727871974
120,421,212,510.008823453085
71,71,353,510.65644028054714
70,70,353,511.3482179493735
56,207,257,513.1413060746523
385,756,330,513.7003017324402
55,208,255,514.5337695428747
54,208,253,516.349687711729
69,61,352,518.3329046086116
53,227,236,524.4091913763526
45,155,270,525.9895436223044
44,154,270,526.5016619157057
123,435,195,527.114788257738
49,206,242,527.184977024194
257,640,240,528.1855734493323
126,443,194,528.341745464051
113,421,192,530.0084904980297
48,206,238,530.8295394945537
43,124,283,531.7151493045877
213,573,209,534.200336952346
52,241,220,534.3154498982788
142,470,189,534.9813080846844
107,414,187,535.0934497823721
50,240,217,537.4765111146719
51,243,215,538.3400412378778
85,351,188,538.9666037891402
42,206,228,539.9629616927442
83,350,187,540.093510422038
127,451,182,540.6745786515212
203,567,200,541.2328519223496
208,573,199,543.8106288038144
288,683,243,544.5383365751212
46,228,213,545.4328556293616
179,520,185,545.5135195391587
40,215,217,546.5400259816292
41,219,215,546.8765857119868
294,692,245,547.1316112234789
290,687,238,550.8402672281684
110,427,170,552.0081521137165
117,438,170,552.1775076911409
285,682,233,552.8878729001026
231,613,199,556.1025085359713
293,693,234,557.2297551279903
39,87,278,557.4091854284427
233,616,198,558.0680962033217
316,717,241,563.2139913034831
90,405,157,565.3193787585916
258,653,204,566.3611921733338
182,535,162,570.8949115205004
103,428,145,577.0138646514484
105,430,145,577.0311949972895
63,316,153,579.1588728492382
68,322,150,581.0232353357308
229,617,172,582.8799190227778
223,603,165,585.0555529178405
64,321,144,587.1056123049754
222,602,160,589.5150549392272
31,123,214,590.4786194266478
314,725,210,593.923395733827
348,749,224,594.6671337815803
379,780,245,595.201646503099
187,546,139,595.628239760339
29,121,208,596.6615456018596
224,614,156,597.0393621864474
58,320,133,598.1111936755573
62,325,132,598.2482762198316
234,628,159,598.8196723555432
226,617,155,598.9474100453227
221,604,150,599.65323312728
238,631,159,599.8483141595049
95,424,122,600.0
59,323,129,601.5396911260303
186,547,131,603.6638137241622
184,546,130,604.4402369134602
262,669,166,607.5862078750636
26,129,183,614.4477195010166
201,586,129,614.730022042197
27,160,166,615.4932980951133
28,177,157,616.6311701495473
47,292,119,617.2787052863561
35,220,138,618.6048819723297
200,583,121,621.6767648867054
34,215,135,623.0971031869752
244,658,144,623.5703649148186
32,206,136,625.2359554600167
33,217,128,629.034975180236
24,138,161,629.6959583799153
23,135,161,631.0641805711999
252,666,139,631.2313363577572
22,133,161,631.9825946970375
255,667,138,632.5385363754527
30,206,127,633.678940789419
313,737,165,638.9194002376199
19,131,153,640.0078124523169
315,738,164,640.2811882290467
18,130,152,641.3548159950153
318,741,164,641.7577424542691
17,100,167,642.6515385494693
16,107,162,643.4974747425199
15,107,160,645.2387155154285
272,687,132,645.9636212667087
14,110,157,646.3907486961737
276,689,132,646.7804882647589
38,277,89,649.8445968075753
11,114,150,650.6027974117542
37,274,87,652.476053200422
8,109,150,653.0
237,642,97,661.9282438452071
12,161,101,674.3960260855634
286,714,112,675.4257916307313
36,262,66,675.7070371100185
9,158,99,677.4105106949552
5,149,102,678.2514283066421
13,167,94,678.5521350640641
10,164,93,680.6181014342772
7,157,93,683.3227641459049
20,188,78,685.8804560563015
4,146,94,686.7808966475407
3,143,95,687.0880584029968
25,201,72,687.1892024762903
6,162,83,690.6265271476328
21,198,64,695.7298326218303
2,146,84,695.9367787378391
1,139,62,718.9054179793055
0,136,62,720.0999930565199
