156,327,401,9.219544457292887
145,322,394,14.035668847618199
157,308,416,15.264337522473747
143,305,406,16.1245154965971
154,307,416,16.1245154965971
148,305,412,16.492422502470642
158,307,418,17.204650534085253
144,302,409,19.026297590440446
133,307,392,21.2602916254693
136,300,403,21.587033144922902
132,309,390,21.633307652783937
134,297,402,24.73863375370596
141,296,412,25.317977802344327
135,296,403,25.495097567963924
140,294,412,27.294688127912362
164,301,429,29.0
130,295,394,29.5296461204668
127,297,388,31.240998703626616
161,294,430,34.828149534535996
142,287,419,35.73513677041127
131,284,407,37.013511046643494
152,289,427,37.21558813185679
137,281,418,41.23105625617661
149,283,429,43.41658669218482
151,283,431,44.41846462902562
162,284,438,47.634021455258214
150,279,433,48.877397639399746
163,283,439,49.040799340956916
171,307,455,49.040799340956916
160,282,438,49.20365840057018
147,276,432,51.0
146,275,431,51.42956348249516
110,296,349,64.07807737440318
124,340,336,74.46475676452586
114,239,397,82.73451516749222
194,392,458,86.83893136145792
102,315,321,87.20665112249179
153,245,455,89.35882720806042
99,316,313,95.13148795220224
89,283,320,95.85405573057407
98,317,311,97.082439194738
178,417,372,102.52804494381037
209,350,509,105.08092119885512
188,297,512,106.73331251301067
210,348,512,107.44766167767449
95,319,300,108.01851693112621
120,360,306,109.20164833920778
117,357,303,111.0
165,230,475,113.00442469213318
121,363,303,113.08846094982458
184,269,509,113.6001760562016
100,207,399,114.35471131527551
197,308,522,114.73883387938018
191,298,521,115.31695452100702
205,315,524,116.15506876585283
93,206,385,117.27744881263405
195,300,524,117.88553770501282
104,344,292,118.25819210524064
186,268,514,118.51160280748886
129,384,307,119.03780911962384
94,202,388,120.66896867049125
207,307,533,125.78155667664477
204,296,535,129.43724348115578
101,191,408,130.0
105,358,277,136.12494260788506
80,203,337,137.71347065556077
211,459,421,138.61096637712328
123,385,282,141.3223266154361
218,456,458,143.96180048887967
217,457,457,144.55794685869054
90,177,392,144.88616221019868
79,280,269,144.9206679531943
222,458,461,146.8945199794737
112,376,266,152.27934856703322
193,255,546,152.97058540778355
74,198,317,153.00326793895613
169,205,508,153.15351775261317
168,201,508,156.20499351813308
92,354,251,160.4306703844374
109,376,256,161.64467204334326
230,462,493,164.63899902513984
86,161,365,165.67739737212196
214,487,417,166.24379687675568
240,455,507,166.6043216726385
208,486,380,167.35889578985635
176,197,521,167.7647161950331
216,295,574,168.02380783686579
234,467,492,168.43990026119107
206,486,372,168.88161534045085
221,301,576,169.1862878604528
249,414,550,169.7439247808298
199,486,364,170.76592165886026
62,239,258,170.95028517086482
251,455,518,173.3666634621547
227,344,580,173.53097706173386
228,344,581,174.52220489095365
170,185,518,174.91712323268982
172,185,519,175.54771431152272
54,228,258,176.49079296099274
59,245,248,177.13271860387624
58,244,248,177.56407294269863
250,478,496,179.98055450520204
166,168,503,180.09441968034434
175,183,524,180.27756377319946
237,493,468,182.1647605877712
167,166,504,182.3211452355431
256,474,511,184.43969204051496
183,190,538,184.55622449540954
259,475,511,185.27007313648906
260,473,514,185.31055015837603
88,133,402,188.09572031282372
51,207,258,188.403821617291
50,208,257,188.6001060445089
49,209,254,190.4205871222962
182,180,536,190.4337155022713
225,509,441,190.87430418995638
265,403,582,192.35384061671346
72,143,334,192.76929216034384
231,512,441,193.82982226685345
48,227,237,195.13328778042973
173,167,528,195.2331938989884
233,515,441,196.78668654154427
267,412,583,197.24603925047518
263,492,507,197.59048560090133
266,491,510,198.25236442474022
44,206,242,201.94306128213466
270,452,563,202.94334184693028
243,521,443,203.03940504246953
47,241,221,203.39370688396434
200,203,574,203.66639388961548
235,524,431,204.29880077964236
46,243,216,207.23899247004653
45,240,217,207.46565980903924
63,128,330,208.16579930430456
242,299,615,208.16579930430456
246,527,439,208.31946620515328
244,299,616,209.16022566444127
96,111,428,210.95023109728987
39,207,230,211.3764414498456
232,283,616,211.4426636230257
268,509,507,212.47352776287215
42,227,214,215.5736533067063
41,155,270,215.87033144922904
253,299,623,216.12265036316762
40,154,270,216.640254800441
226,539,404,218.03669415949233
119,421,214,218.25672956406177
38,219,215,218.29567105190154
277,429,599,219.4196891803468
37,215,215,220.19309707617992
229,265,622,221.20578654275752
82,350,188,221.90313201935658
81,350,187,222.89459392277777
287,418,617,230.41267326256167
138,105,496,233.23807579381202
291,505,552,233.64930986416374
280,536,507,236.6981199756348
128,96,482,236.8564966387876
113,422,191,239.35329536064467
107,414,187,239.77072381756702
122,435,197,239.82702099638396
185,515,265,241.0082986123092
155,470,218,241.4560001325293
203,535,296,241.5367466867102
202,535,292,243.41733709824368
125,443,196,244.59762877019065
187,520,263,246.22347572885897
301,534,539,250.05999280172747
285,346,660,253.23704310388715
293,353,661,255.01568579207046
60,316,153,255.04901489713697
71,71,357,255.14897609044016
69,71,353,255.9785147234041
314,530,557,256.6748916431056
68,70,353,256.95524902208166
321,470,618,257.489805623446
55,72,341,257.8565492672234
65,322,150,258.00193797721755
70,68,357,258.08913189051566
111,426,172,258.30408436569485
294,347,665,258.3118270617898
288,569,482,258.80494585691366
126,451,184,258.9903473104741
296,350,666,259.6247291765559
52,71,336,260.161488310626
289,571,480,260.161488310626
53,70,339,260.3113520382851
78,59,386,262.9220416777566
282,316,671,263.04752422328556
61,321,144,264.0
139,470,190,264.0549185302179
326,494,608,264.4409196777231
91,405,157,264.6828290615015
66,62,352,264.9849052304678
73,59,368,265.03584663211126
118,438,170,265.2036952985384
76,56,382,266.2724168966812
75,57,372,266.4432397340942
275,285,672,266.4432397340942
36,87,280,266.7208278331484
192,543,260,266.8107943843352
84,53,397,268.2256512714621
330,502,606,268.26293072282647
302,350,675,268.5702887513807
273,589,426,268.6037974415105
257,588,375,269.0315966573443
300,578,491,270.07036120240963
272,591,421,270.31278179176064
334,511,604,272.97618943783357
56,321,135,273.0
67,331,135,273.18308878845335
306,350,680,273.5415873317986
312,361,679,273.93612394133055
85,47,398,274.18242102658587
304,347,681,274.23530042647684
64,328,133,275.0890764825096
77,46,388,275.72631357924473
223,585,327,276.14670014323906
316,364,681,276.3656997530627
31,122,216,276.52305509667724
116,50,465,276.92959394040935
57,323,131,277.0072201225087
278,597,432,277.04151313476467
83,44,398,277.18044664081197
279,598,431,277.95323347642494
108,47,455,278.0017985553331
309,345,685,278.03776721877193
115,47,465,279.8660393831306
87,41,402,280.06427833624196
290,599,447,280.72228269234347
292,599,449,281.0071173475861
320,361,687,281.85279846047297
103,428,147,282.0815484926301
28,121,209,282.1364917907643
341,490,634,282.20028348674634
317,351,689,282.59688604087626
106,430,147,282.8462479864281
340,468,650,283.14837100008185
318,349,691,284.3817856333278
343,507,624,285.04736448527285
27,177,159,287.64040050034697
34,220,138,288.2724405835563
236,597,324,288.4995667241114
245,600,332,289.1660422663768
328,368,694,289.836160614924
347,485,647,289.85686122636463
283,611,423,290.38767191463205
286,611,426,290.5580836941213
26,160,166,290.66303514551004
329,368,695,290.82297020696285
43,293,118,291.3485884640597
33,215,135,292.85662020859286
350,492,647,293.87412271242937
25,129,184,295.0254226333724
252,606,331,295.2185631019838
30,206,136,295.3116997343654
248,606,327,296.2870230030333
174,521,187,298.0620740718282
354,511,638,298.328677803526
307,616,453,298.41246622753545
32,217,128,298.69047524151154
212,579,257,298.93979326948096
97,425,127,299.6281028208135
254,611,328,300.83217912982644
262,614,337,301.4796842243271
313,297,710,302.95214143491376
310,621,451,303.0659994126692
29,206,127,303.621474866321
356,499,654,303.6445290137795
315,622,454,304.4946633358293
255,615,327,304.9540949061022
24,138,162,306.6023483276017
359,516,645,306.91041038061906
357,554,608,307.06513966909364
284,628,400,307.1042168385188
305,277,713,308.15742729974886
362,490,666,308.4234102658227
22,134,162,309.00647242412253
21,135,161,309.2005821469293
303,632,423,311.3615262038648
348,602,543,311.746692043396
336,624,490,313.8996654983882
311,274,719,314.5313974788527
308,638,422,317.3089976663126
18,131,153,318.0015723231569
367,528,650,318.45407832213425
17,129,152,320.0
201,573,210,320.4808886657674
325,289,727,320.6009981269553
322,280,726,320.6321880285883
324,285,727,321.024921150991
319,275,726,321.30981933330327
331,303,729,321.50427679892533
358,612,551,324.237567225021
16,109,162,324.7460546334628
327,286,731,324.8907508686574
177,536,164,325.2091634625322
196,571,200,325.21377584598105
14,106,162,326.712411763006
15,100,167,326.98929646090863
198,574,200,327.5255715207593
13,110,157,327.9054741842533
323,649,431,328.80541358073776
364,424,721,329.51176003293114
335,648,455,330.3604092502611
10,114,150,330.7763594938429
368,424,723,331.41213013406735
333,651,449,332.53721596236414
7,109,150,333.9281359813815
332,278,740,334.7730574583325
375,580,634,343.7397271192261
264,645,292,344.13950659579905
370,382,748,345.42871913030046
361,652,508,345.77593901253454
11,161,101,346.19214318063314
35,260,65,348.38197427536346
181,545,140,349.28498393145964
8,158,99,349.35655139126845
12,167,94,349.7313254485506
4,149,102,351.0270644836378
9,164,93,351.9573837838894
19,190,79,354.12144809372955
23,200,75,354.3021309560528
376,622,596,354.8873060564438
6,157,93,355.1351855279902
180,547,131,357.49825174397705
179,546,130,357.64367742209566
215,614,201,358.74503480884584
2,143,96,359.20467702968455
3,146,94,359.4732257067277
241,640,240,360.5343256889696
5,162,84,360.91134645505394
20,199,67,362.1670885102621
380,485,731,362.2499137335991
363,677,479,363.0110191165001
219,618,198,363.7430411705494
378,634,596,365.1205280451922
281,673,309,365.65694304908254
385,505,725,366.5310355208683
377,656,561,368.28521555989727
381,631,613,371.6517186829626
386,472,748,372.02284876066415
384,627,621,372.83374310810444
372,681,508,373.6308338453881
373,680,512,373.7606185782552
383,641,604,375.2545802518605
392,541,713,376.06515392947534
389,484,747,376.1515651967967
382,647,597,376.8248930206177
374,680,523,376.96949478704505
387,639,611,377.27046001509314
393,568,695,378.65287533570904
344,700,398,379.1319031682773
213,617,171,379.18992602652304
351,701,414,380.04736546909515
352,701,417,380.10656400541154
388,638,618,380.248602890267
390,470,758,380.39584645471615
190,585,131,382.65519727294964
394,482,760,387.07234465923807
189,585,123,388.48552096571115
401,557,719,390.40619872128053
395,465,771,390.5188855868561
396,467,771,391.26078259902306
1,138,62,391.41410296513334
0,136,63,391.47158262126766
402,559,719,391.61843674679056
399,477,773,396.9395419960072
271,683,243,397.8303658596211
400,477,774,397.8592716024097
371,720,433,399.78244083501215
404,587,710,402.4425424827748
274,688,240,403.62482579742294
337,720,338,405.093816294448
391,700,553,405.79058638662383
403,480,782,406.39512792355174
345,727,350,410.1219330881976
379,726,482,411.7049914684057
276,695,234,412.4948484526807
349,731,353,413.67257583746107
346,731,346,414.6613075752306
338,730,326,417.1390655404981
405,599,719,417.1390655404981
355,738,361,419.6403221807933
339,733,324,420.47592083257274
342,735,327,421.8494992292867
247,669,168,422.7339588914049
224,658,144,428.0946157101255
406,661,669,428.6268773653841
408,675,660,434.53423340399775
365,754,364,435.22982434571276
366,755,364,436.22471273415954
239,668,143,436.61653656269135
238,668,142,437.2241987813575
369,756,363,437.3213921133975
409,675,665,437.4528546026417
407,702,628,439.95567958602373
360,758,331,443.7319010393551
411,704,635,445.21680112053275
220,643,99,446.2790606784056
295,723,211,447.67510540569486
412,710,632,448.8841721424359
397,763,492,449.91110233022704
410,722,614,450.81814515389686
398,765,489,451.32804034316325
258,687,134,457.20017497809425
261,689,134,458.8027898781785
413,688,693,464.6654710649372
414,724,658,474.24571690211394
297,737,165,481.7727680141334
298,738,164,483.1407662369219
299,741,166,484.73085315461407
353,781,246,487.6925260858526
415,705,711,489.14721710339927
269,714,114,490.80036674802926
