151,288,425,6.082762530298219
138,281,417,6.324555320336759
141,293,412,9.219544457292887
152,283,429,10.770329614269007
156,285,430,11.180339887498949
144,296,412,11.40175425099138
164,294,429,12.206555615733702
132,284,407,12.36931687685298
155,283,431,12.649110640673518
148,277,431,15.620499351813308
153,279,433,16.1245154965971
168,301,427,16.1245154965971
149,276,432,17.029386365926403
146,302,409,18.027756377319946
135,296,402,19.235384061671343
166,284,438,19.235384061671343
150,305,412,19.313207915827967
165,282,438,19.6468827043885
163,307,418,20.024984394500787
159,307,416,20.223748416156685
167,283,439,20.396078054371138
137,300,403,20.615528128088304
160,308,416,21.213203435596427
136,299,401,21.633307652783937
143,304,405,22.02271554554524
170,314,424,27.459060435491963
131,297,393,27.85677655436824
128,297,388,32.57299494980466
134,307,392,33.60059523282288
161,321,406,36.40054944640259
157,321,404,37.16180835212409
176,307,455,41.182520563948
147,322,394,43.01162633521314
158,327,400,44.28317965096906
140,322,389,46.09772228646444
114,239,397,52.80151512977634
154,245,454,54.67174773134658
111,296,352,67.60177512462228
169,230,474,79.20858539325141
101,206,398,83.67795408588812
93,206,385,87.84645695758026
94,205,387,88.02272433866155
194,269,509,91.78235124467012
193,266,509,92.41753080449618
199,297,512,93.53608929178085
100,192,405,96.0260381354974
196,268,514,96.88137075826292
102,190,407,97.73944955850733
198,272,516,98.15294188153506
125,341,335,99.85990186255943
88,283,319,100.07996802557443
104,316,321,102.20078277586722
202,298,521,102.59142264341595
209,308,522,105.11898020814318
207,300,524,105.80170130957252
216,314,524,108.41586599755591
205,390,457,109.78615577567146
219,350,509,109.85900054160332
220,348,512,111.22050170719426
97,316,311,111.8257573191436
89,177,392,113.26517558367179
99,318,310,113.3225485064645
215,295,534,115.27792503337315
218,307,533,115.7410903698423
81,202,336,118.80235687897779
174,204,508,121.69634341261039
92,316,299,123.45444503945575
177,204,511,123.90722335683259
173,201,509,124.48293055676348
206,255,546,130.96946208945045
118,357,304,134.6291201783626
121,359,305,134.8332303254654
76,197,318,135.28118864054971
122,362,306,135.6244815658294
86,161,365,137.08391590555036
185,417,374,137.56816492197603
183,197,524,138.2931668593933
119,361,302,138.43771162512041
175,185,518,142.1442928857856
178,185,519,142.84257068535277
192,204,536,143.45033983926285
171,168,502,145.08618128546908
98,341,284,145.3994497926316
181,183,524,147.78700890132393
190,198,537,147.80054127099805
172,166,504,147.87156589419075
130,385,304,151.09268678529745
79,280,267,152.16109883935513
87,133,402,154.93547043850222
133,392,305,154.98709623707387
191,190,540,155.08062419270823
232,295,574,155.2063143045411
189,184,538,157.3848785620779
240,301,576,157.62296786953354
188,180,536,158.54967675779096
108,360,277,159.66527487215245
180,167,528,162.1141573089778
73,143,334,167.2154299100415
65,239,258,168.00297616411441
124,385,282,168.44286865284622
246,344,580,170.79227148791014
247,345,580,171.1286066091815
57,227,257,172.75416058665562
236,456,458,173.44163283364233
235,457,457,174.1952927033334
239,458,460,175.8465239918037
61,245,248,176.08236708995025
96,111,428,176.22996340009834
60,243,248,176.57009939398006
112,376,266,177.00282483621552
211,199,574,178.23860412379804
56,207,257,180.67650649710936
67,128,331,181.72781845386248
91,354,250,181.79658962697843
55,208,255,182.03571078225283
66,128,329,182.70467974302136
266,415,550,183.15294155431957
54,208,253,183.8396040030548
109,376,256,185.71483516402236
256,453,506,187.41664813991312
249,462,493,190.0026315607234
53,227,236,192.5850461484484
254,467,492,194.23954283306992
49,206,242,194.65353837010002
268,455,518,195.0
248,283,614,195.04102132628407
259,299,615,196.36700333813724
260,299,616,197.36514383244068
48,206,238,198.29775591266787
45,155,270,199.06029237394384
228,486,414,199.0628041598932
44,154,270,199.7248106770914
139,102,495,200.0024999843752
230,487,414,200.06249023742558
281,403,582,200.06249023742558
129,96,482,201.12185361118767
267,299,622,203.35437049643167
217,485,372,203.5018427434995
52,241,220,204.2473990042468
210,485,363,205.7668583615933
265,478,496,205.9368835347374
250,266,624,206.0728026693479
283,413,583,206.81392603013947
50,240,217,207.3957569479183
42,206,228,207.46565980903924
273,474,511,208.40585404445815
51,243,215,208.6911593719293
251,490,468,208.83007446246816
275,473,514,208.85641000457707
241,496,422,209.02152999152983
274,475,511,209.30360723121808
227,497,399,210.95023109728987
43,124,283,212.2851855405836
46,228,213,214.28252378577213
40,215,217,214.448128926321
41,219,215,215.0348808914498
287,452,563,219.0
242,507,418,220.00227271553356
278,492,506,222.69710370815332
280,491,509,222.97085011274456
71,71,353,225.85836269662454
70,70,353,226.81490250863146
72,68,357,227.6071176391459
296,429,599,229.26840166058645
80,59,386,230.37577997697588
74,59,367,233.85465571589546
77,56,380,234.26907606425564
75,57,372,234.75306174787156
69,61,352,235.72229423624742
305,418,617,237.41314201197878
284,508,507,237.87601812709073
85,351,188,239.70189819857498
83,350,187,240.40174708183798
84,47,397,241.00622398602076
106,48,454,241.54916683772686
116,49,464,242.21684499637922
78,45,387,244.10653411983876
115,47,464,244.1823089414956
39,87,278,244.70594598415462
82,43,397,244.989795705862
120,421,212,246.5866987491418
303,346,660,248.11690792850052
309,353,659,248.90962215229848
245,539,403,252.50742563338608
292,285,672,253.00790501484337
282,534,474,253.04940229133123
312,351,664,253.2212471338059
300,316,671,253.6631624812716
308,504,551,253.99409441953566
328,442,626,258.6000773395089
319,350,673,261.69638897011936
31,123,214,262.5280937347468
337,443,631,263.21094202179364
113,421,192,263.60007587252323
298,536,507,264.09278672466615
107,414,187,264.48629454094595
340,450,631,267.41914665932205
323,350,679,267.52383071420013
63,316,153,267.5761573832766
29,121,208,268.47159998778267
123,435,195,268.47718711279737
324,347,681,268.7824399026097
329,360,678,269.09106265351886
344,470,618,270.3516228913746
162,470,219,271.0885464197999
68,322,150,271.26739575555337
336,363,680,271.84002648616706
126,443,194,273.79006556118867
321,534,539,274.6069918993324
195,515,265,275.13632984395207
214,534,294,276.8284667443
64,321,144,277.09384691833196
338,351,689,277.48153091692427
342,361,687,278.0287754891569
212,534,291,278.19597409020855
339,349,691,278.9767015361677
334,530,557,279.4512479843309
352,494,608,280.30340704315387
197,520,263,280.40149785619906
350,368,690,282.8462479864281
27,160,166,283.08655920053855
26,129,183,284.0070421662111
28,177,157,284.1548873413934
351,368,692,284.76305940202286
355,501,607,284.85083815920217
110,427,170,285.6588874864565
354,368,694,286.6810073932349
90,405,157,287.34648075102643
58,320,133,287.8975512226528
127,451,182,288.20999288713085
35,220,138,288.87713651308576
307,569,482,288.951553032684
302,570,479,289.29051142407
62,325,132,289.5047495292607
359,510,604,289.74816651706357
332,297,710,291.171770609721
117,438,170,291.20782956507196
59,323,129,292.2259399848001
34,215,135,292.9846412356798
335,294,712,293.08360581922693
142,470,189,293.9200571584049
325,277,713,294.17001886664116
32,206,136,294.3637205907005
369,470,651,295.4877324018715
368,492,634,297.06901555025894
24,138,161,297.9345565724124
33,217,128,299.3008519867593
23,135,161,299.4461554269816
320,578,491,299.7749155616594
47,292,119,300.04166377354994
331,273,719,300.32648900821255
22,133,161,300.4663042672173
372,507,624,300.70749907509787
374,485,647,301.97350877187887
345,292,721,302.0413878924542
291,589,426,302.08111493438315
204,543,258,302.4185840850393
30,206,127,303.0264014900352
271,587,375,303.2094985319556
289,591,421,304.00657887618155
377,492,647,306.60887136545807
343,278,726,307.13189349203054
341,275,726,307.23443817384793
349,289,727,308.00649343804423
347,283,727,308.0259729308553
103,428,145,308.1509370422229
19,131,153,308.3699077406873
105,430,145,309.0711892105118
18,130,152,309.7385994673573
295,597,430,310.195099896823
356,302,729,310.3626910567699
297,598,431,311.231425148554
243,585,326,312.17463061562194
353,286,732,313.0015974400131
380,511,638,313.2682556532021
16,107,162,313.765836253726
17,100,167,313.80407900471914
310,600,446,314.1623783969048
311,600,448,314.3405796266209
15,107,160,315.40608744918035
14,110,157,316.18507238641104
383,499,654,316.4948656771544
388,490,666,319.71549852955206
11,114,150,319.8280788173546
386,517,643,321.05451250527534
357,278,740,321.1261434389919
8,109,150,322.56007192459515
253,596,325,322.981423614424
304,611,426,324.07560846197606
261,600,332,324.8661262735775
301,613,422,326.01380338875225
95,424,122,327.0749149659753
384,554,608,327.1238297648155
38,277,89,330.15148038438355
179,520,185,330.2196238868914
264,605,330,330.2196238868914
327,616,453,330.75217308432
263,606,327,332.00150602068055
37,274,87,332.2544205875973
392,424,722,332.53270515845503
393,528,650,333.8292976956936
225,579,257,333.9281359813815
395,424,724,334.3560975965595
330,621,451,335.5294323900662
333,621,453,335.72607882021913
269,611,328,336.53677362214074
277,614,336,337.36923392627256
375,602,543,338.52769458347126
317,626,423,339.0235979987234
270,615,326,340.9296115036064
12,161,101,342.0526275297414
396,382,748,342.4412358347049
306,629,401,342.47335662792807
362,623,491,343.62770551863247
322,631,422,344.01308114663317
9,158,99,345.023187626571
5,149,102,345.7354479945613
13,167,94,346.44624402640017
10,164,93,348.4322028745334
382,611,549,349.10743332103374
7,157,93,350.9643856575764
326,638,421,351.0056979594491
36,262,66,353.8841618383055
4,146,94,354.268259938708
3,143,95,354.5588808646598
213,573,209,354.81826334054455
20,188,78,355.0802726145174
203,567,200,355.4729244260384
182,535,162,357.1456285606755
25,201,72,357.49825174397705
6,162,83,358.49825662058663
208,573,199,360.82682827084795
346,648,430,361.1675511448945
401,577,636,362.2002208723788
361,648,454,362.6927073984256
2,146,84,363.46389091627793
358,651,447,365.0753346913483
360,651,449,365.2341714571625
21,198,64,365.9863385428478
409,438,754,367.458841232593
410,484,730,368.1439935677343
414,505,722,373.27335827781764
417,506,724,375.48102482016316
387,652,508,375.69402444010205
416,471,747,376.0850967533811
418,505,726,376.52755543253403
402,620,596,377.1180186625932
279,644,294,378.25123925771874
420,483,746,381.24139334547607
187,546,139,381.41971632310776
404,625,600,383.4123107048077
421,470,757,384.36050785688167
422,461,763,385.50226977282506
1,139,62,386.46215856148194
0,136,62,387.62094886628614
186,547,131,388.0
184,546,130,388.07473507045006
407,634,596,389.5356209642451
425,542,714,389.9358921669048
427,482,759,391.95025194532025
231,613,199,393.28869803237416
428,463,771,393.547964039963
426,568,695,393.8743454453463
389,677,479,394.58839313897715
411,631,613,394.93290569411914
430,467,771,395.3530068179576
403,656,561,395.37956446938426
415,627,621,395.47945585074325
257,640,240,395.790348543266
233,616,198,396.3357162810336
413,641,604,399.42583792238577
434,477,772,400.88527037046396
299,673,309,401.36766187624033
412,647,597,401.6017928246835
435,477,773,401.7661011085928
436,550,723,401.9763674645563
398,679,510,402.42390585053465
437,552,723,403.28773846969364
419,638,618,403.487298437014
399,681,508,403.92697359795125
223,603,165,405.4281687302943
400,680,521,406.02093542082287
222,602,160,407.80632658162625
438,480,782,411.11798793047234
229,617,172,412.20019408049774
370,699,396,412.6414908852477
378,700,416,413.01089574005186
376,700,413,413.0435812356851
221,604,150,415.7523301197481
201,586,129,416.53451237562535
439,587,710,417.9485614283174
224,614,156,419.6403221807933
200,583,121,420.0238088489747
226,617,155,422.606199670568
258,653,204,424.4773256606294
234,628,159,428.81347926575256
440,598,717,430.7261310856354
238,631,159,431.20296844989366
405,712,497,432.09836843015273
397,720,433,433.22626882496405
288,683,243,433.3497432790286
406,714,497,434.0656632354142
424,700,553,434.1946568072896
285,682,233,436.6016491036194
290,687,238,439.04555572286574
363,719,338,439.52815609469206
367,722,350,440.4384179428493
294,692,245,440.79587112403857
373,725,352,443.0947979834564
366,724,344,443.3892195351619
408,726,482,443.4974633523849
441,649,679,445.69496295111975
293,693,234,446.1625264407579
442,661,669,449.86220112385524
364,730,326,452.6566027354511
381,737,360,453.8512972329153
365,732,323,455.23730075642965
444,675,660,456.75485766437123
371,735,327,457.3488821457859
262,669,166,458.1844606705906
445,675,665,459.412668523627
244,658,144,461.8073191277938
449,670,681,464.03986897679385
443,702,628,464.6568626416702
316,717,241,465.3858614096479
390,753,363,469.3527458106536
447,704,635,469.6221885728995
391,754,364,470.227604464051
252,666,139,471.2122663938196
394,756,363,472.3314514194455
255,667,138,472.6108335618218
448,710,632,473.60109797170026
446,722,614,476.7074574621211
385,756,330,477.36987755827244
237,642,97,479.27966783497084
432,763,488,480.9750513280289
433,763,491,481.4145822469444
314,725,210,485.3091798019073
451,645,752,488.9304654038241
272,687,132,492.309861774066
276,689,132,493.93623070189943
450,724,658,498.0863378973569
348,749,224,501.46684835590077
423,790,415,503.0159043211258
452,705,711,509.89018425539433
429,800,415,513.0155943048906
431,803,416,516.0087208565375
313,737,165,516.7359093386099
315,738,164,518.0984462435687
318,741,164,520.7120125366804
379,780,245,522.8049349422785
286,714,112,525.9068358559338
