186,268,514,5.0990195135927845
188,297,512,28.160255680657446
191,298,521,31.38470965295043
195,300,524,34.438350715445125
204,296,535,37.48332962798263
193,255,546,39.56008088970496
197,308,522,41.10960958218893
207,307,533,44.94441010848846
205,315,524,48.38388161361178
165,230,475,51.73973328110612
153,245,455,59.09314681077663
169,205,508,64.00781202322104
171,307,455,66.03029607687671
168,201,508,68.00735254367721
216,295,574,70.00714249274856
163,283,439,71.386273190299
160,282,438,72.18032973047436
162,284,438,72.56721022610694
176,197,521,72.99315036357864
221,301,576,74.24957912338628
150,279,433,76.6550715869472
147,276,432,77.31752712031083
146,275,431,78.23042886243178
210,348,512,79.05694150420949
151,283,431,79.2464510246358
209,350,509,81.0
149,283,429,81.21576201698781
161,294,430,82.86132994346639
183,190,538,84.15461959987698
152,289,427,84.40379138403677
170,185,518,84.48076704197234
172,185,519,84.5931439302264
164,301,429,86.16263691415206
175,183,524,87.29833904490967
142,287,419,91.78235124467012
137,281,418,91.7877987534291
200,203,574,92.63368717696602
182,180,536,93.00537618869137
158,307,418,98.6154146165801
140,294,412,100.16985574512923
154,307,416,100.46392387319938
141,296,412,100.68763578513501
157,308,416,100.84641788382967
166,168,503,101.17806086301516
131,284,407,103.0970416646375
167,166,504,103.12128781197411
227,344,580,103.27632836231156
148,305,412,103.46496991735899
173,167,528,103.75451797391764
228,344,581,103.96634070698074
144,302,409,105.30432089900205
232,283,616,107.91200118615167
143,305,406,109.11003620199197
135,296,403,109.38464243210744
242,299,615,110.16351483136329
136,300,403,110.44002897500525
134,297,402,110.60289327137876
244,299,616,111.12605455067681
229,265,622,113.07077429645558
159,321,408,113.6001760562016
114,239,397,115.94826432508596
253,299,623,117.881296226331
130,295,394,117.90250209389112
156,327,401,122.58874336577564
133,307,392,123.01625908797584
127,297,388,124.19742348374221
132,309,390,125.54282137979854
100,207,399,126.26955294131677
145,322,394,126.62543188475212
101,191,408,127.61269529321916
194,392,458,133.15404612703287
94,202,388,138.31124321616085
93,206,385,139.08630414242805
90,177,392,148.8388390172404
249,414,550,150.68510211696443
265,403,582,152.59423318068085
267,412,583,161.01242188104618
110,296,349,162.2621335986927
275,285,672,163.783393541592
138,105,496,164.51443705644803
282,316,671,168.6801707374047
285,346,660,169.49926253526885
88,133,402,173.04623659588788
293,353,661,173.6663467687393
294,347,665,174.41330224498358
128,96,482,175.09426032854418
296,350,666,176.6635219845908
96,111,428,177.55280904564702
86,161,365,180.0
277,429,599,183.5755975068582
287,418,617,184.0244548966251
80,203,337,184.22811946062956
302,350,675,184.70787747142785
240,455,507,186.01075237738274
251,455,518,186.21761463406193
124,340,336,187.00267377767625
304,347,681,188.85973631242842
306,350,680,189.21416437465774
89,283,320,189.51780918953236
270,452,563,190.80094339389416
309,345,685,191.70811146114815
312,361,679,193.29769786523585
102,315,321,193.54586019855861
230,462,493,193.6620768245554
218,456,458,193.82982226685345
222,458,461,195.0
217,457,457,195.05896544378575
316,364,681,196.49173010587495
317,351,689,197.7978766316767
234,467,492,198.72845795205075
318,349,691,198.80643852752857
320,361,687,200.3696583817021
99,316,313,201.55644370746373
178,417,372,201.67548190099856
313,297,710,202.94087809014724
98,317,311,203.73512215619573
260,473,514,204.0612653102004
305,277,713,204.15680248279753
74,198,317,204.70710783946902
256,474,511,205.00975586542216
259,475,511,206.00970850908945
211,459,421,209.3895890439637
250,478,496,209.40391591371923
328,368,694,209.82373554962746
311,274,719,210.05951537600004
329,368,695,210.70595625183452
95,319,300,214.89765005695153
72,143,334,215.64090521049107
319,275,726,217.0829334609241
322,280,726,217.27862297059966
324,285,727,218.58636736997119
325,289,727,218.91550881561588
266,491,510,222.00225224082752
120,360,306,222.46348014898985
331,303,729,222.61176967986216
327,286,731,222.64994947226015
263,492,507,223.00896842952304
116,50,465,223.37636401374252
117,357,303,224.0089283934906
115,47,465,226.3183598385248
121,363,303,226.43321311150447
237,493,468,227.72132091659753
63,128,330,227.86399452304877
108,47,455,228.47319317591726
321,470,618,228.65257488163127
104,344,292,229.5952961190625
332,278,740,231.17525819170183
129,384,307,232.44139046219803
214,487,417,236.61783533791362
291,505,552,239.88538930080756
268,509,507,240.00833318866242
79,280,269,240.25195108468944
84,53,397,243.3105012119288
78,59,386,243.37008854828483
340,468,650,243.88931915932687
326,494,608,245.81700510745793
76,56,382,247.98790293076797
85,47,398,248.20354550247666
105,358,277,248.4854120466632
225,509,441,249.44738924270183
71,71,357,249.61570463414355
83,44,398,250.89041432466087
87,41,402,251.85908758669004
70,68,357,252.00198411917316
69,71,353,252.07141845120006
231,512,441,252.33509466580347
330,502,606,252.38462710711997
75,57,372,252.41434190631878
208,486,380,252.4480144505003
62,239,258,252.7864711569826
68,70,353,252.85766747322495
73,59,368,252.94465797877606
77,46,388,253.71243564319033
341,490,634,253.90155572583637
54,228,258,254.32656172724074
123,385,282,254.9215565620138
233,515,441,255.22539058643832
347,485,647,256.3201123595259
206,486,372,256.62813563598206
51,207,258,258.54400012377005
55,72,341,258.90731932488893
50,208,257,259.2778432492835
66,62,352,259.8037721050255
334,511,604,259.97884529322766
243,521,443,260.4995201531089
199,486,364,260.98658969380017
53,70,339,261.72695696087555
49,209,254,261.9637379485947
59,245,248,262.1011255221923
58,244,248,262.1945842308723
350,492,647,262.24606765402604
364,424,721,262.6194966105906
52,71,336,262.9315500277591
368,424,723,264.23663636975095
343,507,624,264.3274484422683
370,382,748,264.3671689147501
41,155,270,264.7961480082367
40,154,270,265.228203628498
314,530,557,265.37709019431196
112,376,266,265.51459470243816
235,524,431,266.6627083039546
301,534,539,266.6927070618917
280,536,507,267.0074905316328
246,527,439,267.3275144836386
362,490,666,271.0903908293321
92,354,251,271.64130760986995
356,499,654,271.89152248645047
354,511,638,274.23530042647684
44,206,242,274.33191575170395
109,376,256,274.69619582367716
48,227,237,275.2235455043772
359,516,645,281.966310044303
39,207,230,285.8058781760795
47,241,221,289.3579098625092
226,539,404,289.69811873741946
36,87,280,292.5149568825499
45,240,217,293.43653487594213
46,243,216,294.15132160165456
367,528,650,294.89320100673734
42,227,214,297.9748311518944
38,219,215,298.2213942694253
37,215,215,298.9180489699476
288,569,482,301.21254953935767
357,554,608,301.70515408259104
289,571,480,303.3891889965758
300,578,491,309.5238278388273
380,485,731,309.7418279793674
386,472,748,313.5761470520358
385,505,725,319.924991208877
390,470,758,320.00312498474136
389,484,747,320.73197533142843
395,465,771,327.2002444986862
31,122,216,327.8078705583501
396,467,771,328.40219244091537
394,482,760,329.1959902550455
273,589,426,330.58886853613205
82,350,188,331.0619277416236
119,421,214,331.85689686972006
81,350,187,332.0316249997882
272,591,421,333.8083282364297
28,121,209,334.5205524328812
348,602,543,334.73123547108656
375,580,634,335.18054836162554
292,599,449,335.4101966249685
290,599,447,335.77373333838966
399,477,773,336.0952246016001
400,477,774,336.8812847280181
278,597,432,336.91690370178816
279,598,431,338.11980125393427
392,541,713,340.0
203,535,296,340.77118422777477
202,535,292,343.2855953866984
403,480,782,345.03622998172233
358,612,551,345.56186132152953
257,588,375,346.0014450836875
185,515,265,346.48520891951506
187,520,263,351.4498541755282
307,616,453,351.4896869041822
286,611,426,351.92754936208104
393,568,695,352.13207749365864
283,611,423,352.6471324142591
113,422,191,352.89233485583105
107,414,187,353.1416146533852
122,435,197,353.41194094144583
155,470,218,353.6693370932798
25,129,184,353.8714455844099
336,624,490,355.50808710914015
401,557,719,356.4323217666995
310,621,451,356.7464085313264
315,622,454,357.2590096834508
402,559,719,358.05027579936313
125,443,196,358.11311062288684
60,316,153,359.0891254271006
26,160,166,359.90276464623054
27,177,159,361.8894858931384
65,322,150,362.8911682584739
376,622,596,363.5629244023653
223,585,327,364.66422912043345
61,321,144,368.68550283405506
192,543,260,370.23911192633335
24,138,162,370.9043003255692
111,426,172,371.7768147692914
22,134,162,372.335869880945
126,451,184,372.4902683292545
21,135,161,372.90749523172633
303,632,423,373.048254251377
34,220,138,374.22185932946246
384,627,621,375.11065034200243
284,628,400,375.1826221988433
378,634,596,375.22526567383494
245,600,332,375.3531670307312
404,587,710,376.19808611953357
236,597,324,376.575357664306
381,631,613,376.64306710730784
139,470,190,377.04376403807555
91,405,157,377.35924528226417
56,321,135,377.59766948433355
33,215,135,377.878287283088
30,206,136,378.2829628730324
118,438,170,378.79017938695296
67,331,135,379.1042073098108
308,638,422,379.11739606617897
64,328,133,380.60084077679073
252,606,331,381.1207157843824
15,100,167,381.4773912042495
18,131,153,381.81147180251145
57,323,131,381.8376618407357
16,109,162,382.1112403476244
335,648,455,382.8276374558138
361,652,508,383.0013054808038
248,606,327,383.00522189651673
14,106,162,383.3770989508893
17,129,152,383.46968589446544
387,639,611,383.80203230311326
383,641,604,383.938797206013
32,217,128,384.5321833084976
388,638,618,384.7622642619726
262,614,337,385.4983787255142
13,110,157,386.24474106452243
333,651,449,386.6833329741534
254,611,328,386.9431482789171
29,206,127,387.16017357161104
323,649,431,387.9226727068167
382,647,597,388.10823232701466
377,656,561,390.4779123074697
255,615,327,390.9475668168303
10,114,150,391.0319680026174
405,599,719,391.1521443121589
43,293,118,391.735880409237
7,109,150,393.04071035962676
103,428,147,395.37956446938426
106,430,147,396.18808664572435
212,579,257,399.50469333913964
174,521,187,408.88629226228653
363,677,479,409.10145440953886
373,680,512,411.0109487592758
374,680,523,411.2383736958408
372,681,508,412.0012135904456
97,425,127,412.62573841194154
11,161,101,422.05212948165536
406,661,669,423.39579591677574
4,149,102,424.32181183625244
8,158,99,424.75993219699996
201,573,210,426.4000469043126
12,167,94,427.3511436746133
9,164,93,429.04661751376153
6,157,93,430.8131845707603
2,143,96,431.7927743721518
196,571,200,432.0705960835567
3,146,94,432.84408278270365
408,675,660,433.17086697976356
391,700,553,433.240118179284
264,645,292,434.12555787467755
198,574,200,434.1727766684595
409,675,665,434.93907619343656
177,536,164,436.2499283667563
19,190,79,437.1967520464899
5,162,84,438.2624784304493
23,200,75,439.45079360492684
352,701,417,441.6876724564542
351,701,414,442.3222806958745
35,260,65,444.091206848323
344,700,398,445.06404033577013
20,199,67,447.5086591340999
407,702,628,449.0545623863541
281,673,309,450.7948535642349
411,704,635,452.8807790136384
371,720,433,457.3587213555679
413,688,693,457.62102224438945
379,726,482,457.79689819831674
412,710,632,457.83184686083166
241,640,240,458.2597516692907
181,545,140,460.80039062483445
215,614,201,462.48135097536635
410,722,614,465.0096773186554
0,136,63,465.4084227858366
1,138,62,465.8003864317848
219,618,198,467.463367548731
180,547,131,469.22063040748753
179,546,130,469.4358316106686
414,724,658,478.7755215129529
415,705,711,480.52055106935853
337,720,338,482.3297627142658
345,727,350,484.81439747598256
213,617,171,485.1267875514606
349,731,353,487.62690655869267
346,731,346,489.9112164464088
355,738,361,491.7977226462115
271,683,243,492.0894227678543
190,585,131,492.6865129065337
397,763,492,494.2924235713107
338,730,326,495.99395157602476
398,765,489,496.40306203729244
274,688,240,497.9176638762678
189,585,123,498.85067906138005
339,733,324,499.5207703389319
342,735,327,500.2799216438733
365,754,364,506.2114182829147
276,695,234,507.0512794580051
366,755,364,507.1695968805701
369,756,363,508.4142012178653
360,758,331,520.3892773683947
247,669,168,525.6243906060677
224,658,144,533.4285331700958
239,668,143,541.4397473403666
238,668,142,542.1162237011544
295,723,211,543.0653735969547
220,643,99,554.9558541001257
258,687,134,561.5594358569714
261,689,134,563.0497313737038
353,781,246,575.5979499616029
297,737,165,580.8269966177536
298,738,164,582.2250424019908
299,741,166,583.4663657829815
269,714,114,595.0210080324896
