244,299,616,16.0
242,299,615,16.0312195418814
253,299,623,17.46424919657298
229,265,622,18.973665961010276
216,295,574,43.68065933568311
221,301,576,43.86342439892262
275,285,672,56.0357029044876
282,316,671,64.1404708432983
228,344,581,70.32780389006896
227,344,580,70.83078426785913
193,255,546,75.39230729988306
285,346,660,76.84399781375251
294,347,665,80.60397012554654
204,296,535,82.03657720797473
293,353,661,83.21658488546619
296,350,666,83.60023923410746
207,307,533,86.40023148117139
302,350,675,89.27485648266257
200,203,574,90.35485598461214
304,347,681,91.21951545584969
306,350,680,92.65527507918802
309,345,685,92.76313923105448
195,300,524,93.55746896961247
313,297,710,95.03683496413377
191,298,521,96.17692030835673
305,277,713,97.18538984847466
197,308,522,97.26767191621273
205,315,524,97.40636529508737
317,351,689,99.76472322419383
318,349,691,99.90495483208028
312,361,679,100.26464980241042
186,268,514,103.0970416646375
311,274,719,103.39245620450265
316,364,681,103.85566907973777
188,297,512,104.93807697875924
320,361,687,105.47511554864494
184,269,509,107.91200118615167
322,280,726,110.04090148667449
319,275,726,110.2905254316979
324,285,727,111.01801655587259
325,289,727,111.16204388189342
331,303,729,114.75626344561765
327,286,731,115.03912377969506
328,368,694,115.36463929644994
329,368,695,116.04309544302927
183,190,538,121.37956994486346
210,348,512,122.64175471673585
332,278,740,124.10076550932311
265,403,582,124.72369462135092
209,350,509,126.24579200908045
176,197,521,128.14444974324874
182,180,536,130.41855696180662
267,412,583,133.15404612703287
169,205,508,133.2216198670471
287,418,617,135.00370365289984
168,201,508,135.60235986147143
175,183,524,135.88230201170424
172,185,519,137.88763541376724
170,185,518,138.59292911256333
173,167,528,145.60219778561037
249,414,550,146.68674105044394
277,429,599,146.98639392814562
165,230,475,150.63200191194434
166,168,503,161.22654868228122
167,166,504,161.9660458244258
171,307,455,162.77899127344412
370,382,748,165.0
153,245,455,165.42369842317032
364,424,721,175.80102388780332
163,283,439,177.0
368,424,723,177.00282483621552
270,452,563,177.11578134090706
160,282,438,178.0028089666003
162,284,438,178.0028089666003
150,279,433,183.04371062672436
147,276,432,184.13310403075272
151,283,431,185.0
146,275,431,185.17289218457435
161,294,430,186.3249849054066
149,283,429,187.0
321,470,618,187.0106948813356
164,301,429,187.8643127366132
340,468,650,188.09837851507388
152,289,427,189.0952141118331
194,392,458,191.9505144562004
142,287,419,197.0406049523803
251,455,518,197.9595918363139
137,281,418,198.01010075246163
158,307,418,199.44924166313595
154,307,416,201.43485299222675
157,308,416,201.55644370746373
240,455,507,203.62956563328422
140,294,412,204.29635336931494
347,485,647,204.36486977951958
141,296,412,204.41379601191306
148,305,412,205.1828452868319
341,490,634,207.78113485107352
144,302,409,207.87015177749788
131,284,407,209.00239233080563
143,305,406,211.1492363235065
326,494,608,211.15160430363773
350,492,647,211.28653530218153
159,321,408,211.4426636230257
362,490,666,212.9530464679949
135,296,403,213.39634486091836
136,300,403,213.67732682715777
134,297,402,214.4574549881631
138,105,496,214.67184258770408
260,473,514,215.64786110694445
230,462,493,217.18655575334307
256,474,511,217.9587116864109
259,475,511,218.8355546980426
330,502,606,219.22819161777528
356,499,654,219.31712199461307
156,327,401,219.45614596087302
234,467,492,221.8828519737386
130,295,394,222.32408776378685
114,239,397,223.37636401374252
343,507,624,224.1428116179504
133,307,392,225.28204544525957
145,322,394,225.39964507514205
101,191,408,227.437903613272
132,309,390,227.4906591488978
334,511,604,228.31557108528537
127,297,388,228.42942017174582
250,478,496,228.96506283710622
354,511,638,229.0589443789524
100,207,399,229.92390045404153
128,96,482,230.05434140654683
386,472,748,230.53199344125753
291,505,552,231.0411218809327
380,485,731,232.44139046219803
266,491,510,233.45235059857504
222,458,461,233.77339455121918
218,456,458,234.29255216502295
359,516,645,234.7977853387889
390,470,758,234.8041737278109
217,457,457,235.7053245049844
263,492,507,235.71593073019056
395,465,771,239.0585702291386
389,484,747,239.92082027202224
396,467,771,240.58470441821524
94,202,388,241.96074061715052
93,206,385,243.4953798329652
394,482,760,245.63590942694026
385,505,725,247.315587862957
367,528,650,247.34793308212625
90,177,392,247.81444671366518
399,477,773,249.56962956257317
400,477,774,250.19992006393608
268,509,507,250.9123352886422
314,530,557,253.9488137400921
96,111,428,254.80973293812778
237,493,468,256.9124364447934
403,480,782,257.6140524117425
88,133,402,261.3350340080717
301,534,539,262.54523419784255
211,459,421,262.68041419184647
110,296,349,267.31629205867716
357,554,608,271.1180554666177
280,536,507,275.4813968310746
392,541,713,275.6320010448714
116,50,465,277.6508598942204
178,417,372,278.37384934652175
86,161,365,279.0788419067271
115,47,465,280.17316074170986
214,487,417,284.98596456667826
108,47,455,285.68689154387187
124,340,336,285.7428914251411
225,509,441,285.83386783234766
231,512,441,288.2117277280715
80,203,337,290.2430016382824
233,515,441,290.6011011679068
401,557,719,292.72000273298715
243,521,443,294.2329009475317
402,559,719,294.5929394944828
393,568,695,295.7465130817268
89,283,320,296.0
102,315,321,296.73051747334654
375,580,634,297.5449545866977
246,527,439,301.43821920917725
235,524,431,303.81902507907563
99,316,313,304.7917321713304
98,317,311,306.8892308309303
74,198,317,310.8472293587318
208,486,380,311.2956793789467
72,143,334,314.83964172257595
288,569,482,315.8354001691387
206,486,372,317.40352865083275
84,53,397,317.58620876857987
95,319,300,318.0440221101475
404,587,710,318.2011942152323
289,571,480,318.4964677983101
120,360,306,319.41978648793815
300,578,491,320.3903868720159
78,59,386,321.05451250527534
85,47,398,321.27869521647403
117,357,303,321.6286678764814
87,41,402,323.0479840519052
121,363,303,323.0619135707581
83,44,398,323.488794241779
199,486,364,323.5938812771342
129,384,307,325.0876804802052
63,128,330,325.3013987058771
76,56,382,326.01380338875225
348,602,543,327.2460847741345
77,46,388,328.8662342047295
104,344,292,329.6922807710244
405,599,719,332.3627536292236
226,539,404,332.38531856867564
75,57,372,332.5838240203513
73,59,368,334.18557718728675
71,71,357,334.7013594235912
358,612,551,335.3595085874262
70,68,357,336.60956611480907
69,71,353,337.80615743351984
68,70,353,338.43463179763387
376,622,596,339.5894580224775
384,627,621,344.0363352903295
66,62,352,344.2920272094607
55,72,341,346.6208303030849
79,280,269,347.0129680573912
105,358,277,347.1973502203034
381,631,613,348.01293079424505
123,385,282,349.22771940382967
53,70,339,349.4252423623685
52,71,336,351.2036446280135
378,634,596,351.5693388223723
388,638,618,355.0056337581138
387,639,611,356.0351106281514
292,599,449,357.4143253984093
383,641,604,358.2010608582839
290,599,447,358.35317774508434
273,589,426,360.1888393606887
62,239,258,360.69377593742865
112,376,266,362.144998584821
54,228,258,362.2002208723788
336,624,490,363.5340424224394
278,597,432,363.93955542095176
382,647,597,364.49554181087046
272,591,421,364.5394354524624
279,598,431,365.3080891521566
51,207,258,365.9781414237741
50,208,257,366.75059645486607
41,155,270,368.9173349139343
40,154,270,369.2654871498283
49,209,254,369.4861296449435
59,245,248,369.95675422946397
58,244,248,370.06080581439585
307,616,453,370.75328724098995
109,376,256,371.8185041118852
92,354,251,371.8413640250369
315,622,454,375.71931012392747
310,621,451,376.12364988125915
377,656,561,377.0331550407736
286,611,426,379.05672398732094
283,611,423,380.5693103759156
406,661,669,381.6975242256622
44,206,242,381.8442090696152
48,227,237,383.11486528194126
361,652,508,384.4801685392889
257,588,375,388.7235521549987
36,87,280,388.9884317045945
39,207,230,393.41072684917987
408,675,660,394.4616584663204
409,675,665,395.05062966662894
47,241,221,397.22663556211836
303,632,423,398.81073205218536
335,648,455,398.93107174047
45,240,217,401.3103537164223
46,243,216,401.9950248448356
333,651,449,404.120031673759
308,638,422,404.5503676923307
42,227,214,405.8817561802945
38,219,215,406.0751162038866
37,215,215,406.7247226319049
284,628,400,407.03931014092484
203,535,296,407.3131473448899
374,680,523,407.74747086891904
323,649,431,410.0987685911773
373,680,512,410.396150079408
202,535,292,410.4631530356897
413,688,693,412.25477559392806
372,681,508,412.393016429716
363,677,479,417.1390655404981
223,585,327,418.0011961705373
407,702,628,419.1718024867608
185,515,265,420.7433897282285
411,704,635,421.4285230024185
391,700,553,421.7321424790859
119,421,214,425.02705796219607
187,520,263,425.17996189848833
245,600,332,425.61132503729266
412,710,632,427.29966065982313
236,597,324,428.78899239602686
252,606,331,430.75979385267607
31,122,216,431.1855748978623
415,705,711,432.560978360277
262,614,337,432.89952644926746
82,350,188,433.21241902789444
248,606,327,433.4166586553867
81,350,187,434.20041455530645
254,611,328,436.4951317025197
28,121,209,438.0559325017754
410,722,614,439.00455578501686
155,470,218,439.7419697959248
255,615,327,440.1647418864896
192,543,260,440.8355702526737
414,724,658,442.9954853043087
122,435,197,445.7185210421483
113,422,191,447.15321758878133
107,414,187,448.5554592243862
125,443,196,449.44410108488466
25,129,184,458.62838987572496
379,726,482,462.8228602824195
352,701,417,462.95248136282845
126,451,184,463.5169899798712
60,316,153,464.1745361391553
351,701,414,464.2499326871249
139,470,190,465.2364989980902
212,579,257,465.29238119702757
111,426,172,466.460073318178
26,160,166,466.507234670589
65,322,150,467.62912655222834
27,177,159,469.13217753635274
344,700,398,470.54542820008356
118,438,170,472.1662842685827
61,321,144,473.5271903491921
371,720,433,473.7699863857988
91,405,157,474.93683790584197
24,138,162,476.59311786890083
22,134,162,477.8252818761268
21,135,161,478.4652547468834
34,220,138,482.1337988567074
56,321,135,482.49870466147365
67,331,135,483.3890772452352
15,100,167,484.8608047677189
64,328,133,485.09174390005853
33,215,135,485.78287330864185
264,645,292,485.8188962977871
30,206,136,486.13681201900357
16,109,162,486.2016042754281
57,323,131,486.6466890876789
14,106,162,487.2832851637741
18,131,153,487.31201503759377
17,129,152,488.8885353534075
13,110,157,490.52013210468743
174,521,187,490.5965756097366
103,428,147,490.90324912349075
106,430,147,491.4977110831748
32,217,128,492.44289008980525
29,206,127,495.025251881154
10,114,150,495.69849707256526
397,763,492,495.7580054825136
281,673,309,496.3355719671924
7,109,150,497.4253712869901
43,293,118,498.1003914874992
398,765,489,498.4505993576495
201,573,210,498.9348654884723
196,571,200,505.9644256269407
198,574,200,507.6780475852782
97,425,127,509.2003534955568
345,727,350,517.5828436105663
337,720,338,517.9314626473275
177,536,164,517.9893821305607
241,640,240,518.4833652104954
349,731,353,519.4930220898063
355,738,361,521.5841255253077
346,731,346,523.0716968064703
11,161,101,529.2532475101121
215,614,201,530.8351909962263
4,149,102,531.1798188937528
8,158,99,531.8966064941569
338,730,326,532.8311177099175
365,754,364,534.1769369787505
12,167,94,534.7335785229875
366,755,364,535.0588752651431
219,618,198,535.6762081705701
9,164,93,536.3674113888725
369,756,363,536.4121549704108
339,733,324,536.4363895188319
342,735,327,536.4932432006949
6,157,93,537.9637534258233
2,143,96,538.5164807134504
3,146,94,539.6786080622429
181,545,140,543.3415132308593
19,190,79,544.993577943814
5,162,84,545.5868400172424
271,683,243,546.9268689687864
23,200,75,547.3298822465297
35,260,65,551.4798273735857
180,547,131,552.1965229879667
179,546,130,552.5984075257546
274,688,240,552.63097994955
360,758,331,553.9404300103035
20,199,67,555.389052826935
213,617,171,556.4000359453619
276,695,234,561.8433945504744
190,585,131,571.3396537962335
0,136,63,572.2045088952026
1,138,62,572.6613309801876
189,585,123,578.1461752878765
247,669,168,591.3543776789007
295,723,211,598.0175582706581
224,658,144,602.8341397100864
239,668,143,609.8803161276809
238,668,142,610.6562044227504
353,781,246,620.4063184720155
258,687,134,628.9197087069223
220,643,99,629.9912697807804
261,689,134,630.2063154237666
297,737,165,639.935152964736
298,738,164,641.3493587741395
299,741,166,642.0778768965646
269,714,114,661.6381186116773
