197,308,522,7.280109889280518
207,307,533,12.041594578792296
195,300,524,15.0
191,298,521,17.26267650163207
188,297,512,21.633307652783937
204,296,535,21.95449840010015
210,348,512,35.11409973215888
209,350,509,38.07886552931954
186,268,514,48.05205510693585
184,269,509,48.38388161361178
216,295,574,53.85164807134504
221,301,576,53.85164807134504
227,344,580,63.06346010171025
193,255,546,63.90618123468183
228,344,581,63.953107821277925
171,307,455,69.46221994724903
163,283,439,90.82400563727631
162,284,438,91.4166286842826
160,282,438,92.11405973031478
242,299,615,92.39588735436226
244,299,616,93.38094023943002
164,301,429,96.0260381354974
161,294,430,96.317184344228
232,283,616,97.40636529508737
150,279,433,97.86214794290998
165,230,475,98.11218069128827
153,245,455,98.29038610159185
151,283,431,98.35141076771599
147,276,432,99.92497185388645
149,283,429,100.24470060806208
253,299,623,100.2845950283492
152,289,427,100.42410069301094
146,275,431,101.23734488813898
194,392,458,101.41498903022176
249,414,550,102.35721762533407
265,403,582,105.39449701004318
158,307,418,106.30145812734649
157,308,416,108.2266141020775
154,307,416,108.29589096544707
142,287,419,108.66922287382016
229,265,622,110.01818031580054
169,205,508,111.15754585272202
137,281,418,111.31936040060597
148,305,412,112.44554237496477
267,412,583,113.53413583587978
141,296,412,113.6001760562016
140,294,412,113.95174417269794
168,201,508,115.11733144926528
144,302,409,115.73245007343446
159,321,408,116.15506876585283
176,197,521,118.03812943282352
143,305,406,118.4229707446997
131,284,407,121.03718436910205
136,300,403,121.92620719107111
135,296,403,122.48265183282079
200,203,574,122.65398485169571
134,297,402,123.32072007574396
156,327,401,123.58397954427588
183,190,538,125.78155667664477
172,185,519,130.09611831257686
170,185,518,130.13838787997952
145,322,394,130.18832512940628
130,295,394,131.52946437965906
175,183,524,132.0
133,307,392,132.24220203853233
132,309,390,134.13426109685773
182,180,536,135.5322839769182
277,429,599,136.4587849865299
127,297,388,137.18600511714013
287,418,617,138.77319625922004
285,346,660,139.48835076808385
251,455,518,140.12851244482687
240,455,507,141.0283659410404
293,353,661,142.1724305201258
270,452,563,142.44297104455524
294,347,665,144.5856147754679
296,350,666,146.24978632463024
282,316,671,147.00340132119393
114,239,397,148.00337833982033
173,167,528,148.05404418657398
166,168,503,148.49242404917499
230,462,493,150.23315213360866
167,166,504,150.3362896974646
275,285,672,151.00993344810135
302,350,675,155.00322577288512
234,467,492,155.3319027115808
218,456,458,155.68236894394946
222,458,461,156.26259949200897
217,457,457,157.01273833673497
260,473,514,158.3161394173064
256,474,511,159.53056133543816
306,350,680,159.8780785473731
304,347,681,160.22796260328596
259,475,511,160.52725625263767
312,361,679,161.68178623456632
309,345,685,163.77118183612157
316,364,681,164.46884203398528
100,207,399,165.19382555047267
250,478,496,165.38742394752995
317,351,689,168.88161534045085
320,361,687,169.36646657470303
101,191,408,169.799882214329
318,349,691,170.42593699317015
110,296,349,176.0284067984483
266,491,510,176.555940143627
93,206,385,176.64087862100325
94,202,388,176.81911661356077
211,459,421,177.04519197086375
263,492,507,177.81451009408653
328,368,694,178.07021087200408
329,368,695,179.02513789968157
321,470,618,181.27603261324978
178,417,372,183.05190520723897
237,493,468,186.60117898877274
313,297,710,186.86893802876924
124,340,336,189.6549498431296
90,177,392,190.9659655540746
291,505,552,192.0520762709948
305,277,713,192.78226059469267
268,509,507,194.74342094150447
326,494,608,197.72961336127676
340,468,650,198.20443990990717
311,274,719,199.2636444512646
214,487,417,202.5660386145713
102,315,321,203.0
330,502,606,204.1886382735337
325,289,727,204.65825172711703
322,280,726,205.00975586542216
324,285,727,205.20477577288497
331,303,729,205.35091916034852
319,275,726,205.92231544929754
89,283,320,206.49455198624491
341,490,634,206.70026608594387
327,286,731,209.02152999152983
347,485,647,209.83088428541686
99,316,313,211.00236965494014
225,509,441,211.00947846009194
334,511,604,211.69789795838787
138,105,496,211.85844330590177
98,317,311,213.00938946440834
231,512,441,213.77090541044166
350,492,647,215.5411793602327
343,507,624,216.48094604375694
233,515,441,216.5386801474508
314,530,557,217.51781536232843
80,203,337,217.97476918212345
88,133,402,219.10727965998757
332,278,740,219.14607000811125
301,534,539,219.5130975591206
86,161,365,221.35265979879256
243,521,443,221.35265979879256
280,536,507,221.65288177689007
120,360,306,222.59604668547013
128,96,482,222.9910312097776
208,486,380,223.55536227073597
95,319,300,224.03571143904713
117,357,303,224.95555116511352
364,424,721,225.1443981093023
356,499,654,225.290923030645
362,490,666,225.36414976655004
96,111,428,225.45953073667124
121,363,303,226.15260334561705
354,511,638,226.74214429611447
368,424,723,226.89645215384044
129,384,307,227.705950734714
246,527,439,228.40534144367115
235,524,431,228.7575135378071
206,486,372,228.79029699705362
104,344,292,233.80547470065795
370,382,748,233.80547470065795
199,486,364,234.1815535006974
359,516,645,234.61031520374377
74,198,317,237.77720664521232
367,528,650,247.4772716836841
105,358,277,250.7149776140229
123,385,282,251.9206224190469
357,554,608,253.33179824096302
226,539,404,254.11808278829744
72,143,334,256.2888994864975
79,280,269,257.390753524675
288,569,482,257.4490240804964
289,571,480,259.7537295208675
300,578,491,265.06225683789836
112,376,266,265.11318337645906
380,485,731,267.8600380795911
63,128,330,269.45314991664134
116,50,465,271.4884896270927
386,472,748,273.5415873317986
115,47,465,274.41756503547657
109,376,256,274.85450696686786
92,354,251,275.77164466275354
385,505,725,276.58814146669414
62,239,258,276.64417579265967
108,47,455,276.739950133695
389,484,747,279.8035024798653
54,228,258,279.8660393831306
390,470,758,280.67953256338444
59,245,248,284.7384765008059
58,244,248,284.98596456667826
375,580,634,286.9233347080715
51,207,258,287.08883642524313
348,602,543,287.62823227214676
50,208,257,287.6421387766403
395,465,771,288.9792380085462
394,482,760,289.110705439975
396,467,771,290.0224129270012
49,209,254,290.06206232459976
78,59,386,290.82640870457413
273,589,426,290.99828178186897
84,53,397,291.15803269015265
292,599,449,293.73627627516487
290,599,447,294.25329225006135
272,591,421,294.5929394944828
392,541,713,294.61330587738223
76,56,382,295.3726459914662
71,71,357,295.67718883945037
85,47,398,296.1418578992169
278,597,432,296.627712798383
399,477,773,297.0605998782067
279,598,431,297.88924116187883
400,477,774,297.89931184881914
69,71,353,297.9546945426435
70,68,357,298.15767640629343
358,612,551,298.22474746405607
68,70,353,298.77416220282504
83,44,398,298.8594987615418
75,57,372,299.4461554269816
73,59,368,299.7865907608277
87,41,402,299.93332592427936
48,227,237,300.18827425467504
41,155,270,300.1932710771512
40,154,270,300.72745135753735
77,46,388,301.42494919963076
44,206,242,302.33259830855155
55,72,341,304.20059171540083
393,568,695,305.3686296920494
66,62,352,305.92973049378514
403,480,782,306.2498979591667
53,70,339,307.001628660175
52,71,336,308.0259729308553
307,616,453,309.2604080706096
401,557,719,310.787708894673
336,624,490,310.8649224341659
257,588,375,311.01446911679204
286,611,426,311.8012187275733
47,241,221,311.9054343867705
402,559,719,312.3475628206502
283,611,423,312.75709424407944
39,207,230,313.2091952673165
310,621,451,314.58703088334715
315,622,454,314.8793419708571
376,622,596,315.32998588779975
45,240,217,316.0284797292801
46,243,216,316.30365157550744
203,535,296,316.83434157300564
202,535,292,319.72488173428104
42,227,214,322.2483514310042
38,219,215,323.5691579863569
37,215,215,324.77838598034816
384,627,621,326.73077602209435
378,634,596,327.0244639166923
185,515,265,327.23233336576016
119,421,214,327.621733100843
381,631,613,328.29407548720707
404,587,710,329.5147948120084
187,520,263,331.8825093312391
303,632,423,332.7010670256409
36,87,280,333.94610343586885
223,585,327,334.22896343674347
387,639,611,335.47727195743084
383,641,604,335.6724594005293
388,638,618,336.40005945302687
284,628,400,336.6674917481639
361,652,508,337.37960815674677
82,350,188,337.8179983363823
308,638,422,338.7226003679117
81,350,187,338.81263258621277
382,647,597,339.9308753261463
335,648,455,340.073521462639
377,656,561,343.0014577228499
155,470,218,343.0174922653362
245,600,332,343.6408008371532
333,651,449,344.26879033685293
405,599,719,344.50108853238766
236,597,324,345.72243201736273
323,649,431,346.70592726401435
122,435,197,348.3231258472512
192,543,260,348.82660448996717
252,606,331,349.1847648452034
113,422,191,349.7684948648177
107,414,187,351.2406582387637
248,606,327,351.411439768258
125,443,196,352.0908973546462
262,614,337,352.66131060835124
254,611,328,355.00985901802784
255,615,327,358.8997074392789
31,122,216,363.4735203560226
363,677,479,364.78623877553275
374,680,523,365.0013698604431
373,680,512,365.19720699917735
126,451,184,366.1912068851463
372,681,508,366.3495598468763
139,470,190,368.2132534279558
111,426,172,369.08671067921154
28,121,209,369.947293543283
60,316,153,371.001347706447
65,322,150,374.0655022853618
118,438,170,374.7599231508086
406,661,669,375.1546347841114
212,579,257,375.479693192588
91,405,157,377.87431773011514
61,321,144,380.04736546909515
408,675,660,384.8324310657822
391,700,553,386.0906629277636
409,675,665,386.62772792442087
25,129,184,387.5512869285819
56,321,135,389.0462697417879
67,331,135,389.32890979222185
26,160,166,390.114085877452
27,177,159,390.2166065148945
64,328,133,391.21605284037105
57,323,131,393.0814165029937
103,428,147,393.57083225259464
106,430,147,394.14971774694953
174,521,187,394.9746827329569
34,220,138,397.51855302614496
352,701,417,400.5558637693374
407,702,628,400.73058281094546
351,701,414,401.36766187624033
33,215,135,401.64785571443053
24,138,162,402.9553325121781
30,206,136,403.01985062773275
264,645,292,403.3906295391602
411,704,635,404.5268841498671
22,134,162,404.7283039274619
344,700,398,405.093816294448
21,135,161,405.1777387764535
201,573,210,406.3988188959215
43,293,118,406.59562220958554
32,217,128,407.9460748677452
412,710,632,409.4984737456295
413,688,693,409.49969474958095
29,206,127,411.6916321714591
97,425,127,411.95752208207097
196,571,200,412.9309869699778
379,726,482,413.14041196668234
18,131,153,414.12196271146985
198,574,200,414.79754097631775
371,720,433,415.09757888959075
17,129,152,415.9086438149609
16,109,162,416.50930361757827
15,100,167,416.74212650030955
410,722,614,416.83210049131293
281,673,309,417.59909003732275
14,106,162,418.0011961705373
13,110,157,420.37364332222353
177,536,164,422.4227740072734
10,114,150,424.5903908474614
7,109,150,426.9800932127867
414,724,658,430.3916820757576
241,640,240,431.6028266821245
415,705,711,432.51473963322917
215,614,201,440.1477024817919
219,618,198,445.06741062450305
337,720,338,445.66915980354753
345,727,350,447.2359556207439
181,545,140,447.6114386384691
397,763,492,449.14140312378237
349,731,353,449.7743878879721
11,161,101,450.1610822805543
398,765,489,451.3590588434002
346,731,346,452.48204384262584
8,158,99,453.0717382490327
355,738,361,453.3188723183715
4,149,102,453.4754679141971
12,167,94,454.75707800978756
180,547,131,456.3693679466228
9,164,93,456.6858876733548
179,546,130,456.72420562085387
6,157,93,459.04792778096714
338,730,326,459.8140928679764
2,143,96,461.2678180840281
3,146,94,462.01839790207487
19,190,79,462.22288995678264
35,260,65,462.28346282340664
271,683,243,463.0172782953137
339,733,324,463.38321074462766
23,200,75,463.49325777189034
342,735,327,463.9062405271134
213,617,171,464.5567780153466
5,162,84,465.84224797671584
365,754,364,467.24832797988694
366,755,364,468.187996428785
274,688,240,468.81232918941026
369,756,363,469.46991383900206
20,199,67,471.49231170826107
190,585,131,476.81128342353645
276,695,234,478.0167361086848
360,758,331,483.2163076718334
189,585,123,483.4263128957711
0,136,63,494.5321020924729
1,138,62,494.74538906391035
247,669,168,502.0478064885853
224,658,144,511.9072181557904
295,723,211,514.2304930670681
239,668,143,519.3938775149356
238,668,142,520.1278688937942
220,643,99,536.8510035382257
258,687,134,538.965676087077
261,689,134,540.348035991619
353,781,246,542.6232578870905
297,737,165,554.0442220617412
298,738,164,555.453868471541
299,741,166,556.4530528265615
269,714,114,572.1022635858034
