263,606,327,3.1622776601683795
261,600,332,5.385164807134504
269,611,328,6.324555320336759
253,596,325,10.295630140987
270,615,326,10.770329614269007
277,614,336,10.816653826391969
243,585,326,20.396078054371138
271,587,375,48.46648326421054
279,644,294,53.075418038862395
299,673,309,71.16881339463234
306,629,401,74.94664769020693
225,579,257,77.4919350642375
214,534,294,79.60527620704548
212,534,291,81.00617260431454
289,591,421,92.07062506576133
301,613,422,92.34717104492157
204,543,258,95.01578816175763
317,626,423,95.34149149242423
322,631,422,95.60334722173695
304,611,426,96.18731725128839
257,640,240,96.56603957913983
326,638,421,96.79876032264049
291,589,426,97.32420048477151
245,539,403,98.41239759298622
295,597,430,100.31948963187563
297,598,431,101.24228365658294
197,520,263,108.23123393919151
346,648,430,108.85311203635843
195,515,265,111.01801655587259
363,719,338,114.28035701729323
370,699,396,114.85643212288983
310,600,446,116.1077086157504
288,683,243,116.84605256490268
311,600,448,118.10588469674151
367,722,350,118.69709347747316
366,724,344,119.82069938036582
294,692,245,121.63058825805291
373,725,352,122.0
330,621,451,122.05326705991938
290,687,238,123.23960402403117
327,616,453,123.4908903522847
285,682,233,123.84667940643382
333,621,453,124.03628501370073
210,485,363,124.45481107614924
364,730,326,125.06398362438324
213,573,209,125.15989773086265
358,651,447,125.7179382586272
376,700,413,126.15070352558483
217,485,372,127.13772060250254
365,732,323,127.1927670899568
360,651,449,127.58134659894448
378,700,416,128.14444974324874
227,497,399,128.16005617976296
371,735,327,130.034610777285
293,693,234,130.23056476879765
231,613,199,131.24404748406687
361,648,454,131.24404748406687
242,507,418,131.71180660821565
233,616,198,132.45754036671525
258,653,204,134.8332303254654
208,573,199,134.8517704741024
381,737,360,135.36617007214173
203,567,200,135.4400236266961
241,496,422,142.63590010933433
316,717,241,143.05593311708537
230,487,414,144.84474446799925
228,486,414,145.6605643267937
385,756,330,151.0
390,753,363,151.63442880823604
391,754,364,152.82997088267732
302,570,479,153.05554547287727
397,720,433,154.38264151127873
394,756,363,154.5639026422405
307,569,482,156.20499351813308
229,617,172,158.45504094221806
282,534,474,160.55217220579732
362,623,491,162.00308639035245
320,578,491,163.24827717314508
223,603,165,165.01212076693034
389,677,479,165.4841382127
179,520,185,168.0773631397161
314,725,210,169.7056274847714
222,602,160,170.02646852769718
234,628,159,172.53985046939155
238,631,159,172.96531444194238
224,614,156,174.23260314877925
162,470,219,174.7741399635541
226,617,155,175.410946066658
262,669,166,176.0454486773231
348,749,224,178.80715869338118
251,490,468,179.63574254585305
221,604,150,180.00277775634464
182,535,162,182.0
387,652,508,184.10051602317685
298,536,507,189.97368238785077
185,417,374,193.08029417835473
244,658,144,193.40372281835735
399,681,508,193.54586019855861
408,726,482,194.28072472584614
379,780,245,194.5507645834372
398,679,510,194.6175737183053
235,457,457,195.020511741714
142,470,189,195.20758181996928
239,458,460,196.23710148695125
236,456,458,196.4306493396588
405,712,497,198.33809518093088
406,714,497,199.42417105255822
187,546,139,199.90497742677644
252,666,139,200.50436404228213
255,667,138,201.76223630798702
284,508,507,201.83656754909404
201,586,129,201.89601283829256
423,790,415,203.59273071502332
400,680,521,205.19746587129188
186,547,131,207.28000385951367
184,546,130,208.5209821576716
265,478,496,209.0095691589263
278,492,506,209.15305400591214
200,583,121,210.1547049199708
313,737,165,211.303099835284
126,443,194,211.51832071950648
280,491,509,212.2192262732102
315,738,164,212.70872102478543
429,800,415,212.72047386182646
254,467,492,212.8097742116184
375,602,543,213.0211257129208
127,451,182,213.5883891975404
272,687,132,214.30818929756276
133,392,305,214.46211786700232
318,741,164,214.59729728027799
276,689,132,215.08137994721903
431,803,416,215.87033144922904
249,462,493,216.8363438171747
123,435,195,217.0829334609241
120,421,212,218.58636736997119
382,611,549,219.0821763631172
321,534,539,220.7306050369998
130,385,304,221.53103620034824
274,475,511,222.84748147555987
273,474,511,223.4323163734378
432,763,488,223.44574285494903
124,385,282,225.1754871206011
433,763,491,225.5770378385176
275,473,514,226.45087767549057
113,421,192,230.0
117,438,170,231.27689032845456
256,453,506,232.55106965997814
237,642,97,235.9194777885031
403,656,561,236.56288804459587
112,376,266,237.77510382712484
107,414,187,238.60008382228202
334,530,557,239.06902768865731
110,427,170,239.3407612589214
268,455,518,240.5077961314352
109,376,256,240.6595105122588
424,700,553,242.39224410034245
308,504,551,242.98559628093184
286,714,112,243.73140954747709
122,362,306,244.1823089414956
119,361,302,245.60130292814003
121,359,305,247.2670621008791
118,357,304,249.35917869611296
205,390,457,249.70782927253202
108,360,277,250.6671099286861
105,430,145,254.65663156493687
103,428,145,256.03515383634334
91,354,250,263.4406954135978
125,341,335,264.04734423962685
90,405,157,264.4409196777231
402,620,596,266.42259663924904
407,634,596,267.5761573832766
98,341,284,267.9776110050987
412,647,597,270.2831848265815
404,625,600,270.7397274136177
95,424,122,275.72631357924473
413,641,604,276.3548443577568
287,452,563,278.7436097922247
384,554,608,282.63934616397626
411,631,613,284.1918366174511
158,327,400,286.67751917442007
99,318,310,287.69602013236124
140,322,389,289.0847626562147
104,316,321,289.1401044476535
97,316,311,289.62389404191083
419,638,618,289.8844597421531
359,510,604,290.0017241328058
147,322,394,290.1465147128257
92,316,299,290.6578744847626
266,415,550,290.68883707497264
85,351,188,290.99828178186897
415,627,621,291.83043021590464
83,350,187,292.35936790190254
157,321,404,293.48253781102545
161,321,406,293.99319720020736
355,501,607,295.8800432607782
352,494,608,299.3409427392117
134,307,392,304.381339769704
170,314,424,305.8054937374409
446,722,614,307.15631199765375
401,577,636,307.2783754187723
160,308,416,309.2005821469293
111,296,352,309.78218154051405
372,507,624,309.90321069650116
159,307,416,310.16124838541646
143,304,405,310.20315923600776
163,307,418,310.72174046886386
150,305,412,311.004823113726
219,350,509,311.55416864487626
146,302,409,313.12936623702353
443,702,628,313.3895339669147
128,297,388,313.41346493091197
137,300,403,313.6144129340997
136,299,401,314.1289544120376
131,297,393,314.37716202039866
220,348,512,314.91744950065885
135,296,402,317.2774810792597
283,413,583,317.60510071470827
344,470,618,318.0707468473013
168,301,427,319.100297712177
144,296,412,319.69516730785904
448,710,632,319.73270086120374
447,704,635,320.66493416025395
296,429,599,321.4607285501605
380,511,638,322.02484376209236
88,283,319,322.18783341398847
141,293,412,322.59572222830235
281,403,582,322.96749062405644
176,307,455,323.154761685481
368,492,634,324.32237048961025
386,517,643,325.13535642867265
164,294,429,326.377082528783
393,528,650,329.13371143047624
132,284,407,330.1060435678208
145,287,419,330.2196238868914
151,288,425,330.9289954053588
79,280,267,331.0498451895122
156,285,430,335.2610922848042
68,322,150,335.393798392278
138,281,417,335.47727195743084
377,492,647,336.5382593405986
152,283,429,336.8753478662397
444,675,660,337.34255586866
155,283,431,337.4685170501094
328,442,626,337.91271062213684
340,450,631,338.5646171707847
166,284,438,338.6812660895196
63,316,153,338.89526405661087
374,485,647,338.9527990738533
64,321,144,339.4878495616596
167,283,439,339.94852551526094
165,282,438,340.57745080965066
383,499,654,340.898811966249
337,443,631,341.82597911803015
153,279,433,341.8844834150857
445,675,665,342.23529917295207
305,418,617,342.54634722910123
62,325,132,342.9343960584881
148,277,431,343.1981934684389
442,661,669,343.59423743712586
149,276,432,344.4488350974641
59,323,129,346.30189141845585
58,320,133,346.4592328110192
369,470,651,348.2326808328018
450,724,658,348.919761549844
216,314,524,349.73847372000694
441,649,679,351.7627041060493
209,308,522,353.65661311503845
388,490,666,355.1351855279902
449,670,681,356.9677856613955
199,297,512,357.7541054970579
218,307,533,360.5731548521049
247,345,580,360.69377593742865
246,344,580,361.41527361194903
207,300,524,361.47060738046184
202,298,521,361.56603822815
426,568,695,366.87054937675225
61,245,248,369.22080114749764
215,295,534,371.1010644015994
60,243,248,371.1711195661645
114,239,397,372.0819802140383
65,239,258,373.01474501686926
47,292,119,377.4784762075846
51,243,215,379.82759246795115
52,241,220,380.2578072834271
439,587,710,380.4260769190251
194,269,509,380.7059232531062
154,245,454,380.7571404451924
198,272,516,381.4249598544909
50,240,217,382.09161205135086
193,266,509,383.3562312001724
196,268,514,383.9596332949598
57,227,257,384.98441526898205
440,598,717,387.06330231630074
425,542,714,389.13365313218543
53,227,236,389.5125158451266
240,301,576,391.0652119531984
452,705,711,393.90481083632375
232,295,574,394.50728763864424
46,228,213,394.7378877179134
437,552,723,396.5576881110742
436,550,723,396.82993838670996
169,230,474,401.69764749124437
41,219,215,402.76668183949874
93,206,385,402.772888859218
81,202,336,403.0446625375406
55,208,255,404.02227661355505
94,205,387,404.04083951996734
54,208,253,404.3983184930422
414,505,722,404.55407549547687
56,207,257,404.6393455906136
101,206,398,404.7530111067736
40,215,217,406.04063836025085
417,506,724,406.2474615305307
38,277,89,407.0196555450363
76,197,318,408.17643244067875
418,505,726,408.431144747802
49,206,242,408.58903558465687
48,206,238,409.4691685585131
37,274,87,410.62148019800424
206,255,546,411.2857887163134
42,206,228,411.83127613137884
309,353,659,414.42128323723915
410,484,730,417.9007059099087
259,299,615,418.16384348721493
260,299,616,418.84603376419835
303,346,660,419.5008939203825
312,351,664,419.60934212669764
100,192,405,419.754690265636
102,190,407,422.08293024001813
267,299,622,422.965719651132
451,645,752,423.8914955504533
336,363,680,425.5161571550486
329,360,678,425.5925281299003
319,350,673,427.4037903435111
248,283,614,429.34834342291344
35,220,138,430.21971131039544
350,368,690,431.0092806425402
392,424,722,431.76961449365564
323,350,679,432.23373306580316
342,361,687,432.4176222126013
89,177,392,432.46733980729687
351,368,692,432.681175925184
36,262,66,432.83368630456664
420,483,746,433.5204724116267
395,424,724,433.5862082677446
354,368,694,434.35584490138956
324,347,681,435.62024746331525
34,215,135,436.033255612459
33,217,128,437.4334235057948
416,471,747,438.0011415510238
174,204,508,438.7311249501225
338,351,689,439.76925767952446
177,204,511,439.95681606266766
173,201,509,441.87894269811045
339,349,691,442.5573409175358
32,206,136,443.66316051707514
86,161,365,445.3773680823937
427,482,759,446.28466251933867
300,316,671,446.99216995379237
30,206,127,447.6717547489455
421,470,757,447.8325579946148
250,266,624,448.7282028132397
192,204,536,450.81814515389686
183,197,524,451.7742799230607
45,155,270,453.9823785126467
44,154,270,454.9736256092214
409,438,754,455.7027539965059
422,461,763,456.31677593531447
190,198,537,456.6158122535837
175,185,518,460.15649511878024
434,477,772,460.16084144568407
178,185,519,460.5659561886875
435,477,773,461.12145905390264
28,177,157,461.64163590386863
73,143,334,462.01731569282117
430,467,771,462.0876540224809
428,463,771,463.29796028042256
181,183,524,464.45667182203334
191,190,540,465.1075144523038
292,285,672,468.3631070013948
438,480,782,468.96588362054655
189,184,538,469.5795992161499
171,168,502,469.63070598077377
172,166,504,472.2255816873965
188,180,536,472.2933410498183
211,199,574,473.6792163479415
396,382,748,473.76470953417373
27,160,166,474.2583684027094
66,128,329,477.0010482168776
67,128,331,477.0010482168776
87,133,402,477.45994596405677
25,201,72,479.3537316012049
180,167,528,480.67452605687356
43,124,283,483.2908027264744
21,198,64,486.2149730314771
20,188,78,487.2299251893299
332,297,710,489.14619491518073
335,294,712,492.590093282437
31,123,214,495.7620396924315
24,138,161,496.63870167356066
13,167,94,497.533918441748
26,129,183,498.1816937624264
29,121,208,499.13925912514634
23,135,161,499.4607091653957
12,161,101,499.5768209194658
10,164,93,500.6495780483591
345,292,721,500.8492787256462
356,302,729,501.0089819554137
22,133,161,501.3431958249758
9,158,99,503.16001430956334
96,111,428,503.62684598817805
325,277,713,504.25489586121023
19,131,153,505.9693666616587
7,157,93,506.8264002594971
6,162,83,507.20607251885303
18,130,152,507.2563454507001
349,289,727,507.41009055792335
5,149,102,509.82349886995206
347,283,727,511.16826975077396
331,273,719,511.414704520705
353,286,732,513.1909975827713
343,278,726,513.5610966574474
341,275,726,515.4764786098392
4,146,94,516.1172347442003
3,143,95,518.3329046086116
39,87,278,520.6034959544547
2,146,84,520.7657822860484
11,114,150,522.9541088852826
14,110,157,524.3605629717017
357,278,740,524.4320737712368
16,107,162,525.5739719582773
15,107,160,526.2166854063067
8,109,150,527.6514000739503
139,102,495,529.371325252889
17,100,167,530.6543130890392
129,96,482,531.210880912656
71,71,353,534.4950888455384
70,70,353,535.4941643006018
1,139,62,537.5686002734907
72,68,357,537.6783425060005
0,136,62,540.1712691360028
69,61,352,544.4446712017668
74,59,367,547.252227039781
80,59,386,548.8642819495544
75,57,372,549.6071324136906
77,56,380,551.2721650872643
84,47,397,562.0080070603976
78,45,387,562.8934179753747
82,43,397,565.9796816141018
106,48,454,570.6356105256664
116,49,464,571.9195747655434
115,47,464,573.8640954093573
