29,206,127,9.0
33,215,135,9.055385138137417
32,217,128,13.601470508735444
34,220,138,14.142135623730951
27,177,159,37.013511046643494
26,160,166,54.91812087098393
11,161,101,57.0087712549569
12,167,94,57.3149195236284
19,190,79,59.20304046246274
9,164,93,60.108235708594876
8,158,99,60.60528029800704
23,200,75,61.29437168288782
6,157,93,65.19202405202648
4,149,102,66.37017402418047
5,162,84,68.11754546370561
20,199,67,69.35416353759881
24,138,162,72.80109889280519
3,146,94,73.23933369440222
2,143,96,74.62573282722254
21,135,161,75.27283706623525
22,134,162,76.55063683601855
18,131,153,76.90253571892151
17,129,152,78.64477096412705
37,215,215,79.51100552753688
38,219,215,80.06247560499239
42,227,214,80.77747210701756
45,240,217,87.84645695758026
46,243,216,88.14193099768123
43,293,118,88.84255736976509
35,260,65,89.20201791439474
25,129,184,90.7358804442873
47,241,221,91.92388155425118
10,114,150,93.05912099305473
39,207,230,94.00531899844816
7,109,150,98.00510190801293
13,110,157,98.2700361249552
16,109,162,100.42410069301094
1,138,62,100.4987562112089
0,136,63,101.13851887386922
48,227,237,103.16006979447037
14,106,162,103.32473082471591
44,206,242,106.0
15,100,167,110.44002897500525
60,316,153,111.30588483993108
28,121,209,112.0446339634344
56,321,135,115.00434774390054
61,321,144,115.27792503337315
31,122,216,116.0
65,322,150,116.84177335182824
57,323,131,117.10678887237921
49,209,254,118.03812943282352
58,244,248,118.27087553578015
59,245,248,118.59595271340417
50,208,257,121.01652779682617
51,207,258,122.00409829181969
64,328,133,122.03687967167957
54,228,258,123.96773773849388
67,331,135,125.00399993600205
62,239,258,126.38433447227548
41,155,270,143.37712509323097
40,154,270,143.7358688706476
79,280,269,152.2005256232711
81,350,187,152.76452467768817
82,350,188,153.1012736720371
74,198,317,181.1767093199344
36,87,280,186.80738743422327
92,354,251,187.42731924668826
95,319,300,199.16073910286636
89,283,320,199.46177578674065
91,405,157,200.10497245196083
80,203,337,201.02238681301145
98,317,311,207.23416706711276
105,358,277,207.32824216685964
72,143,334,207.78113485107352
109,376,256,208.08652046684813
104,344,292,208.2786594925174
99,316,313,208.39625716408634
63,128,330,209.093280618962
112,376,266,214.00934559032697
107,414,187,214.1611542740653
102,315,321,214.72307747422028
97,425,127,219.18485349129398
103,428,147,222.27235545609355
113,422,191,222.89235069871734
111,426,172,222.92599668948438
106,430,147,224.26992665089986
117,357,303,225.1443981093023
119,421,214,228.7116088002531
121,363,303,229.21169254643183
120,360,306,229.38177782901587
123,385,282,230.99134182908242
110,296,349,231.23364807051763
86,161,365,233.37951923851415
118,438,170,234.47814397081873
122,435,197,236.98523160737253
124,340,336,240.74052421642685
52,71,336,241.29857024027308
53,70,339,244.3460660620506
125,443,196,244.47699278255203
55,72,341,244.91018761987016
129,384,307,246.82990094394967
93,206,385,249.0
126,451,184,249.65776575143823
94,202,388,252.03174403237384
69,71,353,255.56603843233944
68,70,353,256.09568524284043
90,177,392,257.6373420139247
71,71,357,258.9710408520613
66,62,352,259.59969183340723
70,68,357,260.547500467765
100,207,399,263.0019011338131
114,239,397,263.07793522072507
127,297,388,267.9272289260649
139,470,190,269.46613887462746
101,191,408,272.4132889563209
130,295,394,272.91940202191563
132,309,390,274.0894014733149
73,59,368,274.6506872374435
133,307,392,275.2035610234722
88,133,402,275.835095664058
155,470,218,276.4416755845616
75,57,372,279.1003403795846
134,297,402,281.13519879232484
135,296,403,281.7605366264055
131,284,407,282.00177304407146
145,322,394,282.8780656042458
136,300,403,283.0635970943632
143,305,406,287.57781555606823
76,56,382,288.12497288503124
144,302,409,289.3872837565604
140,294,412,289.6894889359985
78,59,386,290.01551682625535
141,296,412,290.30328968167066
156,327,401,291.3176959952828
137,281,418,291.8030157486382
148,305,412,293.218348675522
142,287,419,294.3637205907005
159,321,408,295.3116997343654
154,307,416,297.65920110085625
157,308,416,298.0
77,46,388,298.50293130889014
158,307,418,299.5413160150032
84,53,397,302.539253651489
152,289,427,302.60535355475787
149,283,429,302.9488405655318
146,275,431,302.9620438272755
147,276,432,304.16442921551493
151,283,431,304.8835843399903
150,279,433,305.83982736066275
85,47,398,306.4718584144391
161,294,430,306.88760157425713
96,111,428,307.06513966909364
164,301,429,308.01623333843946
83,44,398,308.0389585750478
160,282,438,311.4161203277698
162,284,438,311.91024349963243
163,283,439,312.6307726376276
87,41,402,313.0191687421075
178,417,372,316.5706872090339
174,521,187,319.1018646137938
153,245,455,321.37517016720506
177,536,164,331.18574848564964
171,307,455,334.6072324382723
185,515,265,334.8462333668993
187,520,263,338.71079108879894
181,545,140,339.0235979987234
165,230,475,339.84849565652047
179,546,130,340.05293705539435
180,547,131,341.03665492143216
108,47,455,356.4295161739555
192,543,260,359.0891254271006
199,486,364,361.08724707472015
128,96,482,363.0647325202491
116,50,465,364.1112467364885
202,535,292,364.1112467364885
115,47,465,365.40662281901785
203,535,296,365.8428624423333
206,486,372,366.1912068851463
166,168,503,368.962057669891
167,166,504,370.1675296402968
196,571,200,370.5684821999842
208,486,380,371.39736132611387
194,392,458,371.860188780676
169,205,508,372.0013440835933
168,201,508,372.0336006330611
198,574,200,373.52376095772007
138,105,496,373.89971917614486
201,573,210,374.3861642742691
184,269,509,378.2829628730324
190,585,131,379.03298009540015
189,585,123,379.22288960451743
211,459,421,381.09578848368295
170,185,518,382.57678967757573
186,268,514,383.0509104544721
172,185,519,383.575285960918
176,197,521,385.1051804377604
188,297,512,386.855270094644
175,183,524,388.6811032195931
212,579,257,392.13518077316144
173,167,528,393.93527387122873
191,298,521,395.8396139852604
214,487,417,397.39401102683973
195,300,524,399.2242477605788
197,308,522,399.2492955535426
209,350,509,399.831214389272
182,180,536,400.84410934925813
210,348,512,401.9203901271992
183,190,538,402.318281960937
205,315,524,403.01985062773275
217,457,457,407.4825149622987
218,456,458,407.6567183305091
204,296,535,409.0244491469917
207,307,533,409.6461888019953
222,458,461,411.25296351515817
213,617,171,412.4875755704649
193,255,546,412.9176673381753
215,614,201,413.1452529074974
219,618,198,416.63893241030655
223,585,327,424.40782273657493
226,539,404,427.44941221155045
225,509,441,429.9232489642773
231,512,441,432.0428219517135
235,524,431,433.7614551801485
236,597,324,433.84905209070126
233,515,441,434.1727766684595
200,203,574,438.01027385210955
220,643,99,438.5635643780728
237,493,468,438.85418990821995
230,462,493,439.30058046854435
243,521,443,439.8567948776056
245,600,332,440.0590869417424
246,527,439,441.41816908686485
234,467,492,441.42609800509075
248,606,327,443.2617736733002
252,606,331,445.0
241,640,240,446.2869032360237
240,455,507,446.8131600568631
216,295,574,446.95078028794177
254,611,328,448.20642565675024
221,301,576,450.1388674620311
257,588,375,450.6051486612198
250,478,496,451.2028368705144
255,615,327,451.4000443065995
224,658,144,452.07079091664394
262,614,337,454.82414183945866
251,455,518,455.98793843697223
256,474,511,460.92190227846623
259,475,511,461.50406282068633
238,668,142,462.03895939628296
239,668,143,462.053027259859
260,473,514,462.78828852943116
249,414,550,463.31414828386147
247,669,168,464.1045140913844
227,344,580,464.95161038542494
264,645,292,465.89376471466113
228,344,581,465.9066430090904
263,492,507,468.4410315077022
266,491,510,470.2137811676727
268,509,507,479.0093944798995
272,591,421,479.0093944798995
273,589,426,480.40503744236486
258,687,134,481.0041579861862
261,689,134,483.00414076900006
232,283,616,486.13681201900357
265,403,582,487.5705077217038
242,299,615,487.94466899434406
271,683,243,488.8537613642755
244,299,616,488.9263748254946
229,265,622,489.56817707036475
278,597,432,490.404934722317
279,598,431,490.6006522621021
267,412,583,492.1839087170567
270,452,563,492.793060016068
274,688,240,493.0922834520938
253,299,623,495.80036304948385
283,611,423,496.3809021306118
280,536,507,496.5289518245638
284,628,400,497.7750495956984
281,673,309,498.01405602653426
286,611,426,498.1214711292819
276,695,234,498.7233702163956
290,599,447,501.1686342938871
288,569,482,501.48280130030383
289,571,480,501.55857085688405
292,599,449,502.4121813809852
269,714,114,508.47615479980965
291,505,552,512.3055728761888
303,632,423,513.6584468301869
277,429,599,513.9046604186423
300,578,491,514.207156698543
308,638,422,518.0926558058896
307,616,453,518.2557283812694
301,534,539,519.6085064738644
310,621,451,521.0086371644908
295,723,211,522.4117150294392
315,622,454,523.6220010656542
287,418,617,525.6472201010864
314,530,557,531.2409999237634
297,737,165,531.7913124525447
323,649,431,532.2349105423281
298,738,164,532.7363325323325
299,741,166,535.8404613315422
275,285,672,541.7905499360431
285,346,660,542.379940632026
333,651,449,544.0533062118086
335,648,455,545.0917353987309
293,353,661,545.1917094013811
282,316,671,546.1913584083878
294,347,665,547.4687205676686
336,624,490,547.7590711252531
296,350,666,549.2139837986648
321,470,618,549.563463123232
337,720,338,552.268050859363
326,494,608,552.9267582600792
330,502,606,555.4421662063477
338,730,326,557.3831716153619
302,350,675,557.9041136252716
334,511,604,558.6134620647805
344,700,398,559.1779680924491
339,733,324,559.5292664374224
342,735,327,562.4251061252511
306,350,680,562.7361726422072
304,347,681,562.9440469531586
345,727,350,563.2379603684396
312,361,679,564.6892950995264
346,731,346,565.442304749123
309,345,685,566.3232292604639
316,364,681,567.4407458052339
351,701,414,567.7226435505281
348,602,543,567.8600179621735
349,731,353,568.0792198276575
352,701,417,569.1976809510031
317,351,689,571.693974080539
320,361,687,572.3862332376627
318,349,691,573.1265130841532
341,490,634,573.2887579571048
343,507,624,573.3628868352049
340,468,650,576.9228717948354
355,738,361,577.6235798510999
358,612,551,580.5695479440857
361,652,508,580.7753438292641
328,368,694,581.040446096483
313,297,710,581.1686502212589
305,277,713,581.3518727930615
329,368,695,582.0008591058952
347,485,647,582.2044314499848
363,677,479,582.6577039737825
353,781,246,585.4271944486351
360,758,331,585.430610747337
350,492,647,585.5911543047761
357,554,608,586.4196449642525
311,274,719,586.9522978914044
354,511,638,587.3916921441773
365,754,364,593.5385412928127
371,720,433,593.6370945282985
319,275,726,594.0210433982958
366,755,364,594.461941590881
322,280,726,594.6225693664848
369,756,363,595.0033613350432
356,499,654,595.1243567524353
359,516,645,595.9706368605755
324,285,727,596.256656147334
325,289,727,596.79979892758
327,286,731,600.3540621999655
331,303,729,600.8810198367061
362,490,666,601.295268566118
372,681,508,603.3315837912019
373,680,512,605.0223136381005
367,528,650,606.5311203887234
332,278,740,608.276253029822
374,680,523,611.9191123016178
377,656,561,618.9709201569974
376,622,596,620.206417251547
375,580,634,622.8001284521383
364,424,721,624.2988066623226
379,726,482,624.5926672640338
368,424,723,626.1732986961357
378,634,596,628.3183906269178
370,382,748,636.8045225970054
382,647,597,637.9670837903786
381,631,613,638.8693137097758
383,641,604,638.9436594880647
384,627,621,642.2351594237114
387,639,611,642.7394495439034
391,700,553,646.4711903867023
388,638,618,647.2619253439832
380,485,731,657.1651238463587
385,505,725,660.5467432362376
397,763,492,661.0484097250367
398,765,489,661.1278242518613
393,568,695,665.976726320072
392,541,713,667.1986211016927
386,472,748,667.3080248281149
389,484,747,671.2711821611292
390,470,758,675.7070371100185
401,557,719,680.5071638124025
402,559,719,681.5409011937581
394,482,760,682.3137108398159
395,465,771,685.7885971638782
396,467,771,686.5464296025433
404,587,710,688.9390393931817
399,477,773,692.2499548573478
400,477,774,693.1702532567306
407,702,628,698.6272253498284
406,661,669,700.7952625410649
403,480,782,701.7064913480565
405,599,719,703.0917436579667
408,675,660,703.2332472231386
410,722,614,703.3775657497188
411,704,635,704.985815460141
409,675,665,706.9667601804204
412,710,632,707.1294082415184
414,724,658,735.396491696826
413,688,693,736.5955470948762
415,705,711,761.3317279609461
