151,283,431,2.0
150,279,433,5.656854249492381
152,289,427,6.324555320336759
147,276,432,7.615773105863909
146,275,431,8.246211251235321
160,282,438,9.055385138137417
162,284,438,9.055385138137417
163,283,439,10.0
142,287,419,10.770329614269007
161,294,430,11.045361017187261
137,281,418,11.180339887498949
164,301,429,18.0
140,294,412,20.248456731316587
141,296,412,21.400934559032695
131,284,407,22.02271554554524
158,307,418,26.40075756488817
154,307,416,27.294688127912362
144,302,409,27.586228448267445
148,305,412,27.80287754891569
157,308,416,28.178005607210743
135,296,403,29.068883707497267
134,297,402,30.4138126514911
136,300,403,31.064449134018133
143,305,406,31.827660925679098
171,307,455,35.38361202590826
130,295,394,37.0
127,297,388,43.32435804486894
159,321,408,43.41658669218482
133,307,392,44.10215414239989
153,245,455,46.04345773288535
132,309,390,46.87216658103186
156,327,401,52.15361924162119
145,322,394,52.40229002629561
114,239,397,54.405882034941776
165,230,475,70.178344238091
110,296,349,81.04936767180853
184,269,509,81.21576201698781
100,207,399,81.70679286326198
188,297,512,84.17244204607586
186,268,514,86.31338250816034
93,206,385,88.68483523128404
94,202,388,90.78546139112804
191,298,521,93.2148056909416
101,191,408,94.36630754670864
197,308,522,96.30160954002794
195,300,524,96.5090669315583
205,315,524,100.24470060806208
209,350,509,104.35037134576953
210,348,512,105.4229576515476
207,307,533,106.73331251301067
204,296,535,106.7941945987702
89,283,320,109.0
124,340,336,109.07795377618706
169,205,508,111.01801655587259
90,177,392,112.27199116431488
102,315,321,112.64102272262978
194,392,458,112.79184367674819
168,201,508,113.86395390991831
193,255,546,120.30378215168466
99,316,313,120.60265337047937
80,203,337,121.91800523302537
98,317,311,122.80065146407001
176,197,521,125.93649193144932
170,185,518,132.38202294873727
172,185,519,133.05637902783917
95,319,300,133.9290857132983
166,168,503,136.75159962501354
86,161,365,137.7679207943562
175,183,524,137.93114224133723
167,166,504,138.97481786280562
74,198,317,140.60227594174995
183,190,538,143.28293687665675
120,360,306,145.11374848717816
216,295,574,145.49570440394453
178,417,372,145.6193668438371
117,357,303,146.12323566086263
221,301,576,148.0979405663698
182,180,536,148.51935900750448
121,363,303,149.25146565444507
104,344,292,149.96666296213968
88,133,402,152.41062955056645
173,167,528,152.50245899656832
129,384,307,158.38244852255568
79,280,269,160.0281225285106
227,344,580,162.85576440519384
228,344,581,163.783393541592
200,203,574,165.60495161679194
72,143,334,169.1892431568863
105,358,277,169.49631264425784
96,111,428,172.00290695217916
218,456,458,175.41379649275024
211,459,421,176.1817243643619
217,457,457,176.23847480048164
62,239,258,176.57009939398006
222,458,461,177.9016582272352
249,414,550,178.33115263464205
123,385,282,178.92177061498134
54,228,258,179.62739212046696
63,128,330,183.91846019364124
59,245,248,184.94593804677083
58,244,248,185.15398996510984
242,299,615,186.68690366493306
232,283,616,187.0
51,207,258,187.128298234126
50,208,257,187.6406139405859
112,376,266,187.66459442313567
244,299,616,187.6832437912346
240,455,507,188.85973631242842
49,209,254,190.0026315607234
230,462,493,190.0973434848578
138,105,496,190.19200824430033
92,354,251,191.637678967368
251,455,518,193.6620768245554
229,265,622,193.83756085960223
128,96,482,194.36563482261982
265,403,582,194.4453650771856
234,467,492,194.48650338776724
253,299,623,194.65867563507155
109,376,256,196.41283053812955
48,227,237,200.0
267,412,583,200.89051744669283
44,206,242,202.2325394193526
41,155,270,204.12006270820123
214,487,417,204.35263639111682
40,154,270,204.74862636901864
250,478,496,206.1892334725555
256,474,511,207.85812469085735
260,473,514,208.1465829649865
259,475,511,208.7773934122179
208,486,380,208.83007446246816
206,486,372,210.85065804972012
47,241,221,212.19802072592478
39,207,230,213.0187785149469
199,486,364,213.15252754776333
237,493,468,213.59073013593076
270,452,563,215.67800073257357
45,240,217,216.31689716709604
46,243,216,216.72332592501436
42,227,214,222.17335573826128
263,492,507,223.0807028857494
266,491,510,223.21514285549716
38,219,215,223.36517185989405
71,71,357,223.89283150650448
277,429,599,224.0892679268688
37,215,215,224.54398232862977
69,71,353,225.21101216414795
68,70,353,226.15260334561705
225,509,441,226.3183598385248
70,68,357,226.73552875542023
78,59,386,228.08989455914087
55,72,341,228.61539755668252
231,512,441,229.31419493786248
53,70,339,231.23364807051763
287,418,617,231.4497785697796
52,71,336,231.50161986474308
76,56,382,231.81458107720488
73,59,368,232.15727427758966
84,53,397,232.2154172315008
233,515,441,232.31013753170566
75,57,372,233.0772404161333
66,62,352,234.0299126180241
116,50,465,235.76471322061747
108,47,455,237.42788378789885
85,47,398,238.0273093575609
243,521,443,238.41140912296962
115,47,465,238.72997298202839
268,509,507,239.0815760362977
285,346,660,239.43683927081898
77,46,388,240.52026941611388
83,44,398,241.0020746798666
235,524,431,241.0082986123092
293,353,661,242.33035303073365
275,285,672,243.00823031329617
87,41,402,243.50154003619772
246,527,439,244.20483205702544
282,316,671,244.2396364229197
294,347,665,244.5240274492468
36,87,280,246.2051989702898
296,350,666,246.28844877500853
82,350,188,250.13996082193665
81,350,187,251.10356429170812
291,505,552,253.7971631047124
302,350,675,254.9607812978302
119,421,214,255.47798339583002
226,539,404,257.21780653757236
306,350,680,259.7883754135277
304,347,681,260.0
312,361,679,261.8854711510358
309,345,685,263.4008352302627
316,364,681,264.69794105734934
280,536,507,264.7508262498911
321,470,618,265.8759109058209
31,122,216,267.00187265260894
317,351,689,268.7452325158532
320,361,687,269.5329293425944
318,349,691,270.1851217221259
28,121,209,273.2105415242977
301,534,539,274.0456166407337
107,414,187,275.1817581163403
113,422,191,275.6174885597792
326,494,608,276.69839175535515
122,435,197,277.35897317375543
60,316,153,277.96582523756405
314,530,557,278.19597409020855
328,368,694,278.29840100151495
329,368,695,279.25078334715556
313,297,710,281.3485382936972
330,502,606,281.58480072617556
65,322,150,281.71261952564356
155,470,218,281.93970986719836
125,443,196,282.64642223102703
305,277,713,284.0633732109791
185,515,265,284.1126537132762
203,535,296,284.9438541186667
202,535,292,286.8327038536575
334,511,604,287.4178143400301
61,321,144,287.52217305800957
340,468,650,288.2117277280715
187,520,263,289.35272592460575
25,129,184,289.38037252032143
27,177,159,290.06206232459976
311,274,719,290.13962156175774
26,160,166,290.34117861577954
288,569,482,290.8693864950383
341,490,634,291.3314263858261
289,571,480,292.48076859855246
111,426,172,294.1054232753963
56,321,135,296.44561052577586
343,507,624,296.98653168115214
322,280,726,297.0151511286924
126,451,184,297.06733243492124
319,275,726,297.1077245714086
347,485,647,297.20026917888214
34,220,138,297.7414986191881
67,331,135,297.89259809535383
324,285,727,298.0067113338221
325,289,727,298.0603965641863
91,405,157,298.10736320996836
64,328,133,299.4010688023675
331,303,729,300.66592756745814
57,323,131,300.6725793949292
300,578,491,301.4448539948891
33,215,135,301.7614952242913
118,438,170,301.8377047355085
350,492,647,302.00165562460086
327,286,731,302.0149002946709
30,206,136,302.9488405655318
139,470,190,303.4633421024688
24,138,162,303.8321905262838
22,134,162,305.761344842673
273,589,426,306.01470552899906
21,135,161,306.15028989043924
272,591,421,308.1038785864274
32,217,128,308.1509370422229
354,511,638,309.2975913258944
257,588,375,309.7434422227531
192,543,260,310.09837148879063
332,278,740,311.0401903291599
43,293,118,311.16073017011644
29,206,127,311.66167553935793
356,499,654,311.8990221209422
278,597,432,314.0143308831621
362,490,666,314.67125702866474
279,598,431,315.0063491423625
18,131,153,315.08728949292765
290,599,447,316.51224304914336
292,599,449,316.6322788346128
17,129,152,316.93059177050105
103,428,147,317.09462310168556
359,516,645,317.71842880135233
106,430,147,318.014150628553
16,109,162,318.69264189811474
223,585,327,318.76009787926716
15,100,167,319.5825401989289
14,106,162,320.3404439030451
13,110,157,322.3553939365681
364,424,721,324.2606975876047
357,554,608,324.7799254880141
368,424,723,326.06287737183453
10,114,150,326.1931942882929
286,611,426,328.01371922527875
283,611,423,328.05487345869443
7,109,150,328.81149614938954
367,528,650,329.94848082693153
236,597,324,331.09062203572
245,600,332,331.5086725864046
97,425,127,333.71844420109596
307,616,453,333.86374466239965
370,382,748,334.0089819151575
252,606,331,337.53962730322496
310,621,451,338.7152196167158
248,606,327,338.7226003679117
348,602,543,338.7580257351846
174,521,187,339.423039877967
315,622,454,339.9205789592622
212,579,257,342.3448553724738
254,611,328,343.1981934684389
262,614,337,343.5476677260377
284,628,400,346.2166951491508
336,624,490,346.4130482530934
255,615,327,347.3154186038967
303,632,423,349.05157212079706
11,161,101,349.954282728473
358,612,551,350.891721190455
8,158,99,352.8809997718778
4,149,102,353.3907186104355
12,167,94,354.5151618760473
308,638,422,355.0690073774392
9,164,93,356.4505575812724
6,157,93,358.84815730333634
375,580,634,360.8794812676387
2,143,96,361.23261203828207
3,146,94,361.93093263770646
19,190,79,362.144998584821
380,485,731,363.3290519625426
201,573,210,363.40198128243605
23,200,75,363.6000550054964
35,260,65,364.72592449673766
5,162,84,365.60361048545457
335,648,455,365.92485567394846
323,649,431,366.0054644400818
177,536,164,366.3795845840759
196,571,200,367.947007054005
333,651,449,368.5430775363987
385,505,725,370.0
198,574,200,370.2998784768907
386,472,748,370.78565236535246
20,199,67,371.6180835212409
389,484,747,376.19808611953357
361,652,508,377.36189526765946
376,622,596,377.9021037252902
390,470,758,378.4309712483903
392,541,713,383.6925852814985
394,482,760,386.21496604870197
264,645,292,387.05684337058295
395,465,771,387.41192547468125
396,467,771,388.35550723531657
378,634,596,388.7029714319148
393,568,695,389.84740604498063
181,545,140,390.0833244321013
381,631,613,393.6495903719449
384,627,621,393.9543120718442
0,136,63,394.4172917101886
1,138,62,394.60613274504493
399,477,773,394.93290569411914
377,656,561,395.6677899450497
400,477,774,395.8042445452044
363,677,479,397.15991741362825
180,547,131,398.1205847478877
179,546,130,398.20848810641894
383,641,604,398.4833748100415
401,557,719,398.9686704491971
387,639,611,399.8249617019928
402,559,719,400.3448513469356
382,647,597,400.8989897717379
215,614,201,401.92661021634285
388,638,618,402.17657813453036
241,640,240,403.9430652950982
403,480,782,404.2499226963439
373,680,512,405.58353023760714
372,681,508,405.7647101461634
219,618,198,406.92259706238974
374,680,523,407.9767150218257
281,673,309,408.0441152620633
404,587,710,413.9770525041213
344,700,398,418.1506905411015
352,701,417,418.1722133284324
351,701,414,418.26905216618644
213,617,171,422.0426518730068
190,585,131,424.2734966975901
405,599,719,428.90092095960813
189,585,123,429.93022689734204
391,700,553,435.0459745819975
371,720,433,437.01830625272436
271,683,243,441.13036621842303
379,726,482,446.15916442453585
337,720,338,446.37428241331287
274,688,240,446.9295246456649
406,661,669,447.75439696333524
345,727,350,450.9733916762717
349,731,353,454.4007042248064
408,675,660,455.0
346,731,346,455.623748283603
276,695,234,455.81684918396775
409,675,665,457.5587393985607
338,730,326,458.7134181599662
355,738,361,460.05325778653065
339,733,324,462.0876540224809
342,735,327,463.3659460944449
407,702,628,463.85558097321626
247,669,168,465.95815262746504
411,704,635,468.697130351787
224,658,144,471.00955404322747
412,710,632,472.7980541415119
365,754,364,475.46398391465993
410,722,614,476.3884969224173
366,755,364,476.45461483755196
369,756,363,477.582453614033
239,668,143,479.6050458450161
238,668,142,480.2020408119899
413,688,693,483.44699812906066
397,763,492,484.11672146291335
360,758,331,485.00412369380945
398,765,489,485.7200839990045
220,643,99,488.3646178829912
295,723,211,491.04378623499554
414,724,658,496.9124671408436
258,687,134,500.2409419469782
261,689,134,501.85754950981857
415,705,711,507.5509826608555
297,737,165,525.1780650408011
298,738,164,526.5453446760307
299,741,166,528.1410796368713
353,781,246,530.5591390222206
269,714,114,533.8408002391724
