28,121,209,7.0710678118654755
25,129,184,32.7566787083184
15,100,167,53.71219600798314
22,134,162,55.31726674375732
16,109,162,55.54277630799526
14,106,162,56.32051136131489
24,138,162,56.32051136131489
21,135,161,56.515484603779164
13,110,157,60.207972893961475
40,154,270,62.76941930590086
26,160,166,62.80127387243033
41,155,270,63.28506932918696
18,131,153,63.63961030678928
17,129,152,64.38167441127949
10,114,150,66.48308055437865
7,109,150,67.26812023536856
36,87,280,72.94518489934754
27,177,159,79.20858539325141
39,207,230,86.14522621712709
44,206,242,87.93179174792243
37,215,215,93.00537618869137
51,207,258,94.81033698917012
49,209,254,94.93682109698007
50,208,257,95.2732911156112
38,219,215,97.0051545022222
42,227,214,105.01904589168576
48,227,237,107.07940978544848
54,228,258,114.0175425099138
63,128,330,114.15778554264269
30,206,136,116.0
4,149,102,117.15374513859982
45,240,217,118.00423721205946
47,241,221,119.10499569707393
72,143,334,119.85407794480753
46,243,216,121.0
11,161,101,121.43310915891102
2,143,96,121.82364302548172
29,206,127,122.38055401083949
8,158,99,122.41323457861898
33,215,135,123.3288287465668
62,239,258,124.31009613060397
3,146,94,124.33824833895642
34,220,138,125.25174649480941
58,244,248,126.1269202034205
74,198,317,126.40015822774906
59,245,248,127.09445306542689
6,157,93,127.88275880665071
32,217,128,129.49517365523704
9,164,93,129.9730741346068
12,167,94,130.034610777285
52,71,336,130.3878828726044
53,70,339,133.5402561027947
55,72,341,134.6291201783626
5,162,84,137.92751719653333
80,203,337,145.60906565183365
69,71,353,146.18481453283715
68,70,353,146.53668482670133
66,62,352,148.64723340849636
71,71,357,149.9399879951976
70,68,357,150.98675438593943
19,190,79,152.9477034806342
0,136,63,153.63918770938616
86,161,365,154.0194792875239
1,138,62,154.82893786369524
23,200,75,161.13658802394943
73,59,368,164.53874923555242
79,280,269,166.652332716947
20,199,67,167.72000476985446
75,57,372,169.0
76,56,382,178.63930138690085
78,59,386,181.29809706668186
90,177,392,184.39360075664231
88,133,402,186.3249849054066
77,46,388,188.04254837669055
93,206,385,188.7246671741667
94,202,388,189.69449122207
89,283,320,191.66898549321954
84,53,397,193.70596273734063
85,47,398,196.84765683136794
43,293,118,197.0913493789111
83,44,398,198.01010075246163
100,207,399,201.77710474679728
87,41,402,202.87188075236054
60,316,153,203.9730374338726
101,191,408,204.02205763103166
35,260,65,204.56050449683585
65,322,150,210.6086417980041
61,321,144,211.62466774929618
96,111,428,212.2851855405836
95,319,300,214.1611542740653
56,321,135,214.85343841791317
114,239,397,215.52262062252305
99,316,313,216.8985938174796
98,317,311,216.91011963483862
57,323,131,218.23381956058049
110,296,349,219.0091322296858
102,315,321,219.71344974762013
64,328,133,222.0923231451281
67,331,135,224.14727301486406
82,350,188,229.71286424577968
81,350,187,229.83689869122406
92,354,251,234.62523308459387
104,344,292,234.64867355261143
105,358,277,243.75602556654883
127,297,388,245.3752228730521
130,295,394,248.2196607845559
124,340,336,248.8453334905037
131,284,407,250.44959572736389
108,47,455,250.49151682242655
117,357,303,250.5873101336139
120,360,306,254.44842306447882
133,307,392,255.34486483969087
134,297,402,255.38402455909414
132,309,390,255.43100829773977
135,296,403,255.43100829773977
121,363,303,256.2225595063791
137,281,418,257.07002936943076
109,376,256,257.13031715455105
136,300,403,258.17242300447197
112,376,266,258.87448696231155
116,50,465,259.2006944435142
115,47,465,260.049995193232
140,294,412,260.76809620810593
142,287,419,261.59892966141894
141,296,412,262.09158704544484
143,305,406,263.79727064547126
146,275,431,263.8825496314601
144,302,409,263.9109698364204
147,276,432,265.2772134956186
149,283,429,267.00187265260894
128,96,482,267.26765610526087
145,322,394,267.73867856549975
150,279,433,267.83950418114205
148,305,412,268.1510768205118
151,283,431,268.6000744601535
153,245,455,268.79360111431225
152,289,427,269.09106265351886
123,385,282,271.15493725912495
154,307,416,272.44265451650557
157,308,416,273.12268305653413
160,282,438,273.64941074301623
158,307,418,273.9142201493015
161,294,430,274.5541840875859
162,284,438,274.8235797743709
163,283,439,275.04545078950133
156,327,401,276.1340254296815
159,321,408,276.52305509667724
129,384,307,277.35356496717327
164,301,429,278.22652641328074
138,105,496,280.515596714336
165,230,475,280.6153951585693
91,405,157,289.0847626562147
166,168,503,290.66303514551004
167,166,504,291.3417237540823
107,414,187,293.43653487594213
119,421,214,299.0066888883926
113,422,191,301.0398644698074
171,307,455,302.23500789948207
168,201,508,302.49793387724156
169,205,508,303.5671260199299
111,426,172,307.1677066359678
170,185,518,308.5012155567624
172,185,519,309.48020938341114
122,435,197,313.5761470520358
103,428,147,313.68296096536704
175,183,524,313.9824835878588
176,197,521,314.0859754907882
173,167,528,315.22848856028224
106,430,147,315.6342820417326
97,425,127,315.8005699804863
118,438,170,319.3305497443049
125,443,196,321.6224494652076
182,180,536,325.21377584598105
184,269,509,327.8078705583501
183,190,538,329.1018079561399
126,451,184,330.55256768024054
186,268,514,331.84333653096
178,417,372,333.7079561532808
188,297,512,343.8618908806267
155,470,218,348.0057470789814
139,470,190,348.9699127432048
191,298,521,352.1377571349031
195,300,524,355.735857062512
193,255,546,355.7934794231058
197,308,522,358.0949594730426
194,392,458,362.579646422686
204,296,535,363.3689584981084
205,315,524,363.4735203560226
207,307,533,367.03405836516043
200,203,574,367.0490430446591
209,350,509,371.25866993243403
210,348,512,372.4137484035733
199,486,364,392.93765408777
211,459,421,394.45405309110464
206,486,372,396.02020150492325
185,515,265,396.042926966257
216,295,574,397.60910452352573
208,486,380,399.23927662493327
174,521,187,400.0524965551396
187,520,263,400.7655174787372
221,301,576,402.04601726668056
218,456,458,412.45605826560484
217,457,457,412.68147523241214
222,458,461,415.83770872781605
214,487,417,416.6845329502884
177,536,164,417.2529209005013
202,535,292,419.934518705
203,535,296,420.676835587604
192,543,260,423.2930427020978
227,344,580,426.35665821000146
228,344,581,427.21072083925986
181,545,140,429.7731959999367
229,265,622,430.4474416232486
232,283,616,431.1855748978623
179,546,130,432.6337943341921
180,547,131,433.4166586553867
242,299,615,436.4974226728034
244,299,616,437.41170537606786
230,462,493,438.55330348772884
234,467,492,441.81557238286655
240,455,507,442.2329702769797
249,414,550,443.64400142456566
253,299,623,443.8220364064858
225,509,441,447.65388415605196
237,493,468,448.4919174299577
196,571,200,449.2849875079291
251,455,518,449.5475503214315
231,512,441,450.24993059410906
201,573,210,451.03990954238185
198,574,200,452.2830971858223
233,515,441,452.85096886282577
250,478,496,452.91941888154895
235,524,431,455.8826603414523
226,539,404,457.41993834987125
212,579,257,458.8354824989018
243,521,443,459.05337380309055
256,474,511,459.2700730507051
259,475,511,460.03695503731
260,473,514,460.440006949874
265,403,582,461.4293011935848
246,527,439,462.33537610699875
267,412,583,467.748864242341
263,492,507,470.7239105887866
190,585,131,470.7377189051245
266,491,510,471.80186519343056
189,585,123,472.2478162998745
223,585,327,476.11973284038544
270,452,563,478.8621931203172
268,509,507,484.2003717470692
275,285,672,484.2571630858959
236,597,324,487.1231877051225
277,429,599,490.854357218106
245,600,332,491.87396759739175
215,614,201,492.22860542638114
257,588,375,492.37891912631676
282,316,671,494.63218657907817
219,618,198,496.32650543770075
248,606,327,496.5652021638246
213,617,171,497.04124577342674
285,346,660,497.3047355495421
252,606,331,497.4746224683225
287,418,617,498.4144861458182
293,353,661,501.3840843106211
254,611,328,501.66223696826137
294,347,665,502.22106686199453
296,350,666,504.4640720606374
255,615,327,505.34146871199874
280,536,507,506.0405122122141
262,614,337,506.66063592902105
291,505,552,509.4948478640388
272,591,421,511.8456798684541
273,589,426,512.0439434267337
302,350,675,512.5085365142711
304,347,681,516.575260731677
306,350,680,516.9912958648337
241,640,240,518.555686498567
309,345,685,519.3168589599225
288,569,482,520.1586296506096
305,277,713,520.6092584655021
289,571,480,520.8617858895007
312,361,679,521.0470228299937
278,597,432,521.8055193268849
279,598,431,522.3035515866228
301,534,539,523.5198181540027
313,297,710,524.0811005941733
316,364,681,524.2032048738351
311,274,719,525.4645563689334
317,351,689,525.5187912910442
318,349,691,526.4541765434101
320,361,687,528.1685337087017
264,645,292,528.4931409204854
290,599,447,529.9905659537724
292,599,449,530.8653313223609
283,611,423,531.0084745086466
321,470,618,531.7029245734877
314,530,557,531.7377173005503
286,611,426,532.1851181684809
319,275,726,532.4556319544381
300,578,491,532.5044600752185
322,280,726,533.9138507287482
220,643,99,533.975654875763
324,285,727,536.3674113888725
328,368,694,537.5872022286245
325,289,727,537.5965029648165
284,628,400,538.4161958931028
329,368,695,538.4765547356727
326,494,608,540.4146556117811
327,286,731,540.4821921210726
224,658,144,540.8142009969782
331,303,729,543.9944852661652
330,502,606,544.5181356024792
332,278,740,546.7284517930268
307,616,453,547.9096640870646
247,669,168,549.1019941686608
334,511,604,549.4224240054277
303,632,423,550.4080304646726
239,668,143,550.8584210121509
238,668,142,550.9918329703263
310,621,451,551.5668590479308
315,622,454,553.7544582213311
340,468,650,555.0423407272638
308,638,422,555.6005759536251
341,490,634,556.9093283470838
281,673,309,558.7933428379404
343,507,624,560.9714787758821
271,683,243,561.6493568054716
347,485,647,563.4980035457091
274,688,240,566.5086054068375
350,492,647,568.0325694887574
323,649,431,569.1695705147984
258,687,134,570.9194338958869
336,624,490,571.9090836837618
261,689,134,572.8987694174251
276,695,234,573.2826527987743
354,511,638,573.9381499778526
335,648,455,577.7516767608728
356,499,654,577.9039712616622
333,651,449,578.0397910178849
348,602,543,580.8003099172727
362,490,666,581.3123084883031
359,516,645,582.4748921627438
357,554,608,583.3420951722925
364,424,721,588.4122704362987
368,424,723,590.1296467726393
370,382,748,592.1351197150866
358,612,551,593.5697094697471
367,528,650,594.2995877501514
269,714,114,600.7228978489167
295,723,211,601.0207983090103
361,652,508,605.1148651289274
344,700,398,605.9768972493919
337,720,338,610.3179499244635
351,701,414,611.9191123016178
352,701,417,612.8964023389271
363,677,479,614.1612166198709
297,737,165,617.1110110830951
338,730,326,617.8705366013174
298,738,164,618.1909090240651
345,727,350,619.6620046444674
375,580,634,620.070963680771
339,733,324,620.4715948373463
299,741,166,621.0161028508037
346,731,346,622.7206436276222
342,735,327,622.9686990531708
349,731,353,624.2195126716242
376,622,596,628.0127387243033
380,485,731,630.0745987579566
372,681,508,630.6702783547041
373,680,512,631.6486365060879
355,738,361,632.8356816741609
377,656,561,635.7523102592708
371,720,433,636.1548553614914
386,472,748,636.8076632704729
374,680,523,636.8775392491087
385,505,725,637.0007849288728
378,634,596,637.6080300623573
389,484,747,642.6546506483867
390,470,758,644.102476318792
381,631,613,645.5152980371573
360,758,331,646.3133914750645
384,627,621,647.3407139984322
383,641,604,648.0007716044789
382,647,597,648.6801985570394
365,754,364,649.0978354608802
392,541,713,650.0538439237168
366,755,364,650.0715345252397
387,639,611,650.6258525450706
369,756,363,650.8187151580692
394,482,760,652.331204220678
395,465,771,652.4369701358132
396,467,771,653.490627323759
388,638,618,654.110082478477
393,568,695,654.4898776910152
353,781,246,659.6824993889106
379,726,482,659.9787875379026
399,477,773,660.5104086992119
400,477,774,661.3539143302926
401,557,719,665.0067668828641
402,559,719,666.3167414976153
391,700,553,669.068755809147
403,480,782,669.716357871002
404,587,710,678.4253827798603
405,599,719,693.2084823485644
397,763,492,697.8946911963151
398,765,489,698.5542212312513
406,661,669,704.0809612537468
408,675,660,709.1861532771209
407,702,628,711.4379804311827
409,675,665,712.3271720213963
411,704,635,717.1366675885427
410,722,614,720.0027777724194
412,710,632,720.2777242147642
413,688,693,740.1925425184991
414,724,658,746.8386706645553
415,705,711,764.7967050138226
