264,605,330,5.385164807134504
263,606,327,7.810249675906654
253,596,325,8.06225774829855
269,611,328,11.704699910719626
277,614,336,14.560219778561036
243,585,326,16.15549442140351
270,615,326,16.15549442140351
271,587,375,44.9221548904324
279,644,294,58.137767414994535
306,629,401,74.84650960465692
214,534,294,76.15773105863909
299,673,309,76.53757247260981
212,534,291,77.69813382572325
225,579,257,77.88452991448301
289,591,421,89.45389874119518
301,613,422,90.93404203047393
204,543,258,93.40770846134703
245,539,403,93.60555539069249
291,589,426,94.64142856064674
304,611,426,94.64142856064674
317,626,423,94.64142856064674
322,631,422,95.1892851112981
326,638,421,96.77293009927931
295,597,430,98.04590761474952
297,598,431,99.02019995940222
257,640,240,100.31948963187563
197,520,263,105.64563407921787
195,515,265,108.23123393919151
346,648,430,109.12378292562992
310,600,446,114.0
311,600,448,116.0
370,699,396,117.88553770501282
210,485,363,119.10499569707393
363,719,338,119.15116449284078
330,621,451,120.83873551142449
288,683,243,121.69634341261039
217,485,372,121.75795661885921
327,616,453,122.05326705991938
333,621,453,122.8087944733601
227,497,399,122.87391912037315
367,722,350,123.32072007574396
366,724,344,124.57929201917949
358,651,447,125.80143083447024
213,573,209,125.92855117089213
373,725,352,126.58988901172162
294,692,245,126.62148316932637
242,507,418,126.66885963013956
360,651,449,127.63228431709588
290,687,238,128.08200498118384
285,682,233,128.5496013218244
376,700,413,128.68954891520912
364,730,326,130.13838787997952
378,700,416,130.59862173851607
361,648,454,131.10301293257908
365,732,323,132.30646242719968
231,613,199,133.63382805263043
233,616,198,134.9518432626987
371,735,327,135.09256086106296
293,693,234,135.10366390294527
208,573,199,135.71293232407882
203,567,200,136.0624856453828
241,496,422,137.53544997563355
258,653,204,138.53880322855397
230,487,414,139.61733416735902
381,737,360,139.83204210766573
228,486,414,140.42791745233566
316,717,241,148.22280526288793
302,570,479,150.02999700059985
307,569,482,153.16984037335808
385,756,330,156.01281998605114
390,753,363,156.1089363233252
282,534,474,156.58863304850706
397,720,433,156.84705926475002
391,754,364,157.2895419282541
394,756,363,159.05030650709227
320,578,491,160.51479682571323
362,623,491,160.65490966665163
229,617,172,160.90059042775448
389,677,479,165.94577427581578
223,603,165,167.0269439342048
179,520,185,167.35889578985635
222,602,160,172.01162751395617
162,470,219,172.246915792417
314,725,210,174.6682569902156
251,490,468,174.91712323268982
234,628,159,175.2512482123879
238,631,159,175.75551200460256
224,614,156,176.555940143627
226,617,155,177.81451009408653
262,669,166,179.76929659983654
182,535,162,182.00274723201295
221,604,150,182.04395073717774
387,652,508,183.52111595127138
348,749,224,184.0244548966251
298,536,507,186.33571852975479
185,417,374,187.7578227398262
235,457,457,189.9315666233499
239,458,460,191.17531221368517
236,456,458,191.34262462922368
142,470,189,193.25889371514057
399,681,508,193.7446773462435
398,679,510,194.74342094150447
408,726,482,195.8979326077741
244,658,144,196.74348782107123
284,508,507,197.70938268074178
405,712,497,199.42166381815193
379,780,245,199.92248497855363
187,546,139,200.4120754844877
406,714,497,200.55173896029922
201,586,129,203.48218595248088
252,666,139,203.9730374338726
265,478,496,204.40156555173445
278,492,506,204.79257799051214
400,680,521,205.23401277566055
255,667,138,205.24375751773792
423,790,415,207.33788848157974
186,547,131,207.87015177749788
280,491,509,207.87015177749788
254,467,492,208.0600874747485
126,443,194,209.0287061625747
184,546,130,209.093280618962
133,392,305,209.74508337503408
375,602,543,211.00947846009194
127,451,182,211.42611002428248
200,583,121,211.68372634664195
249,462,493,212.04952251773642
123,435,195,214.46211786700232
120,421,212,215.5017401321855
313,737,165,216.00462958001617
429,800,415,216.5386801474508
130,385,304,216.8155898453799
321,534,539,217.26711670199887
382,611,549,217.27862297059966
315,738,164,217.41205118392128
272,687,132,218.10318658836692
274,475,511,218.32544515012444
273,474,511,218.89952032839176
276,689,132,218.908656749796
318,741,164,219.32852071721086
431,803,416,219.69296757065302
124,385,282,220.73740054644117
275,473,514,221.93016919743022
432,763,488,225.6213642366343
113,421,192,227.24656213021134
433,763,491,227.705950734714
256,453,506,227.7827912727386
117,438,170,229.1025971044414
112,376,266,233.52087701102872
334,530,557,235.63743335896356
403,656,561,235.74774654278247
107,414,187,235.84104816592043
268,455,518,235.84104816592043
109,376,256,236.5417510715603
110,427,170,237.00843866833097
237,642,97,238.72368964977062
308,504,551,239.11712611187014
122,362,306,239.4159560263267
119,361,302,240.87548650703334
121,359,305,242.5077318355025
424,700,553,242.5716389028198
205,390,457,244.38698819699874
118,357,304,244.60784942433878
108,360,277,246.22144504490262
286,714,112,247.78216239269526
105,430,145,252.7231687044146
103,428,145,254.07282420597446
125,341,335,259.01737393464555
91,354,250,259.3067681338071
90,405,157,262.01145013147806
98,341,284,263.41032629720496
402,620,596,264.7564918939666
407,634,596,266.18038996139444
412,647,597,269.1356535281047
404,625,600,269.1635190734435
95,424,122,274.0
287,452,563,274.3446737226732
413,641,604,275.0727176584403
384,554,608,279.8070763937181
158,327,400,281.3414295833445
411,631,613,282.70479302622374
99,318,310,282.85685425670704
140,322,389,283.7833680820636
104,316,321,284.2129483327598
97,316,311,284.77535005684746
147,322,394,284.829773724588
92,316,299,285.91082525850607
266,415,550,285.9178203610261
359,510,604,286.5030540849434
85,351,188,287.64040050034697
157,321,404,288.1405906844782
419,638,618,288.51343122981297
161,321,406,288.6468430452687
83,350,187,289.0069203323685
415,627,621,290.25850547399983
355,501,607,292.27726562290127
352,494,608,295.6552045880471
134,307,392,299.08025678737135
170,314,424,300.4330208216134
160,308,416,303.84206423732707
111,296,352,304.6571843892738
159,307,416,304.8032152061392
143,304,405,304.8688242506931
401,577,636,304.8688242506931
163,307,418,305.3604427557702
150,305,412,305.6550343115585
219,350,509,306.31519714176767
372,507,624,306.45228013509706
446,722,614,307.25884853003015
146,302,409,307.7872641939559
128,297,388,308.13146544940844
137,300,403,308.28720375649715
136,299,401,308.80738333142233
131,297,393,309.0792778560219
220,348,512,309.6837096135346
135,296,402,311.9551249779365
283,413,583,313.0015974400131
443,702,628,313.0814590485997
168,301,427,313.72918257631056
344,470,618,314.1591953134589
144,296,412,314.350123270216
296,429,599,317.0646621747684
141,293,412,317.25226555534636
88,283,319,317.26644953414154
176,307,455,317.77035733371986
281,403,582,318.29074758779905
380,511,638,318.68009037277494
448,710,632,319.53090617340916
447,704,635,320.3513695928269
368,492,634,320.7304163935812
164,294,429,321.00623046912966
386,517,643,321.8850726579286
132,284,407,324.77838598034816
145,287,419,324.8661262735775
151,288,425,325.56566157996457
393,528,650,326.0490760606446
79,280,267,326.5348373451139
156,285,430,329.892406702549
138,281,417,330.13027731488063
152,283,429,331.5086725864046
155,283,431,332.0993827154757
68,322,150,332.27699288394916
377,492,647,333.0
166,284,438,333.304665433894
328,442,626,333.7663853655727
340,450,631,334.51606837340415
167,283,439,334.57136757349696
165,282,438,335.2014319778482
374,485,647,335.3356527421443
63,316,153,335.70373843613953
64,321,144,336.42978465052704
444,675,660,336.4654514210932
153,279,433,336.51448705813544
383,499,654,337.4685170501094
337,443,631,337.71289581536564
148,277,431,337.8313188560232
305,418,617,338.15528977083886
149,276,432,339.08111124036384
62,325,132,340.03676271838606
445,675,665,341.34147125715623
442,661,669,342.47627655065395
59,323,129,343.4210244000795
58,320,133,343.5127362995439
216,314,524,344.4706083252967
369,470,651,344.47205982488623
209,308,522,348.3733629312092
450,724,658,348.78646762740095
441,649,679,350.44257732187737
388,490,666,351.64755082326394
199,297,512,352.432972350772
218,307,533,355.31676008879737
247,345,580,355.7091508522096
449,670,681,355.95083930228344
207,300,524,356.1797299117399
202,298,521,356.2653505464712
246,344,580,356.4267105591274
426,568,695,364.4077386664559
61,245,248,364.8026863936174
215,295,534,365.8264615907384
60,243,248,366.7492331280326
114,239,397,366.80512537313325
65,239,258,368.506444991129
47,292,119,374.4769685841841
194,269,509,375.3531670307312
154,245,454,375.37847567488467
51,243,215,375.68337732723813
52,241,220,376.06515392947534
198,272,516,376.0850967533811
50,240,217,377.9219496139381
193,266,509,378.00132274900835
439,587,710,378.22347891160854
196,268,514,378.61325914447315
57,227,257,380.4655043496059
440,598,717,385.00519477014853
53,227,236,385.15581262652654
240,301,576,385.923567562283
425,542,714,386.37805320695946
232,295,574,389.34432062122085
46,228,213,390.5700961415249
452,705,711,393.2759845197772
437,552,723,393.93527387122873
436,550,723,394.18396720313217
169,230,474,396.31300760888485
93,206,385,397.54873915030845
81,202,336,398.02009999496255
41,219,215,398.55990766759265
94,205,387,398.81073205218536
101,206,398,399.4896744598038
55,208,255,399.49092605464773
54,208,253,399.88123236781195
56,207,257,400.09248930716006
414,505,722,401.40378672852603
40,215,217,401.8084120572888
417,506,724,403.11288741492746
76,197,318,403.24310285484114
49,206,242,404.14848756366763
38,277,89,404.2004453238517
48,206,238,405.05802053533023
418,505,726,405.2912532981683
206,255,546,405.98152667332045
42,206,228,407.4947852427071
37,274,87,407.8001961745482
309,353,659,409.8023914034666
259,299,615,413.14646313383827
260,299,616,413.83209155405046
100,192,405,414.4791912750265
410,484,730,414.56000771902734
303,346,660,414.8493702538308
312,351,664,415.0
102,190,407,416.80331092734855
267,299,622,417.9724871328255
336,363,680,421.0380030353555
329,360,678,421.08906421326117
451,645,752,422.4038352098617
319,350,673,422.82502291136933
248,283,614,424.27938908224144
350,368,690,426.6005157052673
35,220,138,426.65677071857186
89,177,392,427.2341278502924
323,350,679,427.6786176558281
392,424,722,427.873813173931
342,361,687,427.9556051741816
351,368,692,428.28028205837353
395,424,724,429.6975680638651
354,368,694,429.96278908761394
36,262,66,430.11626335213134
420,483,746,430.2150624978163
324,347,681,431.05684079944723
34,215,135,432.4742766916895
174,204,508,433.3497432790286
33,217,128,433.94124026185847
177,204,511,434.5768056396936
416,471,747,434.58716041779235
338,351,689,435.25854385640724
173,201,509,436.4974226728034
339,349,691,438.0433768475446
32,206,136,440.0590869417424
86,161,365,440.23857168585306
300,316,671,442.24088458666955
427,482,759,443.00451464968165
250,266,624,443.64400142456566
30,206,127,444.14074345864736
421,470,757,444.43784717325775
192,204,536,445.45706863849404
183,197,524,446.4000448028651
45,155,270,449.29834186206386
44,154,270,450.2887962186046
190,198,537,451.2527008229424
409,438,754,452.02654789293075
422,461,763,452.8598017046777
175,185,518,454.77576892354324
178,185,519,455.18567640030153
434,477,772,456.8686901069059
73,143,334,457.00437634666037
28,177,157,457.77068495044546
435,477,773,457.83184686083166
430,467,771,458.7046980356752
181,183,524,459.07842467273497
191,190,540,459.7434066955175
428,463,771,459.8804192396106
292,285,672,463.49217900629134
189,184,538,464.2111588490738
171,168,502,464.2456246428177
438,480,782,465.72524088780074
172,166,504,466.84044383493597
188,180,536,466.92183500024925
211,199,574,468.3641745479686
396,382,748,469.6594510919588
27,160,166,470.2722615677008
67,128,331,472.0010593208452
66,128,329,472.00953380201975
87,133,402,472.2171110834507
180,167,528,475.29464545689973
25,201,72,476.2362858917829
43,124,283,478.5154124999528
21,198,64,483.1438709121746
20,188,78,484.0041322137653
332,297,710,484.4512359360847
335,294,712,487.8893317136582
31,123,214,491.37867271585975
24,138,161,492.630693319042
26,129,183,494.00607283716664
13,167,94,494.0981683835713
29,121,208,494.78985438264596
23,135,161,495.44525429153117
12,161,101,496.0665277964237
345,292,721,496.17033365569125
356,302,729,496.400040290087
10,164,93,497.20921149954575
22,133,161,497.3228327756529
96,111,428,498.33422519429666
325,277,713,499.48973963435924
9,158,99,499.6528795073636
19,131,153,501.9980079641751
349,289,727,502.73850061438503
18,130,152,503.2891812864648
7,157,93,503.3587190066345
6,162,83,503.83032858294666
5,149,102,506.2617899861691
347,283,727,506.4721117692464
331,273,719,506.6537279049667
353,286,732,508.52335246279495
343,278,726,508.8418221805279
341,275,726,510.74553350959417
4,146,94,512.6012095186667
3,143,95,514.7989898979989
39,87,278,515.8342757126557
2,146,84,517.3200170107474
11,114,150,518.960499460219
357,278,740,519.7576358265457
14,110,157,520.3124061561477
16,107,162,521.4872961060508
15,107,160,522.1427008012273
8,109,150,523.6458727040632
139,102,495,523.997137396761
129,96,482,525.8478867505316
17,100,167,526.5216044950103
71,71,353,529.4166601080854
70,70,353,530.4158745739045
72,68,357,532.5870820814189
1,139,62,534.248069720425
0,136,62,536.8388957592399
69,61,352,539.3709298803561
74,59,367,542.130980483499
80,59,386,543.6883298361296
75,57,372,544.4713031923721
77,56,380,546.1135413080324
84,47,397,556.8069683472002
78,45,387,557.718567021038
82,43,397,560.7798141873511
106,48,454,565.3211476674121
116,49,464,566.5906811799855
115,47,464,568.5358387999828
