9,164,93,9.219544457292887
6,157,93,10.295630140987
12,167,94,11.180339887498949
8,158,99,15.524174696260024
11,161,101,17.029386365926403
3,146,94,18.867962264113206
4,149,102,22.20360331117452
2,143,96,22.47220505424423
19,190,79,28.442925306655784
1,138,62,32.55764119219941
0,136,63,33.421549934136806
23,200,75,39.05124837953327
20,199,67,40.718546143004666
29,206,127,61.5223536610881
30,206,136,68.11754546370561
32,217,128,70.43436661176133
33,215,135,73.55270219373317
17,129,152,75.58438992278762
18,131,153,75.64390259630977
27,177,159,76.48529270389177
34,220,138,79.2464510246358
21,135,161,81.59656855530139
10,114,150,81.60882305241266
24,138,162,81.60882305241266
26,160,166,82.02438661763951
22,134,162,82.87339742040264
7,109,150,84.64632301523794
13,110,157,89.62700485902673
16,109,162,94.30270409696638
14,106,162,96.02083107326243
35,260,65,99.82484660644363
15,100,167,103.60019305001319
25,129,184,105.30432089900205
28,121,209,131.55227098001768
43,293,118,135.34031180694095
31,122,216,137.92751719653333
37,215,215,141.315250415516
38,219,215,142.86357128393507
42,227,214,145.34441853748632
39,207,230,152.7776161615307
45,240,217,154.18495387034366
46,243,216,154.8709139896837
47,241,221,158.14550262337528
44,206,242,164.01219466856725
48,227,237,166.23477373883
56,321,135,166.97904060090895
57,323,131,167.72000476985446
60,316,153,168.75129629131743
61,321,144,169.94410845922255
65,322,150,173.07801709055948
64,328,133,173.08090593707902
49,209,254,176.3774361986249
67,331,135,176.52761823578768
50,208,257,179.0111728356641
51,207,258,179.7247896090019
58,244,248,183.35757415498276
59,245,248,183.8069639594757
54,228,258,186.09674903124989
41,155,270,186.1316738225926
40,154,270,186.17196351760379
62,239,258,190.2761151589973
36,87,280,209.85947679340097
81,350,187,214.36650857818253
82,350,188,214.84878403193255
79,280,269,219.4288039433292
74,198,317,235.76471322061747
63,128,330,248.33847869389874
72,143,334,250.72096043211067
91,405,157,253.7282010340987
92,354,251,254.46610776290032
80,203,337,256.30060475933334
89,283,320,265.2112365643658
97,425,127,266.4920261471251
95,319,300,267.02996086581743
52,71,336,267.9272289260649
53,70,339,271.0885464197999
107,414,187,272.237029075767
55,72,341,272.3031399011036
103,428,147,273.3587386567329
109,376,256,274.5541840875859
98,317,311,274.8708787776544
105,358,277,275.0727176584403
106,430,147,275.30528509274933
99,316,313,275.9655775635795
104,344,292,276.3837911311009
111,426,172,278.2804340948174
112,376,266,280.9270367906941
86,161,365,281.00177935379696
113,422,191,281.1565400270817
102,315,321,282.0957284327432
69,71,353,283.9753510430087
68,70,353,284.29737951659
66,62,352,286.048946860498
71,71,357,287.76726707532254
70,68,357,288.7299776607895
118,438,170,289.0882218285622
119,421,214,289.79475495598604
117,357,303,293.23369519889764
122,435,197,295.4623495472816
110,296,349,296.952858211535
121,363,303,297.2574641619618
120,360,306,297.46932614977294
123,385,282,298.21636440678435
73,59,368,302.1009764962702
125,443,196,302.49793387724156
93,206,385,304.19894805866767
126,451,184,305.81203377238114
75,57,372,306.54363474063524
94,202,388,306.6202863477888
90,177,392,308.3650434144571
124,340,336,308.52552568628744
129,384,307,314.66331212901196
76,56,382,316.29100524675056
100,207,399,318.1980515339464
78,59,386,319.0814942926023
88,133,402,319.3195891266303
114,239,397,322.33212685055145
101,191,408,325.2952505032928
77,46,388,325.37977810552394
139,470,190,325.7299494980466
84,53,397,331.436268383531
127,297,388,332.62741919450957
85,47,398,334.39647127324776
83,44,398,335.4400095397089
155,470,218,335.88688572196446
130,295,394,337.3262515725688
132,309,390,339.4775397577872
87,41,402,340.2425605358624
133,307,392,340.42473470651333
131,284,407,345.2723562638631
134,297,402,345.469246098694
135,296,403,346.0014450836875
136,300,403,347.57013680694723
96,111,428,347.75997469519115
145,322,394,348.85527085024813
143,305,406,352.3251339317137
140,294,412,353.5647041207592
144,302,409,353.8714455844099
141,296,412,354.3162429243119
137,281,418,354.565931809586
156,327,401,357.37095573087635
142,287,419,357.56118357562247
148,305,412,357.816992329878
159,321,408,360.91134645505394
154,307,416,362.28303852098844
157,308,416,362.6844358392017
158,307,418,364.1167395218188
146,275,431,364.9356107589392
149,283,429,365.60361048545457
152,289,427,365.75674976683615
147,276,432,366.1966684720111
151,283,431,367.4914965002592
150,279,433,368.0896629898753
161,294,430,370.32418230517976
164,301,429,371.94892122440683
174,521,187,373.48360071092816
160,282,438,373.7860350521405
162,284,438,374.4329045369811
163,283,439,375.05466268265485
153,245,455,380.1710141502111
177,536,164,382.4604554721965
178,417,372,384.66738879192764
179,546,130,386.7453942841466
181,545,140,387.07234465923807
180,547,131,387.85822151915255
108,47,455,388.4147268062837
185,515,265,396.6988782439396
165,230,475,396.86899601757756
116,50,465,397.1208883954608
115,47,465,397.9773862922365
171,307,455,398.3290097394364
187,520,263,400.2561679724624
128,96,482,403.43524883182926
138,105,496,415.92427195344106
166,168,503,419.0429572251513
192,543,260,419.68678797407955
167,166,504,420.01904718714843
189,585,123,424.7940677551889
196,571,200,425.13174428640355
190,585,131,425.60310149245856
168,201,508,425.7898542708598
169,205,508,426.1748467472007
202,535,292,427.0749348767731
198,574,200,428.01869118065395
199,486,364,428.22424032275427
203,535,296,429.03729441623136
201,573,210,429.88021587414323
206,486,372,433.49740483652266
170,185,518,434.60901969471365
172,185,519,435.6076216045812
184,269,509,438.2624784304493
176,197,521,438.3993613134034
208,486,380,438.8530505761581
194,392,458,439.0626379003342
175,183,524,440.50085130451225
186,268,514,442.87244213204326
173,167,528,444.0281522606421
188,297,512,448.78614060596834
211,459,421,449.1970614329528
212,579,257,451.4620692815732
182,180,536,452.35826509526714
183,190,538,454.86261662176634
191,298,521,457.67346438263166
195,300,524,461.1333863428238
197,308,522,461.6925383845834
213,617,171,463.24291683737596
209,350,509,464.72464965826805
214,487,417,465.3106489217714
205,315,524,465.84224797671584
210,348,512,466.66904761297377
215,614,201,466.897204960578
219,618,198,470.0340413204133
204,296,535,470.48591902415103
193,255,546,471.2674399955932
207,307,533,471.8325974326064
217,457,457,475.5565160945647
218,456,458,475.7226082498077
222,458,461,479.3172227241579
220,643,99,481.23383089720534
223,585,327,487.82988838323547
200,203,574,491.71231426516056
226,539,404,494.4987360954525
236,597,324,496.8148548503758
225,509,441,497.8533920744138
224,658,144,499.61585243064496
231,512,441,499.94899739873466
235,524,431,501.4508949039776
233,515,441,502.0537819795804
241,640,240,502.81209213780846
245,600,332,503.33686532977094
248,606,327,506.1472117872428
237,493,468,506.96844083236584
230,462,493,507.22874524222306
243,521,443,507.70266889194113
216,295,574,507.72925856208053
252,606,331,508.0797181545432
246,527,439,509.1659847240387
238,668,142,509.31326312987375
234,467,492,509.40062818964014
239,668,143,509.4281107280987
254,611,328,511.0156553374857
221,301,576,511.2582517671475
247,669,168,513.9114709753032
255,615,327,514.0603077460854
240,455,507,514.5658364096863
257,588,375,515.9040608485263
262,614,337,517.9893821305607
250,478,496,519.2301994298867
251,455,518,523.6458727040632
264,645,292,525.8830668504169
258,687,134,527.3755777432247
227,344,580,528.3370136570028
256,474,511,528.8411859906525
228,344,581,529.275920480046
261,689,134,529.3666026488637
259,475,511,529.4317708638196
249,414,550,529.7735365229184
260,473,514,530.6797527699733
263,492,507,536.49697110049
266,491,510,538.2536576745206
271,683,243,544.7219474190479
272,591,421,545.5364332471297
232,283,616,545.5868400172424
273,589,426,547.0767770615016
268,509,507,547.1179031982047
229,265,622,547.7709375277225
242,299,615,548.3885483851756
274,688,240,548.6456051040599
244,299,616,549.3568967438199
269,714,114,552.8146163045981
265,403,582,553.2494916400738
276,695,234,553.7047949945892
253,299,623,556.138471965391
278,597,432,557.0718086566578
279,598,431,557.2297551279903
267,412,583,558.1227463560323
281,673,309,558.3421889844972
270,452,563,559.9473189506313
283,611,423,562.6028794807222
284,628,400,563.0381869820199
286,611,426,564.4156269984027
280,536,507,564.6281962495319
290,599,447,568.1003432493242
288,569,482,569.256532681005
289,571,480,569.295178268708
292,599,449,569.3803649582588
295,723,211,575.1956188984752
303,632,423,579.500647109216
277,429,599,580.0982675374923
291,505,552,580.235297099375
297,737,165,580.6771908728635
298,738,164,581.5290190523599
300,578,491,581.9836767470373
308,638,422,583.7979102394937
299,741,166,584.7777355542873
307,616,453,585.0444427562747
310,621,451,587.6818867380549
301,534,539,587.7150670180237
315,622,454,590.3388857258177
287,418,617,591.2909605262032
323,649,431,597.9782604744089
314,530,557,599.2937510103038
275,285,672,600.7270594870852
285,346,660,604.675119382301
282,316,671,606.8648943545837
293,353,661,607.7910825275409
294,347,665,609.7425686304016
333,651,449,610.201606028696
335,648,455,611.4221127829775
296,350,666,611.6109874748818
337,720,338,613.0905316509137
336,624,490,615.0447138216863
321,470,618,616.4576222255671
338,730,326,617.404243587619
339,733,324,619.3876007799962
302,350,675,620.1814250685037
326,494,608,620.3224967708329
342,735,327,622.3969794271177
344,700,398,622.9285673333661
330,502,606,622.9638833832986
345,727,350,624.4845874799473
306,350,680,624.94799783662
304,347,681,625.0071999585285
334,511,604,626.2595308655989
346,731,346,626.422381464775
312,361,679,627.3962065553154
309,345,685,628.2435833337257
349,731,353,629.3822368004995
316,364,681,630.2483637424218
351,701,414,631.9976265778218
352,701,417,633.5692543045315
317,351,689,633.834363221181
320,361,687,634.9881888665332
318,349,691,635.1519503237001
348,602,543,635.8309523764945
355,738,361,639.1439587448199
305,277,713,639.4263053706815
353,781,246,639.8476381139498
341,490,634,640.3780133639817
313,297,710,640.3912866365375
343,507,624,640.8002808988149
340,468,650,643.4221009570623
328,368,694,643.8447017720966
329,368,695,644.7922145931975
311,274,719,644.8015198493255
360,758,331,645.155020130821
361,652,508,647.9783947015518
358,612,551,648.5283339993712
363,677,479,649.0377492873585
347,485,647,649.0747260524015
319,275,726,651.8688518406137
350,492,647,652.5863927481173
322,280,726,652.754165057566
357,554,608,654.4004889973723
324,285,727,654.6586897002131
354,511,638,654.7648432834494
365,754,364,654.87708770425
325,289,727,655.4220014616537
366,755,364,655.7812135156054
369,756,363,656.2598570688291
371,720,433,658.1527178398643
327,286,731,658.7753790177651
331,303,729,660.2317774842408
356,499,654,662.1699177703559
359,516,645,663.3528472841584
332,278,740,666.1771536160633
362,490,666,668.0628712928147
372,681,508,670.1768423334247
373,680,512,671.9434500015608
367,528,650,674.026705702378
374,680,523,679.0029455017113
377,656,561,686.7059050277637
376,622,596,688.2906362867361
364,424,721,688.776451397694
379,726,482,690.2897942168927
368,424,723,690.6265271476328
375,580,634,690.8140125967336
378,634,596,696.3677189531404
370,382,748,699.4969621092004
382,647,597,705.9702543308748
381,631,613,706.9667601804204
383,641,604,706.9943422687342
384,627,621,710.3478021363901
387,639,611,710.8150251647752
391,700,553,713.7261379548881
388,638,618,715.3544575942755
380,485,731,723.1445222083895
398,765,489,726.3841958633186
397,763,492,726.4055341198881
385,505,725,727.0006877575839
386,472,748,732.8001091702976
393,568,695,733.5918483734671
392,541,713,734.3582232126225
389,484,747,737.0569855852395
390,470,758,741.039809996737
401,557,719,747.8301946297702
394,482,760,747.9144336085512
402,559,719,748.8885097262475
395,465,771,750.8515166129719
396,467,771,751.660827767418
404,587,710,756.6379583393897
399,477,773,757.5922386086066
400,477,774,758.5018127862319
407,702,628,766.5089692886835
403,480,782,767.0254233074677
406,661,669,768.9122186569804
405,599,719,770.8398017746619
410,722,614,771.0382610480494
408,675,660,771.3267789983698
411,704,635,772.8939125132246
412,710,632,774.9890321804561
409,675,665,775.067738975117
414,724,658,803.3181188047485
413,688,693,804.7092642687793
415,705,711,829.4443923494812
