61,321,144,6.082762530298219
60,316,153,6.708203932499369
56,321,135,15.033296378372908
67,331,135,17.4928556845359
64,328,133,18.027756377319946
57,323,131,19.026297590440446
43,293,118,43.18564576337837
81,350,187,46.400431032480725
82,350,188,47.20169488482379
91,405,157,83.2946576918352
107,414,187,99.16148445843275
34,220,138,102.70345661174214
46,243,216,102.9417310909429
35,260,65,105.20931517693668
97,425,127,105.53672346628922
45,240,217,105.89145385724005
92,354,251,105.94810050208545
103,428,147,106.04244433244644
111,426,172,106.30145812734649
32,217,128,107.28000745712129
47,241,221,107.71258050942797
106,430,147,108.04165863221463
33,215,135,108.04628637764465
113,422,191,108.07867504739313
42,227,214,114.54693361238441
30,206,136,116.84177335182824
118,438,170,117.71151175649729
119,421,214,117.88553770501282
29,206,127,118.25819210524064
109,376,256,118.96217886370441
38,219,215,121.79490958164057
122,435,197,122.38463955905577
59,245,248,124.63145670335399
37,215,215,125.19584657647394
58,244,248,125.25174649480941
79,280,269,126.19429464123962
112,376,266,127.9531164137865
48,227,237,128.81770064707723
125,443,196,129.4488315899375
105,358,277,132.00378782444085
126,451,184,133.4053971921676
62,239,258,136.20939761998804
39,207,230,140.089257261219
54,228,258,143.17821063276352
23,200,75,143.20963654726592
104,344,292,143.69411957348845
27,177,159,145.27904184706065
123,385,282,146.26346091898688
44,206,242,148.05404418657398
20,199,67,148.38463532320318
19,190,79,149.88328792764054
95,319,300,150.02999700059985
139,470,190,153.3101431738944
49,209,254,153.57408635573907
50,208,257,156.348968656656
117,357,303,156.95222202950808
51,207,258,157.76247969653622
121,363,303,158.39823231336896
120,360,306,160.5615146914104
98,317,311,161.07762104029226
26,160,166,162.78820596099706
155,470,218,162.87418457201866
99,316,313,163.11039206623224
12,167,94,164.80594649465777
9,164,93,167.96725871431016
11,161,101,168.2914139223983
129,384,307,168.7986966774329
102,315,321,171.14321488157222
8,158,99,171.74690681348528
5,162,84,173.07801709055948
89,283,320,174.4161689752415
6,157,93,174.56803831171388
4,149,102,179.53551180755298
24,138,162,184.39088914585776
3,146,94,184.69434208984313
124,340,336,186.86893802876924
2,143,96,186.96791168540125
21,135,161,187.32325002519042
22,134,162,188.38258942906586
18,131,153,191.02355875650522
17,129,152,193.01036241611484
25,129,184,195.97193676646665
110,296,349,200.6913052426537
174,521,187,202.41047403728888
1,138,62,203.9607805437114
0,136,63,205.34117950377123
41,155,270,205.6428943581567
40,154,270,206.45580640902304
10,114,150,208.0
74,198,317,208.00240383226344
28,121,209,209.4803093371785
31,122,216,210.6086417980041
13,110,157,212.11553455605272
7,109,150,213.0
16,109,162,213.3377603707323
177,536,164,214.4574549881631
14,106,162,216.33307652783935
80,203,337,221.65288177689007
15,100,167,222.64994947226015
181,545,140,223.22410264126944
185,515,265,224.66419385384935
179,546,130,224.89108474992955
180,547,131,225.80079716422614
187,520,263,227.9758759167294
127,297,388,239.30942313247925
132,309,390,240.3518254559345
178,417,372,241.47256572952548
133,307,392,242.46443038103547
145,322,394,244.0
130,295,394,245.48930730278255
192,543,260,246.86230980042296
156,327,401,251.04979585731593
134,297,402,253.23704310388715
136,300,403,253.95472037353431
196,571,200,253.97047072445253
135,296,403,254.33245958783948
202,535,292,255.99414055794324
143,305,406,256.56383221335
72,143,334,256.7041098229633
198,574,200,256.9124364447934
159,321,408,258.00193797721755
201,573,210,258.07169546465184
203,535,296,258.2343896540505
144,302,409,259.77105304479176
131,284,407,259.7941492797711
114,239,397,260.5724467398654
93,206,385,262.070601174569
148,305,412,262.5509474368737
141,296,412,263.28691574022434
140,294,412,263.4919353604584
190,585,131,263.68541863364385
189,585,123,264.3822989536175
63,128,330,264.6431559666715
157,308,416,266.36816626616627
154,307,416,266.42259663924904
94,202,388,266.54080363051355
158,307,418,268.41944787961995
36,87,280,268.5609800399157
86,161,365,268.6000744601535
199,486,364,269.6145396672813
137,281,418,271.1180554666177
142,287,419,271.26739575555337
100,207,399,274.2735860413831
206,486,372,276.00724628168734
212,579,257,278.38462601228537
152,289,427,278.9587783167972
164,301,429,279.7892063679369
161,294,430,281.3965173913849
149,283,429,281.71261952564356
90,177,392,282.11522468665174
208,486,380,282.48185782453356
151,283,431,283.69349657685143
146,275,431,284.9034924320866
147,276,432,285.72714256787015
150,279,433,286.2481440987871
101,191,408,289.35272592460575
162,284,438,290.4961273407961
160,282,438,290.76450952617995
163,283,439,291.61961525247233
213,617,171,295.7465130817268
215,614,201,296.42030969554025
219,618,198,299.866637023861
211,459,421,303.66099519036027
171,307,455,305.3686296920494
52,71,336,312.40518561637225
214,487,417,313.86939959161356
153,245,455,314.5695471592888
55,72,341,314.61246002026047
53,70,339,315.0
88,133,402,315.0
194,392,458,315.8543968349974
223,585,327,317.0141952657641
69,71,353,322.8157369150395
68,70,353,323.5938812771342
220,643,99,325.0261527938944
71,71,357,325.3459696999488
236,597,324,325.4243383645421
70,68,357,327.6659884699662
66,62,352,329.24762717444145
241,640,240,330.4905444940899
245,600,332,332.27699288394916
226,539,404,334.07334524023315
248,606,327,334.6415993268022
217,457,457,335.37143587371895
218,456,458,335.88688572196446
224,658,144,336.05356715857073
252,606,331,336.7744052032458
165,230,475,337.7706322343611
254,611,328,339.418620585259
222,458,461,339.43629741086914
73,59,368,341.603571409902
255,615,327,342.31272252138103
75,57,372,345.70073763299956
225,509,441,345.90461112855957
235,524,431,346.07080200444534
239,668,143,346.07080200444534
238,668,142,346.09247319177575
262,614,337,346.7463049550781
247,669,168,347.4665451521916
231,512,441,347.53560968625936
257,588,375,348.39776118683653
96,111,428,349.0057306119772
233,515,441,349.1847648452034
264,645,292,352.8356557945923
76,56,382,352.95892112255785
78,59,386,353.3624201864143
243,521,443,354.18921496849674
246,527,439,354.3247098354841
209,350,509,360.0902664610639
237,493,468,361.06093668520833
188,297,512,362.86223281019477
184,269,509,362.8911682584739
210,348,512,362.93250061133955
77,46,388,364.44478319767455
84,53,397,365.1985761198967
258,687,134,365.3505166275258
261,689,134,367.3486082728503
186,268,514,367.98369529097346
85,47,398,370.3093301552096
230,462,493,370.47132142717874
234,467,492,371.46870662277865
191,298,521,371.775469873955
197,308,522,372.2633476451852
83,44,398,372.54261501202785
271,683,243,372.7868023414992
205,315,524,374.0655022853618
195,300,524,374.64650005038084
169,205,508,376.6337743750552
274,688,240,376.90317058894584
87,41,402,377.4453602841079
168,201,508,377.89548819746443
250,478,496,379.54182905181875
240,455,507,380.9698150772578
272,591,421,381.84028074575895
276,695,234,382.3414704161713
207,307,533,383.29362113137233
273,589,426,384.0117185711915
166,168,503,385.12984823303424
281,673,309,385.3336216838598
204,296,535,385.87692338360944
167,166,504,386.8488076755569
251,455,518,391.29656272448904
176,197,521,391.4920177985753
256,474,511,391.69503443367773
259,475,511,392.08417463600847
170,185,518,392.674165180242
172,185,519,393.6114835723165
269,714,114,393.6495903719449
279,598,431,393.8743454453463
278,597,432,393.88957843537827
260,473,514,394.07740356432515
284,628,400,395.1404813480897
263,492,507,395.4099138868422
283,611,423,397.5550276376844
266,491,510,397.6946064507287
175,183,524,398.9949874371857
286,611,426,399.6210705155573
128,96,482,401.62171256046406
193,255,546,401.6279372752847
268,509,507,403.0111660984097
295,723,211,405.6131161587357
290,599,447,406.12559633689676
292,599,449,407.5904807524337
138,105,496,408.4176783637065
173,167,528,408.54497916386146
183,190,538,409.83899277643167
249,414,550,410.4436623947311
108,47,455,410.67018396762137
182,180,536,411.2906514862695
303,632,423,413.0726328383424
289,571,480,413.4017416509031
288,569,482,413.8030932702171
297,737,165,415.27099585692235
116,50,465,416.1838536031882
280,536,507,416.22710147226115
298,738,164,416.2355102583152
308,638,422,416.94124286282835
115,47,465,418.1506905411015
299,741,166,419.30537797648145
307,616,453,422.19071519871204
310,621,451,424.2664257279852
216,295,574,424.8588000736245
300,578,491,426.4000469043126
221,301,576,426.51729156037743
315,622,454,427.10186138671884
227,344,580,430.5624228843014
323,649,431,431.1496260000697
228,344,581,431.5611196574594
270,452,563,432.976904695851
265,403,582,439.52815609469206
337,720,338,440.1681496882754
200,203,574,440.3827880378614
291,505,552,441.6933325283505
267,412,583,442.2544516452039
301,534,539,443.0180583226828
338,730,326,444.3422104639621
333,651,449,444.56945464122924
339,733,324,446.314911245412
335,648,455,446.4314057052886
342,735,327,449.3306132459706
345,727,350,451.6912662427734
344,700,398,452.09291080484775
346,731,346,453.5383115019061
336,624,490,454.75707800978756
349,731,353,456.607052069939
314,530,557,457.0700165182573
277,429,599,461.57339611377085
351,701,414,461.8841846177459
352,701,417,463.6054356885821
242,299,615,465.56846972276804
355,738,361,466.45149801453096
244,299,616,466.56725131539184
232,283,616,467.62912655222834
353,781,246,468.93176475901055
360,758,331,472.0773241747585
253,299,623,473.5588664569591
229,265,622,475.42927970414274
287,418,617,476.7651413431985
365,754,364,482.0995747768297
348,602,543,482.54429848460546
366,755,364,482.99585919550077
369,756,363,483.4511350695125
363,677,479,484.0103304682659
361,652,508,486.8921851909312
371,720,433,488.35745105404095
326,494,608,489.2320512803714
330,502,606,490.2407571795719
321,470,618,490.8441707915049
334,511,604,491.7692548340126
358,612,551,494.87473162407474
372,681,508,506.99605521147794
343,507,624,508.82315198897936
373,680,512,509.12473913570534
285,346,660,510.56439358811537
293,353,661,511.9394495445726
341,490,634,512.3280199247354
357,554,608,513.4082196459266
294,347,665,515.6064390598706
296,350,666,516.7591315109971
374,680,523,517.0038684574807
340,468,650,520.8800245737976
282,316,671,521.0345477988959
379,726,482,522.914907035552
347,485,647,523.0468430265114
275,285,672,523.3096597617896
354,511,638,523.3211251229975
350,492,647,525.2704065526631
302,350,675,525.7461364575112
377,656,561,529.6007930507658
312,361,679,530.4356699921301
306,350,680,530.7391072834184
304,347,681,531.5881864752075
359,516,645,531.6587251235514
316,364,681,532.6584271369411
356,499,654,534.1769369787505
309,345,685,535.4941643006018
376,622,596,537.5090696909216
320,361,687,538.4143385906434
317,351,689,539.7795846454366
367,528,650,540.7735200617723
318,349,691,541.6733332923081
362,490,666,542.6601146205606
378,634,596,544.2977126536542
328,368,694,545.9413887955373
329,368,695,546.9378392468379
375,580,634,548.4706008529537
391,700,553,552.5332569176267
382,647,597,552.6608363182613
383,641,604,554.8666506468018
381,631,613,556.6417160077027
398,765,489,557.826137788469
397,763,492,558.0725759253899
387,639,611,559.4729662816604
313,297,710,560.5577579518457
384,627,621,561.12921862972
388,638,618,564.6946077305856
305,277,713,564.7955382260026
311,274,719,571.0210153750911
322,280,726,577.5292200399907
319,275,726,577.914353516159
325,289,727,577.9429037543415
324,285,727,578.1850914715806
331,303,729,579.3116605075371
364,424,721,580.0387918062032
368,424,723,582.0077319074035
327,286,731,582.1142499544226
332,278,740,591.6384030808007
393,568,695,597.9473220945137
370,382,748,601.0024958350839
385,505,725,603.4185943439264
380,485,731,603.431851993247
392,541,713,604.0943634896787
407,702,628,610.6422848116563
410,722,614,612.6140710104527
401,557,719,615.6183882893688
402,559,719,616.3846201845079
386,472,748,616.5257496650079
411,704,635,617.3726589346179
389,484,747,618.589524644574
412,710,632,618.7632826857133
404,587,710,619.5361167841629
406,661,669,619.9048314055957
408,675,660,620.2491434899366
409,675,665,624.3668793265703
390,470,758,625.7539452532441
394,482,760,630.6346010171025
405,599,719,632.8427924848319
395,465,771,637.2519125118417
396,467,771,637.7036929483786
399,477,773,641.9922117907662
400,477,774,642.9626738777299
414,724,658,647.817875640986
403,480,782,651.4506888475904
413,688,693,654.8320395338029
415,705,711,679.2716687747252
