411,704,635,6.708203932499369
407,702,628,8.94427190999916
410,722,614,21.633307652783937
414,724,658,29.5296461204668
408,675,660,44.82186966202994
409,675,665,48.104053883222775
406,661,669,61.40032573203501
413,688,693,64.8459713474939
382,647,597,72.069410986909
388,638,618,73.348483283569
387,639,611,74.04052944165107
383,641,604,74.46475676452586
415,705,711,79.1580697086532
391,700,553,79.63039620647382
381,631,613,81.25269226308751
384,627,621,83.72574275573791
378,634,596,84.09518416651456
377,656,561,89.20201791439474
376,622,596,95.0789145920377
374,680,523,113.05308487608819
373,680,512,123.69316876852982
358,612,551,127.1416532848303
372,681,508,127.3459854098275
375,580,634,130.01538370516005
361,652,508,136.8941196691808
348,602,543,139.94641831786907
405,599,719,141.0319112825179
404,587,710,145.64683312726027
397,763,492,149.6963593411677
379,726,482,150.8509197850646
398,765,489,153.2122710490253
393,568,695,155.3479964466874
363,677,479,156.51836952894698
357,554,608,157.83535725559088
336,624,490,166.01204775557707
402,559,719,174.26990560621763
401,557,719,176.00568172647155
367,528,650,182.8879438344693
392,541,713,187.40864441108366
335,648,455,187.5446613476374
333,651,449,192.27584351654787
300,578,491,193.14502323383846
359,516,645,194.4350791395421
314,530,557,195.0
315,622,454,198.56485086741813
301,534,539,199.06029237394384
354,511,638,199.090431713832
371,720,433,199.25109786397664
334,511,604,200.9601950635996
310,621,451,201.69779374103229
307,616,453,202.18061232472317
343,507,624,203.15757431117353
288,569,482,205.86646157157313
289,571,480,205.9732992404598
330,502,606,209.61870145576228
323,649,431,210.05237442123808
356,499,654,212.14381914163798
292,599,449,214.03270778084362
280,536,507,214.24518664371436
352,701,417,215.18828964420902
290,599,447,215.74522010927612
326,494,608,217.329243315298
351,701,414,218.1857007230309
350,492,647,218.51544567833184
341,490,634,220.00909072126996
291,505,552,220.05681084665386
308,638,422,222.0
362,490,666,222.61176967986216
303,632,423,223.0807028857494
385,505,725,225.10886255321003
347,485,647,225.49944567559362
286,611,426,228.55415113272392
278,597,432,229.71504086585188
279,598,431,230.09780529157595
283,611,423,231.26175645791503
344,700,398,234.21357774475842
268,509,507,236.6981199756348
273,589,426,238.90793205751876
321,470,618,240.40798655618744
272,591,421,242.24367896810023
340,468,650,242.66849816158668
380,485,731,245.81700510745793
284,628,400,246.06503205453635
266,491,510,250.68905041904003
263,492,507,251.2946477742811
389,484,747,253.57641846196975
394,482,760,261.4727519264675
259,475,511,264.3217736017977
260,473,514,264.7508262498911
386,472,748,264.76404589747455
256,474,511,265.2112365643658
246,527,439,265.9661632614194
270,452,563,267.0674072214728
243,521,443,267.28636328851496
250,478,496,268.92378102354576
390,470,758,271.0645679538364
365,754,364,271.5879231482873
366,755,364,271.7517249255283
237,493,468,272.0018382290826
399,477,773,272.3416971379888
355,738,361,272.44265451650557
400,477,774,272.8607703573381
369,756,363,272.90474528670256
233,515,441,272.9578722074159
235,524,431,273.85580147223465
403,480,782,274.5906043549196
231,512,441,275.10906927980403
225,509,441,277.2760357477725
251,455,518,279.3223943761044
349,731,353,279.7892063679369
396,467,771,279.94642344563005
234,467,492,280.4442903679802
395,465,771,281.6842203603177
345,727,350,282.51194665004874
277,429,599,282.93108701590216
240,455,507,283.98943642325855
230,462,493,284.29737951659
257,588,375,284.48725806264156
226,539,404,285.0
346,731,346,286.7699426369507
287,418,617,292.3850201361212
337,720,338,294.17001886664116
364,424,721,299.5279619668254
368,424,723,300.1283058959951
267,412,583,302.00165562460086
222,458,461,304.54063768239536
360,758,331,304.8032152061392
342,735,327,306.0228749619871
338,730,326,306.65289824164387
249,414,550,307.14817271147814
217,457,457,307.6263967867517
218,456,458,307.8830946966722
339,733,324,308.85757235334216
214,487,417,309.7644266212633
262,614,337,310.22733599732953
265,403,582,311.0450128196882
252,606,331,318.4603586005643
255,615,327,319.4526568992658
245,600,332,319.53090617340916
254,611,328,319.71393463532365
248,606,327,322.2436966024316
281,673,309,325.1122882943676
211,459,421,327.9054741842533
236,597,324,328.0746866187637
223,585,327,329.6209944769902
208,486,380,337.16464820618427
206,486,372,343.1850812608264
264,645,292,346.1574786134195
328,368,694,347.57445245587314
329,368,695,347.75422355450985
370,382,748,347.90803382503253
199,486,364,349.28498393145964
316,364,681,349.4524288082714
312,361,679,352.15053599277684
320,361,687,353.3072317403084
293,353,661,358.1759344232943
296,350,666,361.6019911449604
194,392,458,362.49137920783716
302,350,675,362.5589607222527
306,350,680,363.18590281011734
317,351,689,363.4969050762331
294,347,665,364.4969135671796
285,346,660,365.0753346913483
318,349,691,365.78955698598065
304,347,681,366.29223305988893
309,345,685,368.8278731332544
228,344,581,369.5361957914272
227,344,580,369.67553340733815
203,535,296,378.8416555765746
209,350,509,380.4326484412188
210,348,512,381.3712102401019
202,535,292,382.39377609997786
271,683,243,389.9358921669048
178,417,372,391.72566931463655
353,781,246,392.4754769409167
274,688,240,392.6168615839111
282,316,671,395.9254980422453
212,579,257,397.2228593623484
241,640,240,398.200954293181
276,695,234,398.2825630127435
192,543,260,407.7658641916952
205,315,524,409.4984737456295
253,299,623,411.0985283359696
244,299,616,411.31131761720343
242,299,615,411.3514312604248
221,301,576,412.8159396147392
207,307,533,414.9819273173231
187,520,263,415.04337122763445
185,515,265,415.58873901971884
197,308,522,416.7781184275393
331,303,729,418.3993307834036
216,295,574,419.03341155568967
313,297,710,420.30108255868197
295,723,211,421.2006647668068
195,300,524,423.985848820453
204,296,535,425.2117119741647
191,298,521,426.69075452838206
275,285,672,426.8782027698299
232,283,616,427.29966065982313
188,297,512,430.0802250743459
325,289,727,431.5854492449902
327,286,731,435.4044097158411
324,285,727,435.4882317583335
322,280,726,440.1545183228272
171,307,455,440.15679024638484
305,277,713,440.51106683033515
215,614,201,441.56200017664565
219,618,198,443.64400142456566
201,573,210,443.68119184838116
311,274,719,444.5953216128123
319,275,726,445.0404475999906
229,265,622,445.1123453691214
332,278,740,445.29540756670735
156,327,401,447.2694937059759
159,321,408,448.8841721424359
198,574,200,452.90175535098115
196,571,200,453.8116349323803
145,322,394,455.1790856355331
158,307,418,456.29486080822784
157,308,416,456.3551248753541
164,301,429,456.607052069939
154,307,416,457.23626277888326
186,268,514,457.4800542100169
184,269,509,457.83184686083166
129,384,307,460.32705764488793
148,305,412,460.89586676384937
161,294,430,462.4499972970051
193,255,546,463.0561521025285
143,305,406,463.7898230880018
144,302,409,464.9655901246887
247,669,168,465.8079003194343
299,741,166,467.0299776245632
297,737,165,467.7798627559763
162,284,438,468.0940076523091
152,289,427,468.25847563071403
132,309,390,468.3641745479686
163,283,439,468.5915065384775
141,296,412,468.8240608159952
298,738,164,468.8368586192856
133,307,392,469.0511699164602
136,300,403,469.61792981103264
160,282,438,469.91488591020396
213,617,171,470.28714632658205
140,294,412,470.59111763823165
151,283,431,471.94279314340633
134,297,402,472.72507866623704
149,283,429,472.7980541415119
135,296,403,473.1141511305702
142,287,419,473.60109797170026
124,340,336,473.8311935700308
150,279,433,474.72307717236583
123,385,282,477.62432936357
147,276,432,477.866090029414
121,363,303,478.17360864020924
120,360,306,478.3053418058385
130,295,394,478.40255016042715
155,470,218,478.5352651581699
146,275,431,479.19307173622616
137,281,418,479.41318296434025
127,297,388,479.69260990763655
131,284,407,481.76861666156714
117,357,303,482.5453346577915
174,521,187,483.47285342612565
224,658,144,490.762671767118
239,668,143,490.80036674802926
238,668,142,491.7967059670083
112,376,266,495.4916750057462
153,245,455,497.54798763536365
261,689,134,498.4425744255801
258,687,134,498.5308415735179
177,536,164,499.29950931279717
104,344,292,499.55580268874866
105,358,277,499.9289949582841
110,296,349,501.48280130030383
102,315,321,502.73850061438503
109,376,256,502.9234534201005
139,470,190,502.95526640050207
165,230,475,505.023761817204
99,316,313,506.9487153549164
98,317,311,507.43472486616446
119,421,214,508.17811837976654
200,203,574,510.3067704822267
125,443,196,511.2582517671475
95,319,300,512.937618039465
122,435,197,514.6357935472425
190,585,131,516.3584026623369
126,451,184,517.4794681917341
269,714,114,518.0154437852216
181,545,140,518.9306312022832
169,205,508,520.0009615375725
92,354,251,521.4374363238604
168,201,508,523.8864380760396
189,585,123,524.1240311224052
176,197,521,524.8714128241317
114,239,397,526.3705918837031
113,422,191,526.7114959823831
180,547,131,526.8491245128913
179,546,130,528.1098370604358
183,190,538,528.4278569492717
89,283,320,528.8411859906525
107,414,187,534.4539269198048
118,438,170,536.1231201878911
172,185,519,537.0232769629264
220,643,99,537.1945643805417
170,185,518,537.2345856327569
175,183,524,537.9526001424289
182,180,536,538.624173241417
111,426,172,540.6070661765345
173,167,528,552.869785754295
100,207,399,554.3446581324655
166,168,503,557.1400183077859
167,166,504,558.8559742903353
106,430,147,560.0223209837266
103,428,147,561.0249548816879
93,206,385,561.2708793443679
79,280,269,562.7335070883909
94,202,388,563.5601121442148
91,405,157,564.4909210961679
101,191,408,565.2760387633638
82,350,188,571.6082574630985
81,350,187,572.3853597009623
97,425,127,579.8706752371601
90,177,392,584.5417008221056
80,203,337,586.5782130287487
74,198,317,601.1397508067488
62,239,258,601.4291313197258
59,245,248,603.0596985373836
58,244,248,603.8311022131934
54,228,258,610.0819617067857
86,161,365,610.4834150081392
65,322,150,618.7632826857133
138,105,496,620.0975729673517
60,316,153,620.2233468678844
88,133,402,621.151350316491
47,241,221,623.6040410388631
48,227,237,623.9503185350577
61,321,144,624.0713100279487
67,331,135,625.0199996800102
46,243,216,625.4158616472722
50,208,257,626.6011490573569
51,207,258,626.8053924464913
45,240,217,626.9968101992226
49,209,254,627.6025812566421
64,328,133,628.4305848699601
56,321,135,631.1339002145265
128,96,482,632.0569594585602
96,111,428,632.7851136049267
57,323,131,633.0639778095102
44,206,242,637.2723122810216
42,227,214,638.758952970524
72,143,334,640.5411774429494
39,207,230,643.904496024061
38,219,215,644.1816513996654
37,215,215,647.2356603278283
63,128,330,655.6889506465699
43,293,118,661.8798984710141
41,155,270,662.6228188041821
40,154,270,663.4606243026032
116,50,465,680.8002643947783
115,47,465,683.7090024272022
108,47,455,686.2200813150254
71,71,357,695.6622743831953
34,220,138,695.7988214994331
78,59,386,695.9288756762433
69,71,353,697.2531821368763
84,53,397,697.7635702729112
68,70,353,698.1697501324445
70,68,357,698.4189287240144
76,56,382,700.1542687151168
55,72,341,701.2310603502957
33,215,135,701.4513525541169
73,59,368,702.4934163392566
75,57,372,702.8577380949861
85,47,398,703.0824987154779
53,70,339,703.8813820524024
52,71,336,704.2279460515608
32,217,128,705.0283682235772
66,62,352,705.9065093905849
83,44,398,705.9121758405928
30,206,136,707.1294082415184
77,46,388,707.4121853629608
87,41,402,707.4326823097729
27,177,159,712.6134997317971
29,206,127,713.4710926169329
36,87,280,715.5648118793993
31,122,216,720.2777242147642
26,160,166,720.8716945476497
35,260,65,723.8708448335242
28,121,209,725.1551558114994
25,129,184,733.665455095168
24,138,162,740.3269547976759
21,135,161,743.2805661390589
22,134,162,743.4218183507934
18,131,153,751.4532586927812
17,129,152,753.6318729990127
23,200,75,755.2145390549629
19,190,79,759.0843167922784
20,199,67,761.8044368471478
16,109,162,762.9554377550501
11,161,101,763.7813823339765
12,167,94,764.3906069543241
13,110,157,765.2613932506983
14,106,162,765.3208477494912
10,114,150,766.5115785165935
15,100,167,767.0234676983489
9,164,93,767.2268243485755
8,158,99,767.3284824636709
7,109,150,770.4057372579724
4,149,102,771.7648605631122
6,157,93,772.2240607492103
5,162,84,774.9890321804561
3,146,94,779.4485229955857
2,143,96,780.2467558407404
1,138,62,807.5171824797291
0,136,63,808.2307838730222
