94,202,388,12.083045973594572
93,206,385,14.035668847618199
101,191,408,18.35755975068582
90,177,392,30.805843601498726
114,239,397,32.0624390837628
86,161,365,57.201398584300364
80,203,337,62.12889826803627
153,245,455,67.67569726275453
88,133,402,74.06078584514209
146,275,431,75.15317691222374
137,281,418,76.40026177965623
147,276,432,76.48529270389177
131,284,407,77.41446893184762
165,230,475,79.40403012442127
150,279,433,79.62411694957753
149,283,429,81.70679286326198
142,287,419,82.46211251235322
151,283,431,82.46211251235322
74,198,317,82.49242389456137
160,282,438,84.53401682163222
163,283,439,85.88364221433555
162,284,438,86.31338250816034
152,289,427,86.64871608973787
140,294,412,87.96590248499699
130,295,394,88.14193099768123
135,296,403,89.08984229416954
141,296,412,89.94442728707543
134,297,402,90.0499861188218
127,297,388,90.6697303403953
72,143,334,91.21951545584969
161,294,430,92.35799911215054
136,300,403,93.08598175880189
144,302,409,95.524865872714
143,305,406,98.2496819333274
164,301,429,98.67117106835208
148,305,412,98.85848471426213
133,307,392,100.24470060806208
96,111,428,100.2845950283492
154,307,416,101.43470806385751
158,307,418,101.78899744078434
110,296,349,102.08329931972223
132,309,390,102.39628899525607
157,308,416,102.42070103255493
63,128,330,104.89041900955492
169,205,508,109.01834707974616
168,201,508,109.16501271011697
89,283,320,109.62207806824317
166,168,503,111.07204868912791
167,166,504,112.72089424769483
159,321,408,114.35471131527551
171,307,455,114.61239025515522
145,322,394,115.10864433221339
156,327,401,120.01666550941998
170,185,518,121.01652779682617
172,185,519,122.0
176,197,521,122.40914998479485
184,269,509,126.26955294131677
175,183,524,127.283148923964
186,268,514,130.17680284904833
102,315,321,133.2216198670471
173,167,528,135.05924625881784
128,96,482,138.6001443000692
99,316,313,138.84163640637487
41,155,270,139.08630414242805
40,154,270,139.46325680981354
182,180,536,139.6352391053204
183,190,538,140.03570973148243
138,105,496,140.75865870347016
98,317,311,140.86873322352267
51,207,258,141.0
50,208,257,142.00352108310554
71,71,357,142.33762678926468
54,228,258,142.55525244620065
69,71,353,143.5687988387449
188,297,512,144.46106741956464
68,70,353,144.51643505151932
62,239,258,144.5856147754679
49,209,254,145.01379244747721
70,68,357,145.2067491544384
55,72,341,146.93195704134618
124,340,336,147.16657229140046
78,59,386,148.56984889270097
79,280,269,149.093930124603
95,319,300,149.4824404403407
53,70,339,149.56269588369955
52,71,336,149.88328792764054
73,59,368,151.21177202850313
76,56,382,151.95394038984313
191,298,521,152.2005256232711
75,57,372,152.41062955056645
66,62,352,152.42703172337903
84,53,397,154.01298646542764
193,255,546,154.63828762631846
58,244,248,155.46703830716015
59,245,248,155.7080601638849
195,300,524,155.80115532305913
44,206,242,157.00318468107582
197,308,522,159.15401345866212
85,47,398,160.00312496948303
77,46,388,161.37533888422976
204,296,535,162.53307355735325
83,44,398,163.00306745579974
48,227,237,163.22989922192565
205,315,524,165.19382555047267
87,41,402,166.02710622064097
207,307,533,167.20047846821492
36,87,280,169.0
39,207,230,169.0
108,47,455,169.51696080333673
116,50,465,170.30854353202602
115,47,465,173.07801709055948
104,344,292,173.83325343558406
200,203,574,175.04570831642803
117,357,303,178.08986495586996
120,360,306,179.0474797365213
209,350,509,180.41341413542398
210,348,512,180.6931099959265
47,241,221,181.2181006411887
121,363,303,183.17205026968497
37,215,215,184.1738309315414
38,219,215,184.39088914585776
45,240,217,184.967564724197
42,227,214,186.07794065928394
46,243,216,186.50737250843463
105,358,277,194.12624758130983
194,392,458,194.18032856085088
216,295,574,195.88006534611938
129,384,307,199.4818287463798
221,301,576,200.4120754844877
31,122,216,201.77710474679728
28,121,209,208.55694665965936
92,354,251,208.5976989326584
178,417,372,211.72859986312668
123,385,282,213.00938946440834
112,376,266,215.05813167606567
109,376,256,221.38202275704322
227,344,580,227.00220263248548
228,344,581,227.80035118497952
25,129,184,228.7116088002531
232,283,616,229.92390045404153
229,265,622,230.41918322917473
242,299,615,234.77648945326703
244,299,616,235.69683918118207
26,160,166,237.6930794112441
27,177,159,241.8677324489565
253,299,623,242.15697388264496
24,138,162,246.84002916869053
22,134,162,247.98790293076797
21,135,161,248.65236777477105
211,459,421,252.9584946191766
82,350,188,254.8921340488953
15,100,167,255.48581173912575
81,350,187,255.72055060162842
218,456,458,255.89450951515158
249,414,550,256.2225595063791
16,109,162,256.46247288833507
217,457,457,256.6398254363496
18,131,153,257.47232861028
14,106,162,257.62375666851847
222,458,461,258.54400012377005
17,129,152,259.02316498722655
13,110,157,260.71632093139084
34,220,138,261.3235542388018
30,206,136,263.0019011338131
33,215,135,264.12118430750684
10,114,150,265.80067720004024
7,109,150,267.5911059807482
265,403,582,268.1510768205118
60,316,153,269.0669061776271
240,455,507,270.4958410031474
32,217,128,271.1844390815963
230,462,493,271.773803005367
29,206,127,272.0018382290826
65,322,150,274.2735860413831
251,455,518,275.0727176584403
267,412,583,275.4650613054222
234,467,492,276.1322147088239
61,321,144,279.3223943761044
208,486,380,279.6462050520264
206,486,372,280.30340704315387
214,487,417,280.5779749018087
199,486,364,281.18677067031444
119,421,214,282.8798331447472
275,285,672,283.9242856819402
56,321,135,287.5621671917222
250,478,496,287.8367592924851
256,474,511,289.53928921650686
260,473,514,289.79475495598604
259,475,511,290.46170143411337
67,331,135,291.67104758614624
57,323,131,292.0273959751037
64,328,133,292.227650984639
282,316,671,293.027302482209
43,293,118,293.86561554560956
237,493,468,294.20571034566956
270,452,563,294.8236761184556
285,346,660,295.70593500976605
107,414,187,296.29883563726673
277,429,599,298.80428377116687
113,422,191,299.1471209956733
293,353,661,299.93332592427936
294,347,665,300.59274775017445
11,161,101,301.5294347157504
4,149,102,302.61031046545656
296,350,666,302.8828156234685
287,418,617,303.3891889965758
8,158,99,303.97532794620025
122,435,197,304.6112276328632
263,492,507,304.7769676337108
225,509,441,304.9065430586887
266,491,510,304.92130132216084
12,167,94,307.6117683054405
231,512,441,307.8782226790326
9,164,93,309.00647242412253
2,143,96,309.6853241598639
6,157,93,310.0580590792634
302,350,675,310.84562084739105
233,515,441,310.85044635644323
3,146,94,311.0401903291599
125,443,196,311.2956793789467
91,405,157,312.6787488781417
304,347,681,314.83964172257595
306,350,680,315.29351404683223
111,426,172,315.4203544478384
243,521,443,317.0678160898706
309,345,685,317.5531451584128
5,162,84,318.1980515339464
235,524,431,318.6110481449129
155,470,218,319.2647803939545
312,361,679,319.5559418943732
19,190,79,320.45124434147544
268,509,507,320.7304163935812
305,277,713,321.70794208412076
246,527,439,322.49030993194197
316,364,681,322.75842359263066
313,297,710,323.76071410842917
317,351,689,323.7838785362854
23,200,75,324.07560846197606
318,349,691,324.69678162864506
126,451,184,325.2091634625322
118,438,170,325.27219370859234
320,361,687,326.58842600435185
311,274,719,326.9388321995416
226,539,404,332.03764846776033
20,199,67,332.0963715550051
319,275,726,333.99550895184206
291,505,552,334.9820890734309
322,280,726,335.0492501110844
103,428,147,335.17905662496275
185,515,265,335.88688572196446
139,470,190,335.9315406448165
328,368,694,336.07439652553126
106,430,147,336.50111441123045
329,368,695,336.9525189103058
324,285,727,337.146852276571
325,289,727,338.09466130064817
35,260,65,338.178946713127
187,520,263,341.2696880767467
327,286,731,341.2696880767467
321,470,618,342.24260401066374
0,136,63,343.41956845817623
331,303,729,343.6800837988725
203,535,296,343.7920883324688
1,138,62,343.99127895922015
202,535,292,345.01159400808547
280,536,507,346.27301367562563
332,278,740,348.3130775609782
97,425,127,348.5799764759875
326,494,608,355.0352095215346
301,534,539,355.7091508522096
314,530,557,359.57335830119564
330,502,606,360.3803546254984
340,468,650,362.1077187799233
192,543,260,363.61655627872614
334,511,604,366.6619696668854
341,490,634,367.85051311640166
288,569,482,371.3933225032459
347,485,647,372.54261501202785
289,571,480,372.90347276473574
343,507,624,375.0
350,492,647,377.7949179118216
174,521,187,378.8667311865744
257,588,375,381.755157136089
300,578,491,382.23683757586736
273,589,426,382.9529997271206
272,591,421,384.6296920415791
223,585,327,384.7960498757751
354,511,638,386.700142229092
356,499,654,387.6712524807585
364,424,721,388.2949909540426
362,490,666,389.07325788339654
368,424,723,389.95512562344913
370,382,748,390.4177250074592
278,597,432,391.3936637197899
279,598,431,392.3072775261759
290,599,447,394.92784151031947
359,516,645,394.9645553717447
292,599,449,395.17591019696533
236,597,324,397.1460688462118
212,579,257,398.180863427664
245,600,332,398.67028983860837
177,536,164,404.3092875510035
283,611,423,404.71224345206065
252,606,331,404.7530111067736
286,611,426,404.90122252223443
357,554,608,405.0802389650722
248,606,327,405.4442008464297
367,528,650,407.4825149622987
254,611,328,410.1914187303289
262,614,337,411.6952756590729
201,573,210,411.91868129522845
307,616,453,412.54939098246166
255,615,327,414.30423603916967
196,571,200,414.8457544678504
310,621,451,417.2529209005013
198,574,200,417.4805384685614
315,622,454,418.6287137786896
348,602,543,420.42954225410944
284,628,400,421.00118764678086
303,632,423,425.677107676699
181,545,140,425.82273307093413
336,624,490,426.81377672235465
308,638,422,431.6132528085763
358,612,551,432.5840958703868
179,546,130,432.7609039643022
180,547,131,432.92493575676605
380,485,731,433.021939397994
386,472,748,438.2077133050033
375,580,634,440.8559855553739
385,505,725,441.67861619055094
323,649,431,443.1568571059236
335,648,455,444.54133666060795
389,484,747,444.7842173458946
390,470,758,445.0280890011326
333,651,449,446.80644579056826
264,645,292,450.8802501773614
215,614,201,452.60689345170164
395,465,771,452.71182887130306
394,482,760,453.81273670975787
396,467,771,453.85460226817133
219,618,198,457.5172127909506
361,652,508,458.15499560738175
392,541,713,458.42338509286367
376,622,596,459.3843706527247
241,640,240,461.26998601686626
399,477,773,461.27648975424705
400,477,774,462.0876540224809
190,585,131,463.3659460944449
393,568,695,466.83723073465336
189,585,123,468.03845995815345
213,617,171,469.1311117374332
378,634,596,470.2531233282773
403,480,782,470.33817620941636
401,557,719,474.23622805517505
281,673,309,474.6114200058823
381,631,613,474.9442072496516
384,627,621,475.0621012036216
402,559,719,475.7141999141922
363,677,479,476.7598976424087
377,656,561,477.3311219688069
383,641,604,479.9802079252852
387,639,611,481.21512860673863
382,647,597,482.4976683881488
388,638,618,483.44803236749243
373,680,512,486.3106003368629
372,681,508,486.37125737444643
374,680,523,488.9836398081228
404,587,710,491.0407315080899
344,700,398,493.0010141977398
351,701,414,494.2276803255763
352,701,417,494.3278264471868
271,683,243,500.9111697696509
405,599,719,506.027667227791
274,688,240,506.5984603213871
371,720,433,514.1254710671316
276,695,234,515.139786854015
391,700,553,516.4929815592851
247,669,168,516.5317028024514
337,720,338,516.6139758078559
224,658,144,518.0984462435687
345,727,350,522.3035515866228
379,726,482,525.594901040716
349,731,353,526.0152089055981
346,731,346,526.6735231621199
239,668,143,527.3111036191065
238,668,142,527.7973095801077
338,730,326,528.0700711079922
406,661,669,528.2196512815478
220,643,99,529.2409659125038
339,733,324,531.3200542046197
355,738,361,532.3579622772633
342,735,327,532.8864794681884
408,675,660,535.859123277751
409,675,665,538.3121770868647
407,702,628,545.4044370923287
365,754,364,548.1186003047151
258,687,134,548.2928049865327
366,755,364,549.1165632176833
295,723,211,549.1812087098392
261,689,134,550.0445436507847
369,756,363,550.1790617608053
411,704,635,550.1863320730532
412,710,632,554.3446581324655
360,758,331,555.1801509420163
410,722,614,558.0770556114988
397,763,492,563.7242233574854
413,688,693,563.7348667591884
398,765,489,565.211464851873
414,724,658,578.247351917845
297,737,165,579.3582656698703
298,738,164,580.6771908728635
269,714,114,581.6132735761796
299,741,166,582.6190865393959
415,705,711,587.6631688305811
353,781,246,594.0412443593458
