115,47,465,3.0
108,47,455,10.44030650891055
128,96,482,49.040799340956916
138,105,496,63.13477647065839
87,41,402,63.63961030678928
85,47,398,67.06713054842886
83,44,398,67.26812023536856
84,53,397,68.06614430096654
96,111,428,71.34423592694787
77,46,388,77.10382610480494
78,59,386,79.51100552753688
76,56,382,83.21658488546619
75,57,372,93.26306878931231
73,59,368,97.41663102366043
88,133,402,104.20172743289815
70,68,357,109.48972554536796
71,71,357,110.02272492535349
66,62,352,113.63538181394033
68,70,353,113.77170122662314
69,71,353,113.95174417269794
167,166,504,122.38055401083949
166,168,503,123.96773773849388
55,72,341,125.93649193144932
53,70,339,127.57742747053649
52,71,336,130.6981254647518
173,167,528,132.8834075421006
170,185,518,145.03103116229988
172,185,519,145.3994497926316
175,183,524,145.49914089093448
90,177,392,146.48549416239138
182,180,536,148.12494725737457
86,161,365,149.40214188558343
101,191,408,152.0855022676389
63,128,330,155.9134375222354
168,201,508,157.00318468107582
176,197,521,157.30543537970962
183,190,538,157.88920165736477
72,143,334,160.65490966665163
169,205,508,160.85397104206038
100,207,399,170.30854353202602
94,202,388,170.3907274472411
93,206,385,175.31685600648902
165,230,475,180.27756377319946
200,203,574,187.85632808079689
36,87,280,188.66372200293304
153,245,455,195.25624189766637
80,203,337,199.4818287463798
114,239,397,200.8606482116395
74,198,317,209.30360723121808
193,255,546,220.42232191862965
40,154,270,221.0
41,155,270,221.472345903501
184,269,509,223.37636401374252
186,268,514,223.4390297150433
146,275,431,227.55438910291315
147,276,432,228.39658491317246
150,279,433,231.22499864850255
160,282,438,233.5658365429328
163,283,439,234.44615586526473
151,283,431,235.46761985462035
162,284,438,235.55254190944322
137,281,418,235.73289969794203
149,283,429,235.76471322061747
131,284,407,241.0808992848666
142,287,419,241.42286552851616
152,289,427,242.00206610688264
161,294,430,246.49746449000241
140,294,412,249.68980756130196
188,297,512,251.43189932862538
141,296,412,251.6445906432324
164,301,429,253.56853117056934
135,296,403,253.69272752682525
191,298,521,254.24397731313127
134,297,402,254.9078264785136
130,295,394,255.08037948850554
204,296,535,255.76551761330143
195,300,524,256.86767021172597
171,307,455,257.19447894540815
136,300,403,257.5732905407702
144,302,409,258.14724480420085
127,297,388,258.72379094316005
31,122,216,259.2006944435142
51,207,258,259.8037721050255
148,305,412,260.4496112494699
50,208,257,261.20490041344937
158,307,418,261.26232028365666
154,307,416,261.6295090390226
143,305,406,261.7365087258558
157,308,416,262.6118809193522
49,209,254,264.20068130116545
197,308,522,264.2214979898494
28,121,209,265.6633207652121
207,307,533,265.84393918237066
229,265,622,266.22171211229187
133,307,392,267.1666146808018
216,295,574,268.15294143454776
132,309,390,269.6405014088203
205,315,524,271.4884896270927
110,296,349,271.977940281928
44,206,242,272.1488563268271
54,228,258,273.00732590903124
89,283,320,274.4339629127561
221,301,576,274.4485379811669
159,321,408,276.92959394040935
232,283,616,277.6508598942204
62,239,258,280.30340704315387
145,322,394,281.1138559374119
39,207,230,282.61988606607287
156,327,401,284.29737951659
48,227,237,288.63991407980984
242,299,615,290.69055712217414
58,244,248,291.0755915565577
244,299,616,291.20782956507196
59,245,248,291.74303762043746
25,129,184,291.8938163099726
253,299,623,294.89828755013144
37,215,215,299.5413160150032
102,315,321,301.59741378201505
210,348,512,301.6836091006603
38,219,215,301.7631521574495
15,100,167,302.16551755618974
79,280,269,302.1853735705949
209,350,509,303.2094985319556
99,316,313,306.36579443534487
42,227,214,307.13189349203054
14,106,162,308.13146544940844
98,317,311,308.22881111278355
16,109,162,308.6907837950463
47,241,221,309.86610011422675
45,240,217,312.4163888146715
275,285,672,313.16768671112925
13,110,157,313.789738519283
22,134,162,314.42805218364344
46,243,216,315.03968004046726
24,138,162,315.5202053751867
95,319,300,315.5724956329369
21,135,161,315.6596268134397
227,344,580,315.69130491668597
228,344,581,316.0569568922665
124,340,336,317.3972274611106
26,160,166,318.5922158496657
7,109,150,320.4777683397087
10,114,150,321.43584118763107
18,131,153,322.34298503302347
17,129,152,322.8157369150395
27,177,159,331.30801378777426
305,277,713,336.2038072360276
282,316,671,336.44018784919257
311,274,719,338.6620734596657
104,344,292,341.1231449198368
194,392,458,342.0716299256634
319,275,726,344.59541494337964
117,357,303,347.1210163617294
322,280,726,347.8807266866045
313,297,710,347.89941074971654
120,360,306,348.39776118683653
324,285,727,351.95028057951595
121,363,303,352.4386471430169
285,346,660,354.45874231001835
325,289,727,354.63361374804845
327,286,731,355.60089988637543
332,278,740,357.22401934920333
294,347,665,358.0628436461957
105,358,277,360.84345636300515
293,353,661,360.86701151532264
296,350,666,361.1107863246403
30,206,136,364.1112467364885
331,303,729,365.65694304908254
302,350,675,366.1966684720111
304,347,681,367.23970373585695
309,345,685,368.00135869314397
34,220,138,368.5498609415014
33,215,135,368.9512162874653
306,350,680,369.08671067921154
129,384,307,369.4861296449435
92,354,251,371.7687453242943
265,403,582,371.8843906377357
29,206,127,372.2633476451852
249,414,550,373.7927233106605
318,349,691,374.80261471873433
317,351,689,375.2026119312071
32,217,128,376.10902674623486
4,149,102,376.25789028271555
312,361,679,377.5142381420865
178,417,372,378.6000528261981
2,143,96,380.5390912902379
11,161,101,380.54828865730036
267,412,583,380.74663491618674
316,364,681,381.11940386183437
8,158,99,381.6018867877883
123,385,282,381.72503192743335
112,376,266,381.93847672105517
320,361,687,382.1060062338722
3,146,94,383.2192583887193
6,157,93,387.0826785068017
109,376,256,387.24281788046113
12,167,94,389.0115679513914
9,164,93,389.0758280849634
328,368,694,391.87370414458786
329,368,695,392.4589150471677
5,162,84,397.1208883954608
287,418,617,398.15574842013774
277,429,599,401.99129343805447
218,456,458,406.06034034364893
217,457,457,407.07861648580854
240,455,507,407.1719538475115
222,458,461,408.01960737199875
82,350,188,408.324625757497
251,455,518,408.45317969138154
81,350,187,409.0036674652197
60,316,153,410.0
19,190,79,410.6044325138247
0,136,63,411.0960958218893
211,459,421,411.3599397121698
1,138,62,412.49606058724976
230,462,493,412.95036021294374
270,452,563,413.7728845635006
65,322,150,416.1838536031882
23,200,75,417.85164831552356
234,467,492,417.8731865051884
61,321,144,420.09760770563787
43,293,118,423.6248340218028
20,199,67,424.976469936866
260,473,514,425.8286040180955
256,474,511,426.487983418056
56,321,135,427.0140512910553
259,475,511,427.48216337059023
250,478,496,429.12119500206467
57,323,131,431.3757063164313
64,328,133,433.021939397994
67,331,135,433.4293483371886
370,382,748,436.2487822332574
214,487,417,439.62825204938775
237,493,468,443.0101578970848
266,491,510,443.28997281689107
263,492,507,443.9909908995902
208,486,380,444.2082844792519
206,486,372,445.80825474636515
321,470,618,447.0
199,486,364,447.54552841023894
119,421,214,447.93079822669034
35,260,65,451.7742799230607
364,424,721,453.2240064250789
368,424,723,454.35668807666957
340,468,650,457.10939609682055
107,414,187,458.0174669158372
225,509,441,459.6270227042792
268,509,507,460.9175631281585
113,422,191,462.01731569282117
231,512,441,462.6229566288296
291,505,552,463.24291683737596
233,515,441,465.6189429136233
326,494,608,466.460073318178
122,435,197,469.0938072496801
91,405,157,469.9882977266562
341,490,634,471.3395803452114
243,521,443,471.51352048483193
347,485,647,471.53896975753764
330,502,606,473.4817842325088
235,524,431,475.2178447827901
125,443,196,476.24573488903815
111,426,172,476.68123520860354
246,527,439,477.7080698501963
350,492,647,478.0041840821061
334,511,604,481.49974039453025
362,490,666,483.7364985195969
343,507,624,483.86981720293323
356,499,654,487.1570588629503
155,470,218,487.24634426540337
118,438,170,487.41050460571734
280,536,507,487.8114389802683
314,530,557,488.73714816862446
301,534,539,489.6243457999204
126,451,184,489.65498057305615
354,511,638,492.3921201644072
226,539,404,492.7900161326323
103,428,147,493.9716591060665
106,430,147,495.5037840420596
359,516,645,499.55580268874866
139,470,190,502.02091589892945
97,425,127,504.8455209269465
185,515,265,506.1867244406949
386,472,748,508.10727213847275
380,485,731,509.88331998605327
187,520,263,511.57013204447344
390,470,758,512.1025287967244
367,528,650,512.5514608310077
203,535,296,513.6010124600613
202,535,292,514.9310633473184
395,465,771,515.6171060001792
396,467,771,517.228189487
389,484,747,517.5712511336
288,569,482,519.2783453986889
289,571,480,521.2158861738579
394,482,760,523.1147101735909
357,554,608,523.8940732629069
385,505,725,524.0467536394058
399,477,773,526.4912155012655
400,477,774,527.0768444923377
300,578,491,528.6397639224655
192,543,260,533.9232154533084
403,480,782,534.2181202467771
273,589,426,540.409104290444
272,591,421,542.7863299678797
257,588,375,545.475938974397
174,521,187,546.9232121605372
278,597,432,547.9945255201004
279,598,431,549.0537314325438
292,599,449,549.2331016972666
290,599,447,549.2950027080167
392,541,713,550.0772672997858
223,585,327,552.5115383410558
375,580,634,556.2921894112841
348,602,543,557.4836320467176
286,611,426,562.3539810475249
283,611,423,562.5699956449864
236,597,324,564.8805183399406
245,600,332,565.8524542670112
307,616,453,566.1271941887264
393,568,695,566.7662657568815
401,557,719,567.0670154399743
212,579,257,568.4232577929936
358,612,551,568.5419949308933
402,559,719,568.855869267427
310,621,451,571.1716029355802
177,536,164,571.6616131943791
252,606,331,571.9195747655434
315,622,454,572.1057594536171
248,606,327,572.8699677937394
336,624,490,574.5441671447027
254,611,328,577.4859305645463
262,614,337,578.3424591018716
255,615,327,581.6089751714635
284,628,400,581.6433615197546
201,573,210,581.8539335606489
303,632,423,583.513495987882
196,571,200,584.5220269587794
376,622,596,586.809168299201
198,574,200,587.1975817388897
308,638,422,589.5701824210583
404,587,710,590.2490999569588
181,545,140,592.1570737566174
384,627,621,597.7164879773687
335,648,455,598.0836061956555
378,634,596,598.5123223459982
179,546,130,598.5323717226997
180,547,131,598.8029726045121
381,631,613,599.5540009040053
323,649,431,599.9641655965796
333,651,449,601.2129406458248
361,652,508,603.5337604475826
405,599,719,604.9107372166575
387,639,611,606.8253455484535
383,641,604,607.1260165731658
388,638,618,607.579624411484
382,647,597,611.4188417116371
377,656,561,613.5568433323843
264,645,292,619.6402181911694
215,614,201,622.7294757757978
363,677,479,627.1562803639935
219,618,198,627.6248879705138
190,585,131,630.698818771686
241,640,240,631.4467515159137
373,680,512,631.7507419861096
372,681,508,632.4634376784163
374,680,523,632.6642079334028
189,585,123,634.9716529105847
213,617,171,638.6900656813131
281,673,309,642.2343808922097
406,661,669,644.1560369972481
352,701,417,652.7671866753108
351,701,414,652.9946401005142
344,700,398,653.4439532201671
408,675,660,654.7136778775895
391,700,553,655.9298743005993
409,675,665,656.2202374203343
371,720,433,670.7637438025404
271,683,243,670.8002683362612
407,702,628,672.0662169756787
411,704,635,675.7336753485059
379,726,482,676.213723611108
274,688,240,676.5123797832528
413,688,693,677.5160514703692
412,710,632,680.8002643947783
337,720,338,681.9303483494484
276,695,234,685.1175081692191
247,669,168,686.563908168788
345,727,350,686.6978957299928
224,658,144,687.5354536313018
410,722,614,688.320419572164
349,731,353,690.1485347372694
346,731,346,691.3190291030618
338,730,326,694.0612364914208
355,738,361,695.8160676500651
220,643,99,696.8536431705011
239,668,143,696.855795699512
238,668,142,697.3184351499679
339,733,324,697.4023229098108
342,735,327,698.7624775272353
415,705,711,699.6720660423711
414,724,658,701.0884394996112
365,754,364,711.2081270626763
366,755,364,712.198006175249
369,756,363,713.3302180617333
397,763,492,713.5110370554894
398,765,489,715.4026838082171
258,687,134,717.8648897947301
295,723,211,719.3364998385665
261,689,134,719.6401878716891
360,758,331,720.569219436967
297,737,165,749.645916416544
298,738,164,750.9627154526381
269,714,114,751.0639120607514
299,741,166,752.9156659281304
353,781,246,763.1002555365841
