251,455,518,11.0
230,462,493,15.652475842498529
234,467,492,19.209372712298546
260,473,514,19.313207915827967
256,474,511,19.4164878389476
259,475,511,20.396078054371138
250,478,496,25.495097567963924
266,491,510,36.124783736376884
263,492,507,37.0
222,458,461,46.09772228646444
218,456,458,49.01020301937138
217,457,457,50.039984012787215
268,509,507,54.0
237,493,468,54.45181356024793
270,452,563,56.08029957123981
249,414,550,59.413803110051795
291,505,552,67.26812023536856
194,392,458,79.81227975693966
280,536,507,81.0
301,534,539,85.23496934944014
225,509,441,85.27602242131137
211,459,421,86.09297300012354
231,512,441,87.20665112249179
267,412,583,87.32124598286491
233,515,441,89.19641248391103
314,530,557,90.13878188659973
265,403,582,91.2633551870629
243,521,443,91.93475947648963
214,487,417,95.51963149007642
277,429,599,95.60334722173695
246,527,439,99.03534722511958
235,524,431,102.6498904042279
209,350,509,105.01904589168576
210,348,512,107.11675872616759
326,494,608,108.26818553942798
330,502,606,109.59014554237986
334,511,604,112.0044641967453
321,470,618,112.00892821556681
287,418,617,116.05602095539895
288,569,482,116.70903992407786
289,571,480,119.10079764636339
300,578,491,124.03628501370073
343,507,624,128.03515142334936
208,486,380,130.728726758888
341,490,634,131.73458164050928
227,344,580,132.85330255586422
226,539,404,132.90974381135493
228,344,581,133.4053971921676
206,486,372,138.51353724455961
178,417,372,140.24621207005913
205,315,524,141.0283659410404
357,554,608,141.42842712835352
354,511,638,142.46754016266303
347,485,647,143.17821063276352
340,468,650,143.58969322343438
350,492,647,144.80676779764127
199,486,364,146.32156368765337
197,308,522,147.763324272297
207,307,533,150.2664300500947
359,516,645,150.88074761214565
348,602,543,151.34397906755325
356,499,654,153.44380078712857
292,599,449,155.24174696260025
195,300,524,155.92947123619703
290,599,447,156.0
273,589,426,156.5790535161073
171,307,455,156.86937240902063
191,298,521,157.62296786953354
188,297,512,158.07909412695912
367,528,650,160.55528642807124
278,597,432,160.58953888718904
272,591,421,160.90991268408544
204,296,535,161.4465855941215
279,598,431,161.94134740701648
362,490,666,162.8066337714775
358,612,551,163.04907236779974
156,327,401,166.19265928433782
159,321,408,166.6043216726385
221,301,576,168.75129629131743
307,616,453,169.81460479004744
336,624,490,169.85287751463028
164,301,429,172.6267650163207
158,307,418,172.69916039170545
157,308,416,172.88724649319857
216,295,574,173.46181135915768
154,307,416,173.738308959193
145,322,394,174.52220489095365
310,621,451,175.1913239860924
315,622,454,175.20844728494114
286,611,426,175.775424903483
283,611,423,177.17787672280082
148,305,412,177.55280904564702
375,580,634,178.19652072922187
161,294,430,178.46568297574746
143,305,406,180.83417818543043
144,302,409,181.69479904499192
152,289,427,184.27153876819935
162,284,438,184.39631232755173
293,353,661,184.71599822430107
163,283,439,184.95404834715026
141,296,412,185.21878954360974
184,269,509,186.01075237738274
160,282,438,186.25251676151922
136,300,403,186.65744024817226
140,294,412,186.93849255838134
132,309,390,187.09623192357455
186,268,514,187.13097017864254
257,588,375,187.3846311734236
133,307,392,187.42731924668826
285,346,660,187.85632808079689
151,283,431,188.04254837669055
149,283,429,188.85973631242842
376,622,596,189.2353032602532
142,287,419,189.65231345807516
134,297,402,189.70766985021982
242,299,615,189.73665961010275
135,296,403,189.992105099133
244,299,616,190.30764566879597
296,350,666,190.541334098405
150,279,433,190.9240686765291
294,347,665,191.38442987871298
147,276,432,194.07730418572905
253,299,623,194.40164608356588
146,275,431,195.386795869117
137,281,418,195.4405280385826
130,295,394,195.88006534611938
303,632,423,195.92090240706835
312,361,679,196.01020381602586
316,364,681,196.3593644316461
361,652,508,197.00253805471644
127,297,388,197.80040444852483
131,284,407,198.09341230843594
302,350,675,198.1136037731887
335,648,455,199.88246546408217
378,634,596,199.90497742677644
308,638,422,201.77710474679728
306,350,680,202.37094653136353
320,361,687,203.06649157357302
284,628,400,203.4158302591025
232,283,616,203.62956563328422
193,255,546,203.7670238286853
333,651,449,204.40156555173445
304,347,681,204.79257799051214
381,631,613,205.4555913086816
124,340,336,206.0728026693479
328,368,694,206.24742422634034
384,627,621,206.3492185592182
329,368,695,207.15453169071634
377,656,561,208.12736485142938
323,649,431,208.35546549106888
309,345,685,209.24626639440905
317,351,689,209.61870145576228
383,641,604,209.77368757782756
387,639,611,211.3575170179665
382,647,597,212.0471645648675
129,384,307,212.22865028077618
318,349,691,212.34876971623828
388,638,618,214.03270778084362
282,316,671,214.98139454380697
364,424,721,216.23366990364843
153,245,455,216.34232133357543
368,424,723,218.2131985009156
393,568,695,219.3467574412715
223,585,327,222.03603311174518
229,265,622,222.0923231451281
120,360,306,222.31958978011812
392,541,713,223.23082224459955
385,505,725,223.6604569431083
363,677,479,223.75879870968203
121,363,303,223.78561169118984
110,296,349,224.1539649437413
373,680,512,225.055548698538
374,680,523,225.5681715136247
203,535,296,225.656819085974
380,485,731,226.0
372,681,508,226.00221237855172
117,357,303,226.3183598385248
165,230,475,227.26416347501865
245,600,332,227.26636354727023
202,535,292,229.40139493908924
236,597,324,231.63117234085743
252,606,331,231.89868477419185
262,614,337,232.76812496559748
102,315,321,232.80034364235806
248,606,327,234.94893062110327
401,557,719,235.26155657055403
123,385,282,235.63743335896356
402,559,719,236.13555429032706
275,285,672,236.90715480964266
254,611,328,237.43841306747314
99,316,313,238.65665714578338
98,317,311,239.70815588961506
255,615,327,240.8318915758459
386,472,748,241.59884105682295
389,484,747,241.7457341919398
104,344,292,241.96280705926685
404,587,710,242.1425200166216
114,239,397,242.39636960977776
95,319,300,247.67922803497268
391,700,553,249.28096598015662
185,515,265,249.32709439609647
105,358,277,249.6177077052027
169,205,508,250.00199999200007
390,470,758,251.44780770569466
370,382,748,251.81342299408902
187,520,263,252.50940576540907
112,376,266,253.6178227175685
168,201,508,254.0019684963091
89,283,320,254.07282420597446
394,482,760,254.4366325826531
405,599,719,256.28109567426156
313,297,710,257.2411320143029
176,197,521,258.37956575549856
200,203,574,260.7546739753671
352,701,417,261.9465594353169
406,661,669,262.0686932847951
192,543,260,262.20793275566626
351,701,414,262.9923953273174
109,376,256,263.1387466717891
395,465,771,264.18932605235966
396,467,771,264.27258654654287
183,190,538,266.80704638371157
399,477,773,266.9082239272518
400,477,774,267.904833849634
408,675,660,267.9720134640929
344,700,398,268.15294143454776
331,303,729,269.05018119302576
170,185,518,270.22398117117586
172,185,519,270.266535109325
100,207,399,270.4958410031474
409,675,665,270.8578963220382
379,726,482,272.15069355046666
305,277,713,272.2498852157701
175,183,524,272.5307322119838
407,702,628,275.04545078950133
371,720,433,275.138147118861
92,354,251,275.2035610234722
325,289,727,275.60116110060204
403,480,782,276.1340254296815
182,180,536,276.5248632582611
93,206,385,277.2814454665151
324,285,727,278.0287754891569
311,274,719,278.7561658510893
212,579,257,279.0627169652012
94,202,388,279.58898404622454
411,704,635,279.9732130043873
322,280,726,280.33194609248517
327,286,731,280.60114041108244
101,191,408,281.95212359547855
319,275,726,283.4801580357962
412,710,632,283.98943642325855
264,645,292,286.9233347080715
166,168,503,287.0278732109479
410,722,614,287.6421387766403
173,167,528,288.76461001999536
167,166,504,289.0155705148081
155,470,218,289.3890115398302
332,278,740,292.60553651631403
281,673,309,294.4961799412685
119,421,214,294.96609974707263
79,280,269,295.4132698441287
413,688,693,298.1358750637031
90,177,392,300.84713726409296
80,203,337,303.98026251715754
397,763,492,308.3650434144571
414,724,658,308.4833869108675
398,765,489,310.5221409175198
122,435,197,310.64449134018133
125,443,196,311.231425148554
345,727,350,314.058911671043
337,720,338,314.30240215435833
349,731,353,316.0569568922665
139,470,190,317.35469115801646
113,422,191,317.71842880135233
355,738,361,318.44151739369664
346,731,346,319.5262117573455
201,573,210,319.5825401989289
74,198,317,319.6075718752608
107,414,187,322.61587065735
415,705,711,322.6701101744629
126,451,184,323.02476685232665
241,640,240,324.82918588082566
86,161,365,326.49655434629017
174,521,187,326.7353669255901
196,571,200,328.18439938546743
338,730,326,329.2202909906982
198,574,200,329.2567387313432
62,239,258,329.6316125616595
365,754,364,331.436268383531
366,755,364,332.3386826717588
339,733,324,332.8257802514703
342,735,327,332.86633954186476
59,245,248,333.4381501868075
369,756,363,333.67199462945644
58,244,248,334.0688551780905
82,350,188,335.83626963149766
111,426,172,336.2528810285497
81,350,187,336.7862823809782
54,228,258,336.94213153002994
118,438,170,337.4285109471338
88,133,402,338.68717129528244
215,614,201,344.84344273887535
271,683,243,348.82660448996717
219,618,198,349.35655139126845
138,105,496,350.1728144787942
360,758,331,350.4069063246328
51,207,258,351.4327816240255
50,208,257,351.43847256667846
177,536,164,352.4343910573995
49,209,254,352.8809997718778
96,111,428,352.9546713106373
48,227,237,353.38930374305335
91,405,157,353.5533905932738
274,688,240,354.36986327846785
72,143,334,356.7534162415267
47,241,221,357.2002239640955
128,96,482,359.86942076258714
46,243,216,360.0347205478938
106,430,147,360.86701151532264
45,240,217,361.00554012369395
103,428,147,361.01108016236844
276,695,234,363.49552954610044
44,206,242,363.6289317422364
42,227,214,371.25866993243403
39,207,230,371.79698761555346
63,128,330,371.8306065939166
213,617,171,373.01474501686926
38,219,215,375.44640096823406
181,545,140,377.87431773011514
37,215,215,377.9735440477283
60,316,153,380.3117142555564
65,322,150,380.9698150772578
97,425,127,381.18237105091833
41,155,270,382.32054613896963
40,154,270,383.105729531679
61,321,144,386.9431482789171
180,547,131,387.09172039711723
179,546,130,387.82728114458376
67,331,135,392.12242986087904
64,328,133,394.9746827329569
56,321,135,395.39853312828564
190,585,131,397.8391634819277
57,323,131,398.4971769034255
295,723,211,399.2993864257745
247,669,168,400.8952481634074
189,585,123,405.4084360247083
116,50,465,407.1719538475115
115,47,465,410.1560678571024
108,47,455,411.3003768537053
71,71,357,412.2572012712452
69,71,353,413.7293801508421
78,59,386,414.07366494381165
68,70,353,414.6576901493568
70,68,357,415.053008662749
224,658,144,415.9062394338416
84,53,397,416.7781184275393
55,72,341,417.42664026149555
353,781,246,417.6086684924057
76,56,382,418.1219917679528
73,59,368,419.68678797407955
53,70,339,420.05832928296996
75,57,372,420.27253062744893
52,71,336,420.3534227290174
43,293,118,421.3846224057067
239,668,143,421.74044150401323
85,47,398,422.3091284829159
66,62,352,422.46183259556125
238,668,142,422.6038333948238
83,44,398,425.20818430505307
77,46,388,425.9600920274105
87,41,402,427.10771475120885
36,87,280,432.3806193621541
34,220,138,437.47685653071983
258,687,134,439.2641574269405
261,689,134,440.3237445334966
31,122,216,442.2329702769797
33,215,135,442.7008018967212
297,737,165,443.26966961433305
298,738,164,444.67741116454295
299,741,166,445.058423131166
27,177,159,445.4076784250581
30,206,136,446.8131600568631
32,217,128,447.532121752171
28,121,209,447.6159067772279
220,643,99,449.23045310842406
26,160,166,450.89466619156184
29,206,127,454.31376822632177
25,129,184,458.9172038614373
24,138,162,468.5232118049222
269,714,114,470.669735589617
22,134,162,471.2387929701883
21,135,161,471.29184164379507
18,131,153,479.88748681331543
17,129,152,481.9761404883026
35,260,65,483.1035085776132
16,109,162,488.6112974543262
14,106,162,490.74025716258495
13,110,157,491.4519305079592
15,100,167,491.553659329274
10,114,150,493.69018625044595
7,109,150,497.15691687836346
11,161,101,501.27038611910837
23,200,75,501.64628973012447
19,190,79,503.3974572840034
12,167,94,503.5007447859437
8,158,99,504.65136480544663
9,164,93,506.0405122122141
4,149,102,507.60319147932864
20,199,67,509.0540246378571
6,157,93,510.09802979427394
5,162,84,514.5658364096863
3,146,94,515.8003489723519
2,143,96,516.0087208565375
1,138,62,546.3643472994921
0,136,63,546.7147336591543
