296,350,666,3.1622776601683795
285,346,660,5.0990195135927845
293,353,661,7.211102550927978
302,350,675,10.44030650891055
306,350,680,15.297058540778355
304,347,681,16.0
312,361,679,19.79898987322333
309,345,685,20.09975124224178
316,364,681,23.345235059857504
317,351,689,24.331050121192877
318,349,691,26.076809620810597
320,361,687,26.076809620810597
282,316,671,31.575306807693888
328,368,694,35.805027579936315
329,368,695,36.61966684720111
275,285,672,62.39390995922599
253,299,623,63.7808748764079
313,297,710,67.26812023536856
244,299,616,68.59300255857006
242,299,615,69.31089380465383
331,303,729,77.6659513557904
232,283,616,80.60397012554654
228,344,581,84.0535543567314
305,277,713,84.87638069569178
325,289,727,84.8999411071645
227,344,580,85.05292469985967
287,418,617,85.70297544426332
324,285,727,87.68124086713189
327,286,731,89.87213138676528
370,382,748,90.07774419910837
322,280,726,90.60905032059435
311,274,719,90.80198235721508
229,265,622,92.59049627256569
319,275,726,94.36630754670864
364,424,721,95.2102935611481
368,424,723,96.40020746865642
265,403,582,100.12492197250393
221,301,576,100.18482919085105
332,278,740,101.91172650877817
267,412,583,104.63746938836012
216,295,574,104.80935072788114
277,429,599,105.26157893552613
340,468,650,121.92620719107111
321,470,618,131.67383946707105
249,414,550,133.09395177843356
207,307,533,137.92751719653333
347,485,647,139.16896205691842
204,296,535,139.64598096615597
362,490,666,143.0034964607509
205,315,524,144.5856147754679
350,492,647,146.11296999240005
341,490,634,146.32156368765337
270,452,563,146.38647478507022
197,308,522,148.22280526288793
195,300,524,148.62705002791384
386,472,748,150.04665940966495
193,255,546,150.41608956491322
191,298,521,152.10851389715174
356,499,654,152.3975065412817
380,485,731,152.97058540778355
210,348,512,153.00326793895613
390,470,758,154.20116731075677
209,350,509,156.02884348735012
326,494,608,157.66420012165096
395,465,771,158.61904047118682
389,484,747,159.66527487215245
396,467,771,160.11246047700348
188,297,512,160.96272860510285
394,482,760,165.07574019219177
343,507,624,165.1696097955069
330,502,606,165.8493292117879
354,511,638,166.20770138594662
385,505,725,169.00887550658396
399,477,773,169.00887550658396
400,477,774,169.64963896218583
359,516,645,170.17931719218996
200,203,574,170.3437700651245
186,268,514,170.41713528867922
184,269,509,174.41330224498358
334,511,604,174.9771413642365
403,480,782,177.1383639983163
367,528,650,181.62048342629197
251,455,518,182.40888136272312
240,455,507,191.38442987871298
291,505,552,194.2498391247725
260,473,514,196.66468925559565
256,474,511,199.6121238802894
392,541,713,199.8499437077729
259,475,511,200.24984394500785
183,190,538,201.9356333092305
230,462,493,206.90335908341362
176,197,521,207.9326814139615
234,467,492,210.54453210663058
182,180,536,211.0213259365034
266,491,510,211.56795598577776
169,205,508,211.69081227110448
194,392,458,211.83484132691675
314,530,557,212.49235280357738
171,307,455,213.7755832643195
250,478,496,213.82703290276467
168,201,508,214.39449619801343
263,492,507,214.45046047980406
357,554,608,214.70444802099468
175,183,524,216.27991122617004
401,557,719,216.83173199511182
172,185,519,218.08255317654368
170,185,518,218.7532856896097
402,559,719,218.76928486421488
393,568,695,223.02690420664499
165,230,475,223.13448859376265
301,534,539,225.48835890129672
173,167,528,226.2056586383285
268,509,507,226.29184695874486
222,458,461,232.24340679554285
153,245,455,233.46091750012462
218,456,458,233.94443784796422
163,283,439,234.88720697390056
375,580,634,235.05318547086316
217,457,457,235.29555881911583
162,284,438,235.58013498595335
160,282,438,236.1228493814184
164,301,429,240.44126101815388
161,294,430,240.9024698918631
166,168,503,241.42286552851616
150,279,433,241.76021178018522
167,166,504,242.24367896810023
151,283,431,242.59431155738173
147,276,432,243.57750306627253
404,587,710,244.1823089414956
149,283,429,244.5240274492468
146,275,431,244.82646915723797
152,289,427,244.96530366564158
237,493,468,245.20399670478457
280,536,507,246.34325645326686
158,307,418,250.2179050347916
157,308,416,252.03571175529868
154,307,416,252.19238687954083
142,287,419,253.21137415211032
137,281,418,255.66579747787932
148,305,412,256.46247288833507
405,599,719,257.72077913897436
141,296,412,258.08913189051566
159,321,408,258.3118270617898
140,294,412,258.4917793663853
144,302,409,259.9249891795708
143,305,406,262.3833073958784
156,327,401,264.7564918939666
131,284,407,265.58049627184596
136,300,403,266.18226838014584
135,296,403,266.9175902783479
134,297,402,267.7106647109898
211,459,421,268.47718711279737
145,322,394,272.15069355046666
133,307,392,275.9148419349709
130,295,394,275.94383486499567
225,509,441,276.4416755845616
132,309,390,277.6130400395486
231,512,441,278.2103520719529
233,515,441,280.0
127,297,388,281.47646438023907
243,521,443,282.0638225650358
348,602,543,282.68179990936807
384,627,621,283.43605980891
376,622,596,283.5242494038208
214,487,417,284.787640181241
288,569,482,287.70297183032363
358,612,551,288.4805019407724
381,631,613,288.7213189218974
246,527,439,288.9221348391293
114,239,397,288.9429009337312
300,578,491,289.2006224059692
289,571,480,290.51850199255813
235,524,431,293.4024539774676
388,638,618,294.771097633401
138,105,496,295.16944286290885
378,634,596,295.1779124528121
387,639,611,296.95117443781896
383,641,604,300.2615526503518
100,207,399,300.59274775017445
101,191,408,300.6409819036653
178,417,372,301.24574685794323
382,647,597,307.61014287568605
128,96,482,310.6283953536766
94,202,388,312.65636088203934
93,206,385,313.4980063732463
406,661,669,314.02547667346994
208,486,380,317.08989261721985
110,296,349,320.0890501094969
90,177,392,321.6037935099647
226,539,404,324.01388859121454
206,486,372,324.29924452579286
377,656,561,326.03220699802034
336,624,490,327.6492026543022
409,675,665,328.0
408,675,660,328.03810754240124
124,340,336,329.07445965920846
199,486,364,331.5448687583628
292,599,449,331.9036004625439
290,599,447,333.208643345277
96,111,428,334.46225497057213
88,133,402,339.0648905445682
273,589,426,340.1249770305027
278,597,432,341.74405627603824
413,688,693,342.14762895568924
307,616,453,342.49817517762045
361,652,508,343.0364412128834
279,598,431,343.1573982883073
272,591,421,345.0681092190352
102,315,321,345.48516610702694
315,622,454,346.6208303030849
310,621,451,347.6665068711681
89,283,320,350.88602138016273
86,161,365,352.98158592198547
99,316,313,353.3624201864143
98,317,311,355.2689122340991
286,611,426,356.11374587342175
407,702,628,356.9229608753127
116,50,465,358.0628436461957
283,611,423,358.13405311419353
80,203,337,358.21781083580976
411,704,635,358.25828671504587
120,360,306,359.23529893372114
129,384,307,359.9069324144785
115,47,465,360.5551275463989
415,705,711,360.9432088293115
374,680,523,362.01243072579706
117,357,303,362.1380952067871
121,363,303,362.3534186398688
412,710,632,364.4969135671796
95,319,300,366.072397211262
108,47,455,366.1966684720111
373,680,512,366.46691528704196
335,648,455,367.0163484097132
372,681,508,369.0596157804319
391,700,553,370.34173407813495
333,651,449,372.9235846658133
104,344,292,373.0120641480648
303,632,423,373.8836717483126
414,724,658,377.064981137204
257,588,375,377.068959210381
410,722,614,378.4521105767545
74,198,317,378.55646870711377
363,677,479,378.80865882395034
308,638,422,379.11739606617897
323,649,431,382.04711751301045
123,385,282,384.88050093503045
284,628,400,386.24603557836036
105,358,277,388.15589651582
72,143,334,388.81486597093993
84,53,397,397.81905434506274
112,376,266,400.0524965551396
63,128,330,400.23243246893423
78,59,386,400.98004937901834
85,47,398,401.60801784824963
79,280,269,401.6279372752847
87,41,402,403.4910160090309
83,44,398,403.8539339909914
76,56,382,405.9187110740277
77,46,388,409.05989781448875
109,376,256,410.02682839053347
75,57,372,412.24871133819204
223,585,327,413.38601814768725
71,71,357,413.5698248180106
73,59,368,413.7064176442033
92,354,251,414.0591745149478
203,535,296,414.13162158907886
70,68,357,415.5779108663019
69,71,353,416.5573189850348
68,70,353,417.2205651690722
202,535,292,417.6996528607607
245,600,332,418.2080821791946
379,726,482,420.86815037491255
62,239,258,421.0855020064215
252,606,331,422.654705403832
236,597,324,422.82502291136933
262,614,337,422.93380096653425
66,62,352,423.313122877144
54,228,258,424.04009244409895
55,72,341,424.97176376790026
248,606,327,425.82273307093413
53,70,339,427.79083674150854
254,611,328,428.0946157101255
59,245,248,429.2936058224022
52,71,336,429.4380048388824
58,244,248,429.53230379099546
51,207,258,430.4056226398535
50,208,257,431.02784132814435
255,615,327,431.35600146514713
352,701,417,432.2267923208833
49,209,254,433.54930515455794
185,515,265,433.84789961459995
351,701,414,433.9550667983956
187,520,263,437.6448331695463
41,155,270,439.1913022818189
371,720,433,439.2641574269405
40,154,270,439.6293893724577
344,700,398,442.6036601746533
48,227,237,444.50421820270725
44,206,242,445.8811500837415
192,543,260,449.9344396687144
397,763,492,450.538566606678
398,765,489,453.54161881794266
47,241,221,456.4778198335599
39,207,230,456.97374103989824
119,421,214,457.0306335465928
45,240,217,460.6006947454595
46,243,216,460.8871879321446
155,470,218,463.6140636348298
36,87,280,464.5696933722647
42,227,214,466.6915469558025
38,219,215,467.85040344109996
37,215,215,468.96055271205915
212,579,257,469.34848460392413
122,435,197,476.20163796442364
82,350,188,477.00943386897495
264,645,292,477.4232922679831
81,350,187,478.0094141332365
125,443,196,478.72434657117657
113,422,191,479.8968639197385
107,414,187,482.6727669964404
281,673,309,482.7131653477042
139,470,190,490.66689311588976
126,451,184,492.1148239994402
345,727,350,493.5838327984416
349,731,353,494.77267507411926
355,738,361,495.2746712683781
337,720,338,496.04233690280915
346,731,346,499.2163859490191
111,426,172,499.2894951829049
31,122,216,502.22106686199453
118,438,170,503.2951420389432
365,754,364,506.2114182829147
366,755,364,507.0157788471676
201,573,210,508.03641601759216
369,756,363,508.4142012178653
174,521,187,508.68457810316994
28,121,209,508.93221552580064
91,405,157,511.3003031487464
338,730,326,511.4782497819433
60,316,153,512.937618039465
342,735,327,514.5755532475284
339,733,324,515.0504829625927
65,322,150,515.6064390598706
196,571,200,516.1404847519714
241,640,240,516.2111970889434
198,574,200,517.4495144456124
61,321,144,521.6483489861729
103,428,147,524.2947644216944
106,430,147,524.6074723066762
25,129,184,528.0956352783082
360,758,331,529.6007930507658
67,331,135,530.2414544337324
56,321,135,530.6373526241815
64,328,133,532.3391775926322
26,160,166,532.8883560371722
27,177,159,533.7939677441101
57,323,131,534.5390537650172
215,614,201,535.3363428724039
177,536,164,535.4642845232537
271,683,243,539.4256204519767
219,618,198,539.9351812949402
34,220,138,542.0867089313296
97,425,127,543.6248706599064
24,138,162,544.6925738432643
274,688,240,544.8908147509921
33,215,135,546.1904429775387
22,134,162,546.239874048023
21,135,161,546.7723475085403
30,206,136,547.4687205676686
43,293,118,549.6589851899084
32,217,128,552.5115383410558
276,695,234,553.9539692068286
18,131,153,555.6977595779922
15,100,167,555.8893774844056
29,206,127,556.1699380585038
16,109,162,556.4647338331514
17,129,152,557.3984212392425
14,106,162,557.7544262486851
13,110,157,560.5648936563902
181,545,140,561.0962484280215
213,617,171,562.9706919547411
10,114,150,565.2556943543337
7,109,150,567.3349980390774
180,547,131,570.224517185994
179,546,130,570.8117027531933
190,585,131,584.6366392897387
295,723,211,589.4845205770886
189,585,123,591.9527008131646
247,669,168,592.1933805776623
11,161,101,593.8787755089418
8,158,99,596.7218782649082
4,149,102,596.8023123279601
12,167,94,598.6994237511842
9,164,93,600.5605714663593
6,157,93,602.7304538514708
353,781,246,603.2553356581275
2,143,96,604.4642255750128
3,146,94,605.3445299992394
35,260,65,606.2746902188809
19,190,79,606.6671245419518
224,658,144,606.7635453782635
23,200,75,608.0370054527931
5,162,84,609.7425686304016
239,668,143,612.8009464744649
238,668,142,613.6529964075788
20,199,67,616.042206346286
258,687,134,630.5243849368555
261,689,134,631.605098142819
297,737,165,634.1135544995076
298,738,164,635.5171122794413
299,741,166,635.7963510433195
0,136,63,637.9067329947223
1,138,62,638.192760848946
220,643,99,638.72685868061
269,714,114,662.0347422907653
