117,357,303,4.242640687119285
121,363,303,4.242640687119285
104,344,292,21.2602916254693
129,384,307,24.020824298928627
105,358,277,29.068883707497267
123,385,282,34.655446902326915
124,340,336,36.05551275463989
95,319,300,41.43669871020132
112,376,266,43.08131845707603
98,317,311,43.289721643826724
99,316,313,44.553338819890925
102,315,321,47.43416490252569
109,376,256,52.49761899362675
92,354,251,55.326304774492215
110,296,349,77.10382610480494
89,283,320,78.26237921249263
178,417,372,87.20665112249179
79,280,269,88.14193099768123
145,322,394,95.85405573057407
132,309,390,98.2700361249552
156,327,401,100.56838469419701
133,307,392,101.01980003939822
127,297,388,103.40696301506973
159,321,408,109.20164833920778
130,295,394,109.40292500660117
119,421,214,110.38568747804219
136,300,403,114.0570032922135
143,305,406,114.12712210513327
134,297,402,114.82595525402782
135,296,403,116.21101496846157
144,302,409,118.20744477400736
82,350,188,118.4229707446997
81,350,187,119.41942890501528
148,305,412,119.41942890501528
157,308,416,121.67168939404104
154,307,416,122.10241602851272
141,296,412,123.82245353731285
158,307,418,123.90722335683259
140,294,412,124.86793023030373
131,284,407,126.40015822774906
59,245,248,128.79829191413992
58,244,248,129.6919426949878
62,239,258,130.17296186228538
113,422,191,130.64838307457157
107,414,187,130.6789960169575
122,435,197,132.31024147812596
142,287,419,134.52880732393342
164,301,429,136.41847382227965
137,281,418,137.05838172107534
125,443,196,137.80058055030102
199,486,364,138.70832707519762
152,289,427,140.29255147726127
54,228,258,140.4563989286355
161,294,430,140.470637501223
155,470,218,140.86873322352267
206,486,372,142.23923509355637
149,283,429,145.11374848717816
208,486,380,146.12323566086263
47,241,221,146.23952953972466
151,283,431,146.81280598094978
46,243,216,147.61097520171052
111,426,172,149.37201879870273
45,240,217,149.40214188558343
48,227,237,149.83324063771698
150,279,433,150.63200191194434
146,275,431,151.16216457830973
114,239,397,151.40013210033868
147,276,432,151.43315356948756
211,459,421,151.74320413119
126,451,184,152.2005256232711
162,284,438,152.31546211727817
160,282,438,153.32318807016765
163,283,439,153.68148880070103
194,392,458,155.3319027115808
91,405,157,155.64703659241314
118,438,170,156.7801007781281
171,307,455,158.14550262337528
60,316,153,159.20113064925135
49,209,254,159.70284906663375
50,208,257,159.70284906663375
139,470,190,159.86244086714052
80,203,337,160.0312469488381
185,515,265,160.3309078125612
51,207,258,160.3527361787132
65,322,150,160.5615146914104
42,227,214,161.7188919081503
74,198,317,162.3730273167314
187,520,263,165.67739737212196
61,321,144,166.6283289239858
44,206,242,166.76930173146374
38,219,215,167.8153747426022
214,487,417,168.67127793433
39,207,230,170.83617883809038
37,215,215,171.1899529762188
103,428,147,172.93062192682936
93,206,385,173.08090593707902
67,331,135,173.44163283364233
106,430,147,173.72679701186
203,535,296,175.28548142958104
56,321,135,175.3909917869216
202,535,292,175.55910685578235
64,328,133,175.93464695732902
94,202,388,178.01123560045303
57,323,131,178.86866690396056
100,207,399,179.0474797365213
217,457,457,179.47144619688115
218,456,458,179.77764043395385
222,458,461,183.38211472223784
153,245,455,188.2179587605816
192,543,260,188.692872149427
97,425,127,190.43634106966033
101,191,408,197.39554199626699
43,293,118,199.58206332233365
174,521,187,200.20489504505127
225,509,441,201.06217943710845
90,177,392,202.20039564748632
209,350,509,203.24615617521528
231,512,441,203.2953516438583
226,539,404,204.07106605298068
233,515,441,205.54804791094466
235,524,431,206.20620747203515
210,348,512,206.3492185592182
86,161,365,207.56203891848818
41,155,270,208.13697413001853
40,154,270,209.1219739769114
237,493,468,209.60200380721554
243,521,443,211.4000946073582
230,462,493,213.00938946440834
165,230,475,213.21585306913744
246,527,439,213.49004660639335
234,467,492,214.5809870421888
188,297,512,215.41819793137256
34,220,138,218.6869909253863
72,143,334,218.79899451322896
197,308,522,222.17110523198104
240,455,507,222.31958978011812
184,269,509,222.46348014898985
205,315,524,222.59604668547013
250,478,496,223.6604569431083
191,298,521,223.76103324752503
33,215,135,224.2008028531566
212,579,257,224.4147945212169
223,585,327,225.97787502319778
195,300,524,226.10616975217638
177,536,164,226.14154859291116
186,268,514,227.437903613272
32,217,128,228.32652057962954
30,206,136,229.38177782901587
251,455,518,232.31228981696168
207,307,533,233.10512649875378
63,128,330,233.23807579381202
201,573,210,233.63432966925043
256,474,511,234.5655558687166
27,177,159,234.72963170422264
259,475,511,235.05318547086316
29,206,127,236.12920192132103
196,571,200,236.12920192132103
260,473,514,236.7129062810053
236,597,324,237.68256141332708
204,296,535,237.77510382712484
257,588,375,238.2120903732638
198,574,200,238.81373494839028
263,492,507,240.46829312822095
245,600,332,241.40422531513403
266,491,510,242.4396832203837
26,160,166,244.13111231467406
88,133,402,246.46500765828807
248,606,327,246.89471440271862
252,606,331,247.2670621008791
181,545,140,248.55784035109414
249,414,550,249.9039815609187
268,509,507,250.2039168358481
254,611,328,251.9622987670973
31,122,216,254.44842306447882
169,205,508,254.61539623518448
255,615,327,255.86324472264477
262,614,337,255.88473967784793
179,546,130,256.0703028466987
180,547,131,256.11325619733157
168,201,508,257.07002936943076
28,121,209,257.93410011086166
272,591,421,258.0426321366297
273,589,426,258.5362643808408
35,260,65,260.9233603953467
25,129,184,261.2374398894615
193,255,546,261.9637379485947
24,138,162,264.61292485439935
280,536,507,267.16474318292825
21,135,161,267.67517628648346
22,134,162,267.9776110050987
278,597,432,268.41199675126296
279,598,431,268.8289418942834
176,197,521,269.80363229578654
270,452,563,272.9706943977686
288,569,482,273.23433166423285
289,571,480,273.4904020253727
36,87,280,274.23530042647684
227,344,580,274.46675572826666
215,614,201,274.84723029348504
170,185,518,274.8981629622141
166,168,503,275.0872588834314
18,131,153,275.40878707840824
228,344,581,275.4650613054222
172,185,519,275.6700926832652
216,295,574,275.7698315624826
221,301,576,276.37112729082247
283,611,423,276.92959394040935
167,166,504,277.2002886001384
96,111,428,277.2814454665151
290,599,447,277.49234223668225
17,129,152,277.62744821072715
286,611,426,278.2103520719529
292,599,449,278.5139134765084
265,403,582,279.32955446926843
219,618,198,279.69268849936
175,183,524,280.8077634254438
23,200,75,281.0
267,412,583,281.8386062980017
19,190,79,283.600070521853
284,628,400,284.0070421662111
190,585,131,285.0438562747845
264,645,292,285.34365246137855
291,505,552,285.55384781158176
11,161,101,285.70264261990997
300,578,491,285.9178203610261
12,167,94,286.69321582486043
183,190,538,287.6178019525217
241,640,240,287.67342595380615
20,199,67,288.1700886629284
8,158,99,289.22828354087363
16,109,162,289.3734611190183
9,164,93,289.4563870430224
189,585,123,290.0241369265669
55,72,341,290.11894112587686
213,617,171,290.29984498790213
52,71,336,290.55292116927683
301,534,539,290.80061898145954
13,110,157,291.03436223236594
10,114,150,291.29366625452053
53,70,339,291.8715470887836
14,106,162,291.9794513317675
182,180,536,292.0616373302047
69,71,353,292.7968579066381
71,71,357,293.4655005277452
4,149,102,293.4910560817825
68,70,353,293.7839342101606
173,167,528,294.16491973041246
6,157,93,294.24139749532185
15,100,167,294.8236761184556
307,616,453,295.2033197645311
7,109,150,295.52834043455124
303,632,423,296.096268129134
70,68,357,296.42030969554025
5,162,84,297.46932614977294
310,621,451,298.573274088623
315,622,454,300.9119472536775
277,429,599,301.01494979485653
3,146,94,301.2308085173228
308,638,422,301.2308085173228
66,62,352,301.5294347157504
2,143,96,301.9751645417219
314,530,557,303.1517771678075
73,59,368,307.31905245200795
75,57,372,310.10482098800077
200,203,574,310.60103026229643
78,59,386,311.4498354470588
281,673,309,313.01437666663173
76,56,382,313.3560275469422
323,649,431,314.8745782053546
242,299,615,314.9634899476446
244,299,616,315.94461539959815
287,418,617,316.36213427020624
128,96,482,317.28851224083104
138,105,496,318.0015723231569
232,283,616,319.41978648793815
84,53,397,320.2030605725061
336,624,490,321.79496577790025
253,299,623,322.8157369150395
333,651,449,324.237567225021
335,648,455,324.2606975876047
77,46,388,324.530430006186
85,47,398,326.24070867995613
271,683,243,329.0866147384302
83,44,398,329.1200388915874
1,138,62,329.8787656094281
229,265,622,329.9712108654329
326,494,608,330.39370454050726
0,136,63,330.49205739321485
321,470,618,330.82321563034236
330,502,606,331.9096262538946
87,41,402,333.13210592796366
334,511,604,334.07334524023315
274,688,240,334.5743564590687
247,669,168,338.4154251803543
348,602,543,338.7226003679117
224,658,144,339.1872639118397
276,695,234,342.6499671676622
108,47,455,346.6554485364394
116,50,465,348.39776118683653
239,668,143,348.47238054112694
238,668,142,348.9412558010302
343,507,624,350.33269901623515
220,643,99,350.6251559714448
115,47,465,351.0697936308392
358,612,551,351.46692589772937
344,700,398,352.22719940402106
341,490,634,352.82290175100593
285,346,660,354.2767279966326
361,652,508,355.0605582150741
293,353,661,355.0690073774392
351,701,414,357.6940033045005
352,701,417,358.61121008691293
357,554,608,358.9428923937623
294,347,665,359.23529893372114
296,350,666,360.1388621073821
340,468,650,360.5551275463989
363,677,479,361.13432404023854
337,720,338,361.4194239384486
347,485,647,363.1886562105155
354,511,638,364.72592449673766
350,492,647,365.65694304908254
282,316,671,367.6424893833682
302,350,675,369.1354764852601
258,687,134,369.47665690811914
345,727,350,369.6281915655244
338,730,326,370.5401462729781
261,689,134,371.24789561693143
312,361,679,373.001340480165
346,731,346,373.150103845624
359,516,645,373.17154232336634
339,733,324,373.43406379172217
275,285,672,373.60540681312415
349,731,353,373.9652390263031
306,350,680,374.13366595376044
356,499,654,374.73323845103465
316,364,681,375.02133272655306
295,723,211,375.22526567383494
304,347,681,375.22526567383494
342,735,327,375.5875397294218
372,681,508,379.26903380054637
309,345,685,379.2967176235513
373,680,512,380.5732518188844
320,361,687,381.00131233369785
371,720,433,381.74467907228257
355,738,361,381.9803659875727
362,490,666,382.7531841800928
367,528,650,382.83155564817275
317,351,689,383.105729531679
318,349,691,385.1571108002551
374,680,523,386.63807365545364
328,368,694,388.0824654632054
329,368,695,389.08225351460067
377,656,561,390.6929740857903
376,622,596,390.8247689182455
375,580,634,394.94809785590814
365,754,364,398.24615503479754
360,758,331,398.78440290462714
378,634,596,398.9686704491971
366,755,364,399.23551946188354
369,756,363,400.0812417497226
297,737,165,402.5046583581363
269,714,114,402.715780669196
298,738,164,403.7920256765851
299,741,166,405.90762495917716
379,726,482,406.1182093922901
382,647,597,408.71750635371615
313,297,710,408.8826237442721
381,631,613,409.49969474958095
383,641,604,409.59125967237145
384,627,621,412.93340867505503
387,639,611,413.359407779719
305,277,713,415.3769372509745
388,638,618,417.88515168644125
364,424,721,419.90594184888596
391,700,553,420.24873586960376
311,274,719,421.8589811773598
368,424,723,421.882685115187
353,781,246,425.2540417209459
331,303,729,426.82314838818195
325,289,727,426.9449613240564
322,280,726,427.551166528639
324,285,727,427.62834330759694
319,275,726,428.51487722131657
327,286,731,431.39425123661533
393,568,695,441.1178980726128
332,278,740,441.67861619055094
370,382,748,442.54717262682857
380,485,731,443.00112866673373
385,505,725,443.3801980242239
397,763,492,443.85245296156694
398,765,489,444.42547181726655
392,541,713,445.43237421633376
386,472,748,455.96929721199433
401,557,719,457.5784085815239
389,484,747,458.10151713348426
402,559,719,458.44301717879836
404,587,710,463.4058696218683
390,470,758,465.19243330045686
407,702,628,469.7318383929282
394,482,760,470.1063709417263
406,661,669,471.5612367444975
408,675,660,473.8575735387164
410,722,614,475.29780138351157
411,704,635,476.00105041900906
395,465,771,476.7074574621211
396,467,771,477.15196740661145
405,599,719,477.1687332590014
409,675,665,477.60443884034413
412,710,632,478.3053418058385
399,477,773,481.43327678921406
400,477,774,482.4033581972663
403,480,782,490.893063711436
414,724,658,506.3595560468865
413,688,693,507.2997141729926
415,705,711,532.024435529046
