69,71,353,1.0
71,71,357,4.123105625617661
70,68,357,4.47213595499958
66,62,352,8.06225774829855
55,72,341,12.165525060596439
53,70,339,14.0
52,71,336,17.029386365926403
73,59,368,18.601075237738275
75,57,372,23.021728866442675
76,56,382,32.202484376209235
78,59,386,34.785054261852174
77,46,388,42.43819034784589
84,53,397,47.16990566028302
85,47,398,50.53711507397311
83,44,398,51.97114584074513
87,41,402,56.938563381947034
63,128,330,62.39390995922599
36,87,280,74.95331880577403
72,143,334,75.43208866258443
88,133,402,79.81227975693966
96,111,428,85.47514258543241
86,161,365,91.7877987534291
108,47,455,104.5609869884557
116,50,465,113.77170122662314
90,177,392,113.8859078200635
115,47,465,114.33722053644648
40,154,270,118.0889495253472
41,155,270,118.80235687897779
128,96,482,131.59407281484982
101,191,408,132.9135057095403
74,198,317,132.9661611087573
80,203,337,133.9589489358587
94,202,388,136.56134152826706
93,206,385,139.71399357258383
100,207,399,144.51643505151932
31,122,216,146.53668482670133
138,105,496,147.220922426128
28,121,209,152.76452467768817
51,207,258,166.715326230074
50,208,257,168.1071087134628
49,209,254,170.65169205138284
114,239,397,174.6339027795004
44,206,242,175.54771431152272
167,166,504,178.932948335403
25,129,184,179.00279327429502
166,168,503,179.17589123540031
39,207,230,184.1140950606444
54,228,258,184.36105879496353
15,100,167,188.403821617291
62,239,258,193.87109119205988
14,106,162,194.36306233438492
16,109,162,194.94101672044292
48,227,237,195.2050204272421
13,110,157,200.0399960007998
173,167,528,200.08498194517247
37,215,215,200.1724256734678
170,185,518,201.12185361118767
165,230,475,201.20636172845033
22,134,162,201.43733516902967
172,185,519,201.94306128213466
153,245,455,202.5561650505854
21,135,161,202.70421801235415
24,138,162,202.74368054269902
168,201,508,202.94334184693028
38,219,215,203.08865059377396
58,244,248,203.22647465327935
59,245,248,204.08331631958552
175,183,524,204.9634113689563
169,205,508,205.54804791094466
7,109,150,206.71236053995418
26,160,166,207.53072061745462
10,114,150,207.7137453323684
18,131,153,209.0956718825141
17,129,152,209.4803093371785
42,227,214,209.69024774652732
176,197,521,210.60151946270474
182,180,536,213.5158073773462
89,283,320,215.5411793602327
47,241,221,216.0208323287363
45,240,217,217.70622407271685
146,275,431,219.33763926877666
183,190,538,220.51077071199947
147,276,432,220.62864727863425
46,243,216,220.6762334280699
131,284,407,220.70795182774907
137,281,418,220.78496325610584
27,177,159,221.55134844996994
150,279,433,223.78784596130328
110,296,349,226.03539545832197
149,283,429,226.15260334561705
79,280,269,226.17692189964916
142,287,419,226.81490250863146
151,283,431,226.83253734859116
160,282,438,228.40534144367115
130,295,394,228.70505022845472
127,297,388,229.68238939892626
163,283,439,229.7063342618135
162,284,438,230.2628932329306
152,289,427,231.16444363266598
135,296,403,231.46490014686893
140,294,412,231.639806596362
134,297,402,232.22833591101667
141,296,412,233.57439928211312
136,300,403,235.3720459187964
161,294,430,236.86494041964082
144,302,409,238.66294224282078
133,307,392,240.18742681497713
143,305,406,240.9024698918631
132,309,390,241.84705910967782
148,305,412,242.29321080046796
164,301,429,243.1810025474852
154,307,416,245.2305038122297
158,307,418,245.75190741884384
157,308,416,246.19707553096563
102,315,321,247.08095839218367
99,316,313,249.23081671414553
98,317,311,250.54540506662659
184,269,509,252.85766747322495
95,319,300,254.57808232446092
186,268,514,255.1960031034969
145,322,394,255.31353273964936
30,206,136,256.09568524284043
159,321,408,256.95524902208166
200,203,574,257.93410011086166
171,307,455,258.0174412709342
156,327,401,261.444066675838
33,215,135,261.81863951980193
34,220,138,262.15453457836657
4,149,102,263.1387466717891
29,206,127,263.7650469641495
2,143,96,267.1666146808018
193,255,546,267.34621747838514
11,161,101,267.9272289260649
32,217,128,268.7638368531005
8,158,99,268.81220210399675
3,146,94,269.92035862453946
124,340,336,270.5346558206545
6,157,93,274.16965550549173
9,164,93,276.4706132665821
12,167,94,276.56825558982723
188,297,512,277.1461708196597
104,344,292,280.7080333727555
191,298,521,283.21016930894274
5,162,84,284.29737951659
195,300,524,286.60251220113196
204,296,535,290.17236257093816
117,357,303,291.322844967572
197,308,522,291.89895511974686
120,360,306,293.7839342101606
121,363,303,297.2355967915014
0,136,63,297.4155342277871
207,307,533,297.6054434986027
105,358,277,297.85902705810344
205,315,524,298.77416220282504
1,138,62,298.8394217635953
19,190,79,299.1253917673991
92,354,251,301.7614952242913
23,200,75,306.8941185490527
20,199,67,313.7467131301936
216,295,574,315.38230768386484
60,316,153,317.04258389055565
129,384,307,317.35154009394694
112,376,266,318.1273329973393
210,348,512,320.2577087284551
209,350,509,320.52457004105
109,376,256,321.00623046912966
221,301,576,321.0763149159402
123,385,282,322.9024620531717
65,322,150,323.5938812771342
43,293,118,323.9660476037574
82,350,188,325.0
81,350,187,325.5088324454499
61,321,144,326.6221058042459
229,265,622,332.24388632448904
56,321,135,332.4530041975858
57,323,131,336.590255355083
232,283,616,338.43463179763387
194,392,458,338.68717129528244
64,328,133,339.0634158973805
67,331,135,340.06617003165724
35,260,65,345.0275351330673
178,417,372,347.51978360950903
242,299,615,347.9727000786125
244,299,616,348.72625367184503
253,299,623,354.0353089735542
227,344,580,355.81596366661233
228,344,581,356.4547657136877
119,421,214,377.52086035078906
107,414,187,381.9581128867405
275,285,672,384.68948516953253
113,422,191,387.489354692487
91,405,157,388.124979871175
211,459,421,394.89872119316874
249,414,550,396.41518638921997
122,435,197,396.9395419960072
111,426,172,399.3707550635124
218,456,458,400.0262491387284
217,457,457,400.73058281094546
282,316,671,402.0447736260229
222,458,461,402.75054314054006
265,403,582,404.14106448120316
125,443,196,404.6949468426805
118,438,170,410.99026752467023
267,412,583,412.1456053386958
285,346,660,412.82562904936026
103,428,147,413.03752856126766
240,455,507,414.6576901493568
106,430,147,414.77222664976017
305,277,713,415.2697918221358
199,486,364,416.14540727971513
230,462,493,416.24992492491816
206,486,372,416.4336681873837
126,451,184,416.7997120920311
208,486,380,416.8752811093505
294,347,665,417.2205651690722
293,353,661,418.2738337500925
251,455,518,418.86752082251496
311,274,719,419.0131262860389
296,350,666,419.96309361657006
234,467,492,420.63047916193614
97,425,127,420.8336963694804
214,487,417,421.882685115187
155,470,218,422.1670285562339
313,297,710,423.0579156569464
319,275,726,425.62189793289537
302,350,675,426.7130183155888
322,280,726,428.05256686533255
304,347,681,429.31689927138905
306,350,680,430.49854819731974
309,345,685,431.1020760794362
324,285,727,431.39425123661533
139,470,190,431.9363379017792
250,478,496,432.3343613454753
325,289,727,433.4016612796956
256,474,511,433.7971876349592
260,473,514,433.9700450491946
259,475,511,434.72865099967817
277,429,599,435.19765624368887
327,286,731,435.36191840812165
270,452,563,435.9174233728218
287,418,617,436.8065933568311
312,361,679,436.9862698071874
317,351,689,438.01483993125163
318,349,691,438.2750278078823
237,493,468,438.353738435068
332,278,740,439.35520936936666
316,364,681,440.477014156244
331,303,729,442.3403666861075
320,361,687,442.9864557748916
225,509,441,447.73317947188144
263,492,507,449.22154890432404
266,491,510,449.32171102674306
231,512,441,450.6750492317053
328,368,694,452.8631139759563
329,368,695,453.61657818029533
185,515,265,453.61768043143996
233,515,441,453.61768043143996
187,520,263,458.9117562233506
243,521,443,459.8923787148467
235,524,431,460.65171225124084
246,527,439,465.02150487907545
268,509,507,465.22790114093544
203,535,296,468.48052254069216
202,535,292,468.9840082561451
226,539,404,471.7647718937903
291,505,552,478.3576068173266
321,470,618,479.8176737053357
174,521,187,480.57985808812253
192,543,260,482.05601334284796
280,536,507,490.7871228954566
326,494,608,494.7736856381916
340,468,650,496.601449856925
301,534,539,499.8919883334799
330,502,606,500.6325998174709
177,536,164,502.8687701577818
314,530,557,503.20572333788095
370,382,748,503.3577256782695
341,490,634,505.332563763706
334,511,604,507.42684201764496
347,485,647,508.5872589831562
364,424,721,510.6270654792987
368,424,723,512.0703076726867
343,507,624,514.2081290683764
350,492,647,514.3150785267724
288,569,482,515.4046953608397
223,585,327,515.6558930139362
289,571,480,516.8462053648068
212,579,257,517.9739375682911
257,588,375,518.4669709827233
181,545,140,520.5708405202888
201,573,210,522.9321179656113
362,490,666,523.802443675094
196,571,200,523.8415791057445
356,499,654,524.0629733152305
273,589,426,524.1087673374678
354,511,638,525.077137190337
272,591,421,525.4188805134432
179,546,130,525.6472201010864
180,547,131,526.1302120198003
300,578,491,526.4104862177425
198,574,200,526.7114959823831
236,597,324,527.7973095801077
245,600,332,530.4158745739045
278,597,432,532.8883560371722
359,516,645,533.0853590186097
279,598,431,533.730268956146
252,606,331,536.4513025429242
248,606,327,536.6302265061111
290,599,447,537.2867018640978
292,599,449,537.6402142697289
254,611,328,541.5773259655541
262,614,337,544.2352432542384
283,611,423,545.5098532565659
255,615,327,545.6198310178984
367,528,650,545.8690319115017
286,611,426,545.9029217727269
357,554,608,547.0658095695618
307,616,453,555.0819759278804
310,621,451,559.6472103030623
284,628,400,559.9758923382327
190,585,131,560.8110198631978
315,622,454,561.1639689074843
380,485,731,561.3457045350931
386,472,748,563.5858408441433
189,585,123,564.0257086339238
215,614,201,564.8362594593233
348,602,543,564.9106123981032
303,632,423,566.3426524640362
390,470,758,569.2319386682374
219,618,198,569.4989025450357
336,624,490,570.6881810586233
389,484,747,571.5172788289082
308,638,422,572.1756723245056
385,505,725,572.3713829324454
395,465,771,575.1078159788824
213,617,171,576.4833041814828
396,467,771,576.4833041814828
358,612,551,577.0337945042734
264,645,292,578.2265991806327
394,482,760,579.1312459192649
241,640,240,581.0929357684535
375,580,634,582.289446924809
323,649,431,584.2302628245134
399,477,773,584.8495533040955
400,477,774,585.5681002240474
335,648,455,586.9310010554904
333,651,449,588.8777462258189
392,541,713,592.824594631498
403,480,782,593.4146947961434
361,652,508,602.2864766869666
376,622,596,603.1193911656298
393,568,695,604.12581471081
281,673,309,604.6031756449845
401,557,719,609.2002954693965
402,559,719,610.8002946954102
378,634,596,614.121323518407
384,627,621,618.1205384065473
381,631,613,618.321113985282
363,677,479,619.9395131785036
377,656,561,621.8199096201407
271,683,243,622.7912973059274
383,641,604,623.7323143785321
224,658,144,624.0392615853589
387,639,611,624.7599539022967
382,647,597,626.4702706433882
220,643,99,626.7734838041571
388,638,618,626.7766747414904
247,669,168,626.917857458216
274,688,240,628.245970938135
404,587,710,628.2817839154658
372,681,508,630.353868870494
373,680,512,630.3816304430198
344,700,398,631.605098142819
374,680,523,633.2456079595025
239,668,143,633.8012306709415
351,701,414,633.9416376923036
238,668,142,634.1332667507675
352,701,417,634.2373372799807
276,695,234,636.2279465726101
405,599,719,643.2705496134578
337,720,338,650.1730538864249
258,687,134,654.7136778775895
371,720,433,654.9045732013176
261,689,134,656.5988120610637
345,727,350,657.0068492793663
338,730,326,660.552041855901
391,700,553,660.9841147864297
349,731,353,661.0
346,731,346,661.0370640138116
339,733,324,663.6339352383964
342,735,327,665.5080765851005
355,738,361,668.0479024740666
295,723,211,668.2611764871576
379,726,482,668.5633851775013
406,661,669,670.1768423334247
408,675,660,678.4349637216526
409,675,665,680.7121271139512
365,754,364,684.0884445742378
366,755,364,685.0883154747277
369,756,363,686.0728824257668
269,714,114,686.9184813353037
360,758,331,688.3516543163095
407,702,628,689.2379850240409
297,737,165,692.9884558923042
411,704,635,693.8875989668644
298,738,164,694.2225867832306
299,741,166,696.5701687554528
412,710,632,698.1697501324445
410,722,614,702.2997935354957
413,688,693,705.3538119270356
397,763,492,706.8026598704903
398,765,489,708.1814739175263
353,781,246,719.0062586653888
414,724,658,721.6238632417861
415,705,711,728.9643338325957
