358,612,551,12.806248474865697
376,622,596,56.64803615307419
377,656,561,56.92099788303083
300,578,491,57.271284253105414
336,624,490,57.38466694161429
361,652,508,61.032778078668514
378,634,596,61.91122676865643
301,534,539,68.11754546370561
288,569,482,69.35416353759881
289,571,480,70.21395872616783
382,647,597,70.2922470831599
383,641,604,72.40165743959182
314,530,557,73.348483283569
280,536,507,75.17978451685
381,631,613,75.76938695805846
387,639,611,77.41446893184762
374,680,523,80.52328855678958
357,554,608,80.80222769206304
384,627,621,81.9084855189009
388,638,618,83.19254774317228
373,680,512,83.93449827097318
372,681,508,86.4060183089118
307,616,453,91.0823802938856
315,622,454,91.21951545584969
375,580,634,93.62157870918435
310,621,451,93.94147114027967
292,599,449,94.04786015641186
290,599,447,96.04686356149273
291,505,552,97.41663102366043
391,700,553,98.50888284819801
363,677,479,98.59513172565875
335,648,455,99.29753269845128
268,509,507,99.72462083156798
333,651,449,106.00471687618433
334,511,604,109.55363982999378
278,597,432,111.11255554616679
279,598,431,112.0714058089752
263,492,507,115.7410903698423
266,491,510,115.80155439371269
286,611,426,117.34564329364768
273,589,426,117.72000679578642
330,502,606,118.1905241548577
283,611,423,120.33702672078948
323,649,431,121.46192819151193
272,591,421,122.494897852931
303,632,423,123.69316876852982
343,507,624,124.84390253432484
326,494,608,126.05157674539419
308,638,422,126.24183141890805
246,527,439,128.22246293064254
243,521,443,128.68954891520912
367,528,650,130.09611831257686
259,475,511,130.96946208945045
407,702,628,131.24404748406687
354,511,638,131.55227098001768
256,474,511,131.93938001976514
260,473,514,132.21951444472938
237,493,468,132.31024147812596
250,478,496,132.60844618650805
359,516,645,133.41664064126334
233,515,441,134.06341782902598
231,512,441,136.02940858505562
235,524,431,136.48443134658254
411,704,635,137.3608386695422
408,675,660,137.90576492663388
225,509,441,138.03260484392808
379,726,482,138.19189556555045
406,661,669,139.12943613772032
410,722,614,139.43098651304163
412,710,632,139.94641831786907
409,675,665,142.1724305201258
341,490,634,144.30869689661813
234,467,492,144.31216164966833
284,628,400,145.34441853748632
230,462,493,148.66068747318505
251,455,518,149.11069713471264
270,452,563,151.32745950421557
240,455,507,151.34397906755325
350,492,647,151.38031576133008
356,499,654,151.42654985173505
321,470,618,151.81897114655993
226,539,404,152.6106156202772
393,568,695,155.7562197795003
347,485,647,156.54072952429985
352,701,417,160.2404443328837
371,720,433,161.31955864060626
351,701,414,162.60996279441184
222,458,461,165.71059109181888
362,490,666,166.35203635663737
414,724,658,167.6573887426379
404,587,710,167.6722994414999
257,588,375,168.58232410309213
217,457,457,168.5852899869974
397,763,492,168.88457596832222
218,456,458,168.94081803992782
214,487,417,170.59015211904818
340,468,650,171.4788616710526
398,765,489,171.71196813268432
413,688,693,172.90459797240788
344,700,398,175.0114281982751
405,599,719,176.02556632489498
392,541,713,180.61284561182242
402,559,719,181.1767093199344
401,557,719,181.66177363441105
277,429,599,181.8378398463862
211,459,421,187.97074240423694
249,414,550,188.13027401245128
267,412,583,194.164878389476
415,705,711,197.06090429103384
287,418,617,198.3229689168655
208,486,380,200.06249023742558
265,403,582,202.7856010667424
385,505,725,206.23530250662714
262,614,337,206.3492185592182
206,486,372,206.6325240614362
245,600,332,211.00947846009194
252,606,331,212.03773249117714
199,486,364,213.30025785263365
254,611,328,215.18828964420902
248,606,327,216.03703386225243
255,615,327,216.390850083824
223,585,327,216.6679487141557
236,597,324,219.0570701894828
380,485,731,221.43396306799912
194,392,458,226.55021518418383
355,738,361,227.2003521124032
349,731,353,229.65408770583642
345,727,350,229.94347131414713
365,754,364,234.8297255459794
346,731,346,235.47823678633233
366,755,364,235.47823678633233
389,484,747,235.6692597688549
337,720,338,236.53540961133072
369,756,363,236.88815926508443
386,472,748,242.7447218787671
281,673,309,244.53425117966603
394,482,760,247.9697562203907
364,424,721,251.7300141024109
178,417,372,251.92459189209774
338,730,326,251.93848455525804
390,470,758,252.28753437298482
368,424,723,253.14817795117546
342,735,327,253.6631624812716
209,350,509,254.2833065696606
264,645,292,254.65663156493687
339,733,324,255.19012520080005
210,348,512,255.88473967784793
203,535,296,255.92577048824137
202,535,292,259.7883754135277
227,344,580,260.63959791251983
228,344,581,260.78343505675355
399,477,773,261.7728022541685
400,477,774,262.65186083483206
360,758,331,263.21094202179364
396,467,771,264.9698096010185
395,465,771,265.994360842481
403,480,782,268.337474088134
316,364,681,275.1145216087293
293,353,661,275.54491466909707
312,361,679,276.72549575346324
328,368,694,278.4905743467811
329,368,695,279.03404810166086
296,350,666,280.4157627523817
320,361,687,280.7436553156634
285,346,660,281.4693589007514
294,347,665,282.68179990936807
302,350,675,284.47847018711275
306,350,680,286.8327038536575
212,579,257,286.9233347080715
205,315,524,287.62823227214676
192,543,260,289.0847626562147
304,347,681,289.9465467978538
317,351,689,290.37389689846435
185,515,265,291.2953827303138
187,520,263,291.7601754866486
318,349,691,293.1091946698363
309,345,685,293.62050337127346
197,308,522,294.7490457999822
207,307,533,295.16944286290885
370,382,748,300.70749907509787
195,300,524,302.59709185648165
221,301,576,302.80356668969404
191,298,521,304.7950130825634
241,640,240,305.37354174846257
204,296,535,306.10455730027934
188,297,512,306.57136200238926
171,307,455,307.8457405909655
216,295,574,308.5611770783875
156,327,401,309.4979806073054
271,683,243,310.7426588030681
242,299,615,311.4369920224635
244,299,616,311.66969695496545
159,321,408,311.746692043396
282,316,671,313.3368794125581
253,299,623,313.38315206788
274,688,240,314.96825236839345
145,322,394,317.1766069558094
157,308,416,320.2577087284551
158,307,418,320.3903868720159
154,307,416,321.17596423144744
129,384,307,321.27869521647403
164,301,429,321.86487848163864
276,695,234,322.69180342859653
148,305,412,324.6074552440224
143,305,406,327.0749149659753
232,283,616,327.2460847741345
161,294,430,328.0746866187637
144,302,409,328.5665838152139
132,309,390,330.54197917964973
133,307,392,331.40006035002466
141,296,412,332.8618331981004
136,300,403,332.87234790531943
152,289,427,333.80383460949037
124,340,336,333.90567530367014
201,573,210,334.26037755019667
140,294,412,334.7013594235912
184,269,509,334.73123547108656
162,284,438,334.8865479531837
186,268,514,335.25661813005274
163,283,439,335.52496181357355
134,297,402,336.0148806228677
135,296,403,336.5055720192461
160,282,438,336.7862823809782
151,283,431,338.09022464425084
142,287,419,338.52769458347126
121,363,303,338.7048862948393
120,360,306,338.7226003679117
149,283,429,338.7580257351846
123,385,282,339.42598604113977
150,279,433,341.21693979050923
130,295,394,341.2477106150311
127,297,388,342.12570789112004
215,614,201,342.21046155838076
275,285,672,342.24260401066374
117,357,303,342.96501279285036
198,574,200,344.1409594918919
147,276,432,344.379151517626
196,571,200,344.3980255460243
137,281,418,344.479317231093
219,618,198,345.37081521170836
146,275,431,345.6486655550691
131,284,407,345.8612438536587
229,265,622,346.13581149600805
353,781,246,346.77081768799405
193,255,546,347.0129680573912
313,297,710,347.7269043372974
155,470,218,350.78340895772135
331,303,729,352.13207749365864
295,723,211,353.3624201864143
112,376,266,357.49825174397705
104,344,292,359.95138560644546
105,358,277,360.95983156024437
110,296,349,362.3147802671042
102,315,321,362.840185205553
325,289,727,363.07712679264165
174,521,187,365.0986168146902
109,376,256,365.301245549478
324,285,727,366.5310355208683
305,277,713,366.7764987018661
99,316,313,367.00953666083393
98,317,311,367.4901359220408
153,245,455,367.6860073486616
327,286,731,367.6955262170047
322,280,726,370.3687351815755
311,274,719,372.23648397221893
213,617,171,372.3022965279693
95,319,300,373.0120641480648
319,275,726,374.7238983571771
119,421,214,375.5023302191346
139,470,190,376.87265753832554
165,230,475,378.16398559355173
332,278,740,379.18992602652304
247,669,168,380.938315216519
125,443,196,381.69359439215117
92,354,251,383.10311927730373
122,435,197,384.1939614309418
177,536,164,384.7037821493311
89,283,320,389.21716303369766
126,451,184,389.46373387004854
114,239,397,391.26078259902306
113,422,191,395.3530068179576
169,205,508,398.5398348973412
200,203,574,400.20244876812035
297,737,165,401.3838561775996
299,741,166,401.8084120572888
168,201,508,402.5245334138032
107,414,187,402.5916044827562
298,738,164,402.6623896020089
224,658,144,402.91066007242847
239,668,143,405.4084360247083
176,197,521,405.59709071934924
238,668,142,406.39512792355174
181,545,140,407.0110563608807
118,438,170,407.4616546375867
111,426,172,410.6300037746877
183,190,538,412.03033868879123
190,585,131,412.35057899801717
180,547,131,415.6549049391815
179,546,130,416.7793181049175
172,185,519,417.6900764921283
258,687,134,417.73915306085445
170,185,518,417.7487283044677
261,689,134,418.1506905411015
175,183,524,419.4305663634924
189,585,123,420.34390681916636
100,207,399,420.42954225410944
182,180,536,422.0580528789849
79,280,269,422.8001892147164
93,206,385,426.35665821000146
94,202,388,428.981351576033
106,430,147,431.7406628984581
103,428,147,432.5413275052454
101,191,408,432.60374478268216
91,405,157,433.36474245143665
173,167,528,435.25854385640724
82,350,188,435.34928505741226
166,168,503,435.83941997024544
81,350,187,436.16510635308737
167,166,504,437.7407908797168
269,714,114,443.37907032244993
220,643,99,445.888999640045
80,203,337,449.040087297337
90,177,392,451.0277153346566
97,425,127,452.0895928906128
62,239,258,461.5127300519456
74,198,317,462.9168391838862
59,245,248,463.11337704713304
58,244,248,463.8846839463446
54,228,258,470.2137811676727
86,161,365,475.5680813511353
65,322,150,482.54429848460546
60,316,153,483.62795618119515
47,241,221,483.74063298424704
48,227,237,484.0051652616943
46,243,216,485.6027182790475
50,208,257,486.8593225974008
51,207,258,487.08315511830216
45,240,217,487.15500613254505
49,209,254,487.8216887347261
61,321,144,488.0184422744698
88,133,402,489.73666393277114
67,331,135,489.800979990853
64,328,133,493.1287864239929
56,321,135,495.40387564087547
44,206,242,497.41029341982863
57,323,131,497.5791394341206
42,227,214,498.86471111915705
138,105,496,499.21738751770255
39,207,230,503.97817413058675
38,219,215,504.25489586121023
96,111,428,504.28761634606894
72,143,334,504.3431371596128
37,215,215,507.2997141729926
128,96,482,509.6636145537564
63,128,330,519.6585417367831
41,155,270,523.7728515301266
40,154,270,524.6265338314486
43,293,118,525.4578955539635
34,220,138,556.7306350471474
116,50,465,557.4836320467176
115,47,465,560.45428002648
108,47,455,561.9332700597109
33,215,135,562.3459789133376
71,71,357,562.6339840429122
69,71,353,563.9689707776483
68,70,353,564.9106123981032
78,59,386,565.2415412900931
70,68,357,565.4661793600038
32,217,128,566.0830327787612
55,72,341,567.1895626684257
30,206,136,567.8600179621735
84,53,397,568.0818602983201
76,56,382,569.2424790895353
53,70,339,569.771884178221
52,71,336,569.9210471635523
73,59,368,570.5032865812431
75,57,372,571.1969887875811
27,177,159,572.783554233185
66,62,352,572.783554233185
85,47,398,573.6287998348758
29,206,127,574.3448441485307
83,44,398,576.531872492753
77,46,388,577.2010048501302
36,87,280,578.2681039102883
87,41,402,578.44792332586
31,122,216,580.8003099172727
26,160,166,580.9414772591126
28,121,209,585.5911543047761
35,260,65,587.7482454248587
25,129,184,593.8097338373631
24,138,162,600.3807125482963
21,135,161,603.3348987088349
22,134,162,603.4774229414055
18,131,153,611.5071544961678
17,129,152,613.6855872513221
23,200,75,616.950565280558
19,190,79,620.5159143809286
16,109,162,623.0650046343479
20,199,67,623.686620026436
11,161,101,624.3756881878089
12,167,94,625.1607793200083
13,110,157,625.347903170707
14,106,162,625.441444101684
10,114,150,626.5724219912651
15,100,167,627.2001275510074
8,158,99,627.9108216936542
9,164,93,627.9681520586852
7,109,150,630.474424540758
4,149,102,632.2104080130285
6,157,93,632.8704448779387
5,162,84,635.8309523764945
3,146,94,639.9507793572877
2,143,96,640.6949352070766
1,138,62,668.3240232102988
0,136,63,668.9962630687858
