0,136,63,2.23606797749979
5,162,84,32.55764119219941
3,146,94,32.984845004941285
2,143,96,34.36568055487916
6,157,93,36.359317925395686
9,164,93,40.45985664828782
4,149,102,41.48493702538308
8,158,99,42.05948168962618
12,167,94,43.18564576337837
11,161,101,45.27692569068709
19,190,79,54.70831746635972
20,199,67,61.204574992397426
23,200,75,63.34824385884742
17,129,152,90.44888059008801
10,114,150,91.21403400793103
18,131,153,91.26883367283708
7,109,150,92.65527507918802
29,206,127,94.06912352095134
13,110,157,99.04039579888602
21,135,161,99.04544411531506
24,138,162,100.0
22,134,162,100.07996802557443
30,206,136,100.4987562112089
32,217,128,102.9417310909429
16,109,162,104.12012293500234
27,177,159,104.546640309481
14,106,162,104.9952379872535
33,215,135,106.10372283760829
26,160,166,106.30145812734649
15,100,167,111.66467659918243
34,220,138,111.80339887498948
35,260,65,122.03687967167957
25,129,184,122.3315167894194
28,121,209,147.97972834141845
31,122,216,154.82893786369524
43,293,118,164.80594649465777
37,215,215,171.283390905248
38,219,215,173.11845655504212
42,227,214,176.13914953808538
39,207,230,181.61773041198373
45,240,217,185.5505322007997
46,243,216,186.38937737972086
47,241,221,189.44656238633627
44,206,242,192.4162155328911
48,227,237,196.33135256499406
56,321,135,197.02284131541703
57,323,131,197.44872752185566
60,316,153,199.9124808509964
61,321,144,200.53179299053804
64,328,133,202.8324431643025
65,322,150,203.9607805437114
49,209,254,204.70710783946902
67,331,135,206.34437234875102
50,208,257,207.18349355100662
51,207,258,207.79076014106113
40,154,270,208.61447696648477
41,155,270,208.6935552430884
58,244,248,214.0840956259946
59,245,248,214.5809870421888
54,228,258,215.67568244936655
62,239,258,220.49263026232873
36,87,280,223.8861317723811
81,350,187,246.10770000144245
82,350,188,246.61711213944582
79,280,269,251.02390324429265
74,198,317,261.9637379485947
63,128,330,268.1865022703417
72,143,334,272.04595200076034
52,71,336,282.07268566807386
80,203,337,282.57742301889584
91,405,157,283.3972476930572
53,70,339,285.2244730032821
55,72,341,286.70019183809416
92,354,251,287.0139369438355
97,425,127,294.26858479966904
89,283,320,295.95438837766875
69,71,353,298.6134625230417
68,70,353,298.8394217635953
95,319,300,299.0066888883926
66,62,352,299.7932620990672
103,428,147,302.2002647252315
71,71,357,302.51280964613716
107,414,187,302.9867983922732
70,68,357,303.1913587159106
86,161,365,303.87168344549644
106,430,147,304.1200420886463
98,317,311,306.6626811335217
109,376,256,307.0504844484047
105,358,277,307.6117683054405
99,316,313,307.7092783781471
111,426,172,308.2920693109052
104,344,292,308.76528302255747
113,422,191,311.9246703933499
112,376,266,313.4645115479582
102,315,321,313.70368184004474
73,59,368,316.03322610130726
118,438,170,318.84792613407416
75,57,372,320.4075529696515
119,421,214,321.2366728753117
117,357,303,325.64090652127845
122,435,197,326.24224128705345
110,296,349,327.6171546180084
121,363,303,329.70592957967864
120,360,306,329.8787656094281
93,206,385,330.0802932621092
76,56,382,330.3392195910138
123,385,282,330.77031305726337
94,202,388,332.2228167961978
90,177,392,332.29655430052236
125,443,196,333.1381094981479
78,59,386,333.492128842646
126,451,184,335.93600581063055
77,46,388,338.73293314940605
88,133,402,340.03676271838606
124,340,336,340.4115156689033
100,207,399,343.99127895922015
84,53,397,345.61539317570913
129,384,307,347.1901496298534
85,47,398,348.104869256378
83,44,398,348.9011321277132
114,239,397,349.89426974444723
101,191,408,350.03571246374275
87,41,402,353.5661182862408
139,470,190,355.8201793040974
127,297,388,362.70787143374764
155,470,218,366.824208579532
96,111,428,366.9945503682582
130,295,394,367.25059564281173
132,309,390,369.8986347636336
133,307,392,370.7573330360439
131,284,407,374.62114195544274
134,297,402,375.3411781299782
135,296,403,375.8257574994029
136,300,403,377.5248336202534
145,322,394,379.5787138394354
143,305,406,382.39377609997786
140,294,412,383.1918579510791
137,281,418,383.6469731406726
144,302,409,383.80333505585907
141,296,412,384.01041652538544
142,287,419,386.84622267769396
148,305,412,387.80020629184816
156,327,401,388.12626811387037
159,321,408,391.41410296513334
154,307,416,392.2715895906814
157,308,416,392.7034504559388
146,275,431,393.6114835723165
158,307,418,394.07740356432515
149,283,429,394.60613274504493
147,276,432,394.8974550437113
152,289,427,395.0012658207566
151,283,431,396.46689647434624
150,279,433,396.8904130865345
161,294,430,399.6998874155458
164,301,429,401.56942114658085
160,282,438,402.6313450291718
174,521,187,402.88211675377204
162,284,438,403.3509638019971
108,47,455,403.39806643066595
163,283,439,403.92326003833944
153,245,455,407.3057819378458
177,536,164,410.86250741580204
116,50,465,412.49606058724976
115,47,465,413.14646313383827
179,546,130,413.62785206027894
181,545,140,414.406804963432
180,547,131,414.77945947213925
178,417,372,417.06234545928504
128,96,482,422.0947760870774
165,230,475,423.12291358422084
171,307,455,427.79668067903475
185,515,265,428.1798687467686
187,520,263,431.65379646193315
138,105,496,435.2528001058695
166,168,503,442.0192303508977
167,166,504,442.8859898438875
168,201,508,450.4275746443594
192,543,260,450.809272309255
169,205,508,451.00443456799843
189,585,123,451.1429928525988
190,585,131,452.29415207362564
196,571,200,454.45901905452376
198,574,200,457.3182699171333
170,185,518,458.4157501657202
202,535,292,458.8125979089938
172,185,519,459.4104918262098
201,573,210,459.48775827001094
199,486,364,460.76892256314335
203,535,296,460.83077154200544
176,197,521,462.77640389285193
175,183,524,464.1863849791375
184,269,509,465.8003864317848
206,486,372,466.0514993002383
173,167,528,466.9014885390707
186,268,514,470.3232930655253
194,392,458,470.45934999742536
208,486,380,471.4106490099688
182,180,536,475.85712141356044
188,297,512,477.2640778437028
183,190,538,478.8319120526534
211,459,421,481.5828070020773
212,579,257,482.18875971967657
191,298,521,486.08744069354435
195,300,524,489.57941133180833
197,308,522,490.40799340956914
213,617,171,491.24535621214784
209,350,509,494.72517623424017
205,315,524,494.74538906391035
215,614,201,495.880025812696
210,348,512,496.58836071740546
214,487,417,497.8212530617792
193,255,546,497.94075952868127
204,296,535,498.6912872709929
219,618,198,498.89477848540366
207,307,533,500.4018385257992
220,643,99,506.35363136843404
217,457,457,507.72630422305286
218,456,458,507.8779380914276
222,458,461,511.4694516782014
200,203,574,516.1094845088588
223,585,327,519.6479577560177
224,658,144,526.4256832640292
226,539,404,527.0341544909589
236,597,324,528.5120623032175
225,509,441,530.3602549211244
231,512,441,532.4631442644645
241,640,240,532.6236945536689
235,524,431,534.0009363287671
233,515,441,534.5745972266172
245,600,332,535.1112033960792
216,295,574,535.5305780251955
238,668,142,536.0037313302959
239,668,143,536.1538958172364
248,606,327,537.8187427005496
230,462,493,539.2003338277898
221,301,576,539.2262975782987
237,493,468,539.3153066620675
252,606,331,539.8008892174965
243,521,443,540.2314318882233
234,467,492,541.4249717181505
247,669,168,541.4766846319424
246,527,439,541.7102546564907
254,611,328,542.6647215362354
255,615,327,545.668397472311
240,455,507,546.3643472994921
257,588,375,548.1505267716159
262,614,337,549.7281146166712
250,478,496,551.3220474459551
258,687,134,553.7011829497928
251,455,518,555.3602434456395
261,689,134,555.6842628687625
264,645,292,556.7306350471474
227,344,580,557.4585186361403
228,344,581,558.3878580341803
249,414,550,560.6424885789517
256,474,511,560.8003209699509
259,475,511,561.4000356252216
260,473,514,562.6091005307326
263,492,507,568.6308116871614
266,491,510,570.3621656456536
232,283,616,572.6613309801876
229,265,622,574.2203409841904
271,683,243,574.2699713549368
242,299,615,575.960068060278
244,299,616,576.9202717880522
272,591,421,578.0051902881149
274,688,240,578.0864987179687
269,714,114,578.3424591018716
268,509,507,579.3668958440757
273,589,426,579.5662170968905
276,695,234,582.9519705773366
265,403,582,583.6308764964376
253,299,623,583.64544031458
267,412,583,588.6569459371052
281,673,309,589.2656446798846
278,597,432,589.5600054277767
279,598,431,589.7126418858595
270,452,563,591.2672830454937
283,611,423,595.0210080324896
284,628,400,595.2680068674949
286,611,426,596.8458762528229
280,536,507,597.0167501837783
290,599,447,600.6213449420525
288,569,482,601.7981389137059
289,571,480,601.8413412187634
292,599,449,601.9053081673229
295,723,211,603.6770659880993
297,737,165,607.7910825275409
298,738,164,608.6082483831451
277,429,599,610.77819214507
303,632,423,611.8472031479755
299,741,166,611.9027700541974
291,505,552,612.2001306762356
300,578,491,614.5250198323905
308,638,422,616.1168720299745
307,616,453,617.5475690179665
301,534,539,619.9556435746028
310,621,451,620.1693317151373
287,418,617,621.6309194369276
315,622,454,622.8322406555396
275,285,672,627.4623494680776
323,649,431,630.3031016899727
314,530,557,631.4182449058627
285,346,660,633.1413744180678
282,316,671,634.4801021308706
293,353,661,636.4165302692884
294,347,665,638.192760848946
296,350,666,640.1249877953524
333,651,449,642.6025210034583
335,648,455,643.8547972951666
337,720,338,644.1273166075166
321,470,618,647.5801108743226
336,624,490,647.5955527951069
338,730,326,648.1975007665487
302,350,675,648.6239280199275
339,733,324,650.1299870025994
326,494,608,651.8067198180761
342,735,327,653.1722590557563
304,347,681,653.3314625823557
306,350,680,653.3513602955151
330,502,606,654.5471717149193
344,700,398,654.782406605431
345,727,350,655.640907814636
312,361,679,656.062497022959
309,345,685,656.4891469019119
346,731,346,657.4990494289707
334,511,604,657.9460464202213
316,364,681,658.9666152393457
349,731,353,660.5527987980976
317,351,689,662.1918151109994
318,349,691,663.4470589278394
320,361,687,663.5917419618783
351,701,414,663.9826804970141
352,701,417,665.5779443461149
305,277,713,665.674094433605
313,297,710,667.2218521601342
348,602,543,668.3240232102988
353,781,246,668.8086422886594
355,738,361,670.3737763367538
311,274,719,670.9284611640797
341,490,634,671.6308509888449
343,507,624,672.3131710743141
328,368,694,672.5503698608752
329,368,695,673.4901632540746
340,468,650,674.2729417676495
360,758,331,675.8409576224276
319,275,726,677.9859880558005
322,280,726,679.0139910193309
347,485,647,680.1720370612129
361,652,508,680.5233280351233
358,612,551,681.0264312051332
324,285,727,681.0535955414963
363,677,479,681.4763385474216
325,289,727,681.9281487077652
350,492,647,683.7696980709221
327,286,731,685.1751600868205
365,754,364,686.0466456444489
354,511,638,686.2251817005844
357,554,608,686.4196966870925
366,755,364,686.9446848182174
331,303,729,687.1055231913072
369,756,363,687.4045388270287
371,720,433,690.1920022718316
332,278,740,692.3034016961061
356,499,654,693.3866165423154
359,516,645,694.8186813838557
362,490,666,699.0851164200251
372,681,508,702.6841395677008
373,680,512,704.46007693836
367,528,650,705.5806119785321
374,680,523,711.5370686057051
364,424,721,718.3849942753537
377,656,561,719.2530848039513
368,424,723,720.2201052456116
376,622,596,720.7024351283961
379,726,482,722.5953224315806
375,580,634,722.8748162718078
370,382,748,728.1016412562191
378,634,596,728.8154773329118
382,647,597,738.4483732800825
381,631,613,739.3578294709538
383,641,604,739.4410050842461
384,627,621,742.6991315465502
387,639,611,743.2375125086193
391,700,553,746.274078338515
388,638,618,747.7539702335254
380,485,731,753.6378440603949
385,505,725,757.7981261523414
398,765,489,758.5894805492626
397,763,492,758.6336401715917
386,472,748,762.988859682761
393,568,695,765.2378715144723
392,541,713,765.643520184165
389,484,747,767.4249148939589
390,470,758,771.1290423787707
394,482,760,778.1645070292013
401,557,719,779.236806112237
402,559,719,780.3140393456983
395,465,771,780.7752557554575
396,467,771,781.6149947384582
399,477,773,787.6814076769871
404,587,710,788.3558841031124
400,477,774,788.5841743276363
403,480,782,797.097233717443
407,702,628,799.0319142562455
406,661,669,801.2352962769426
405,599,719,802.6020184375317
410,722,614,803.5919362462517
408,675,660,803.7244552705858
411,704,635,805.4098335630129
409,675,665,807.4515465339081
412,710,632,807.5171824797291
414,724,658,835.8301262816506
413,688,693,837.0549563798066
415,705,711,861.7946391107339
