50,208,257,3.1622776601683795
51,207,258,4.47213595499958
44,206,242,12.36931687685298
54,228,258,19.4164878389476
39,207,230,24.08318915758459
48,227,237,24.758836806279895
62,239,258,30.265491900843113
58,244,248,35.510561809129406
59,245,248,36.49657518178932
37,215,215,39.45883931389772
38,219,215,40.26164427839479
42,227,214,43.86342439892262
47,241,221,45.967379738244816
45,240,217,48.27007354458868
46,243,216,50.99019513592785
41,155,270,56.32051136131489
40,154,270,57.28001396647874
74,198,317,63.953107821277925
79,280,269,72.56721022610694
80,203,337,83.21658488546619
31,122,216,94.93682109698007
28,121,209,98.8382517044894
89,283,320,99.15644204992432
27,177,159,100.24470060806208
26,160,166,100.72239075796404
72,143,334,103.71113729971339
25,129,184,106.30145812734649
63,128,330,111.07204868912791
24,138,162,116.21101496846157
34,220,138,116.52038448271615
30,206,136,118.03812943282352
22,134,162,118.69709347747316
21,135,161,118.84864324004712
33,215,135,119.15116449284078
95,319,300,119.23086848631104
86,161,365,120.93386622447825
98,317,311,122.11879462228572
99,316,313,122.18837915284743
36,87,280,124.73972903610141
102,315,321,125.39936203984452
32,217,128,126.25371281669304
29,206,127,127.03542812932147
18,131,153,127.61269529321916
110,296,349,128.81770064707723
17,129,152,129.63024338479042
93,206,385,131.03434664239754
94,202,388,134.18271125595876
16,109,162,135.88230201170424
14,106,162,138.10503249338888
13,110,157,138.6001443000692
15,100,167,139.46325680981354
104,344,292,140.24621207005913
10,114,150,140.85808461000738
90,177,392,141.66156853571826
7,109,150,144.27751037497146
100,207,399,145.01379244747721
92,354,251,145.03103116229988
114,239,397,146.11296999240005
60,316,153,147.13938969562162
105,358,277,150.7647173578752
65,322,150,153.57408635573907
124,340,336,154.5477272560163
101,191,408,155.04837954651444
82,350,188,155.68236894394946
117,357,303,155.90060936378666
81,350,187,156.1089363233252
61,321,144,156.98407562552325
120,360,306,159.70284906663375
43,293,118,159.84992962150469
127,297,388,160.31219541881399
11,161,101,160.3527361787132
52,71,336,160.52414148656894
121,363,303,161.60754932861275
55,72,341,162.28986413205232
53,70,339,162.92943257741985
8,158,99,163.17475294910057
4,149,102,163.41358572652396
56,321,135,163.41664541900252
130,295,394,164.30459518832697
12,167,94,165.42067585401773
88,133,402,166.37307474468338
109,376,256,167.01197561851666
9,164,93,167.17057157286985
112,376,266,167.4305826305338
57,323,131,167.70509831248424
132,309,390,168.80758276807353
6,157,93,169.1892431568863
133,307,392,169.2572007330855
64,328,133,169.7115199389835
69,71,353,169.83815825661793
131,284,407,170.3936618539551
67,331,135,170.42593699317015
68,70,353,170.65169205138284
2,143,96,171.23083834403195
3,146,94,171.95638982020995
134,297,402,172.18594600024707
71,71,357,172.20046457544765
135,296,403,172.53985046939155
136,300,403,174.59095051004218
70,68,357,174.61385970191483
19,190,79,176.0284067984483
5,162,84,176.3774361986249
66,62,352,176.67201249773547
123,385,282,178.2133552795637
137,281,418,179.10890541790488
23,200,75,179.22611416866684
140,294,412,179.41293152947478
143,305,406,179.77764043395385
145,322,394,179.91386828146406
141,296,412,180.3690660839602
144,302,409,180.75950874020432
142,287,419,182.50753409106156
129,384,307,182.84966502567076
148,305,412,184.87833837418594
20,199,67,187.2671887971836
73,59,368,188.403821617291
156,327,401,188.50198937942272
146,275,431,188.904737897174
154,307,416,189.33568073662187
157,308,416,189.85520798756087
149,283,429,190.0026315607234
147,276,432,190.19200824430033
159,321,408,190.4205871222962
152,289,427,190.60167890131504
158,307,418,191.049731745428
151,283,431,191.84629264074925
150,279,433,192.20041623263984
75,57,372,192.4266093865399
161,294,430,195.45076106272904
35,260,65,195.76005721290542
164,301,429,197.70938268074178
160,282,438,197.9520143873257
162,284,438,198.69826370655582
163,283,439,199.25109786397664
76,56,382,199.4818287463798
96,111,428,199.69977466186586
78,59,386,199.80990966416056
153,245,455,204.1984329028996
0,136,63,204.47493733951845
1,138,62,204.70710783946902
77,46,388,211.00947846009194
84,53,397,211.62466774929618
107,414,187,215.67104580819372
119,421,214,215.7405849625888
85,47,398,216.74870241826133
91,405,157,218.68927728629038
83,44,398,219.0
165,230,475,221.9954954497951
113,422,191,222.12158832495322
171,307,455,223.61797781037194
87,41,402,223.89283150650448
111,426,172,231.97629189208106
122,435,197,233.0772404161333
178,417,372,239.14012628582432
125,443,196,241.0808992848666
103,428,147,243.74166652421167
118,438,170,243.92006887503126
106,430,147,245.5402207378661
97,425,127,250.56935167733502
126,451,184,251.9206224190469
166,168,503,252.3529274646918
167,166,504,253.67104683033892
169,205,508,254.03149411047443
168,201,508,254.12595302329905
128,96,482,254.46610776290032
108,47,455,258.15692901799093
184,269,509,261.9637379485947
138,105,496,263.4008352302627
155,470,218,263.47106102948004
116,50,465,264.20068130116545
170,185,518,265.08866441249427
115,47,465,266.01691675530714
172,185,519,266.0845730214362
186,268,514,266.6102023554237
176,197,521,267.2695268825086
139,470,190,268.7322087134328
175,183,524,271.2489631316588
188,297,512,272.5949375905576
194,392,458,274.05291459862275
173,167,528,277.2002886001384
191,298,521,281.44271175498574
182,180,536,283.4872131155125
183,190,538,284.63485380395707
195,300,524,284.9227965607526
197,308,522,285.70089254323307
205,315,524,290.06206232459976
209,350,509,291.3863414781139
210,348,512,293.0614270080592
204,296,535,294.15982050579237
193,255,546,295.6010825419961
207,307,533,295.71100757327247
199,486,364,298.04194335697116
211,459,421,300.647634283059
206,486,372,301.08636634693374
208,486,380,304.31069649291004
185,515,265,306.1976485866604
187,520,263,311.1301978272119
174,521,187,319.11283270968596
200,203,574,320.0562450570212
218,456,458,320.3513695928269
217,457,457,320.4886893480018
214,487,417,322.2623155133098
222,458,461,323.80549717384355
202,535,292,328.20725159569525
203,535,296,328.69438693108225
216,295,574,331.3547947442439
192,543,260,334.0538878684096
221,301,576,334.88505490690386
177,536,164,339.1592546282646
230,462,493,348.037354317033
234,467,492,351.0099713683359
227,344,580,352.8469923352047
240,455,507,352.8809997718778
225,509,441,353.50954725438464
228,344,581,353.7711124441904
181,545,140,354.81262660734046
237,493,468,355.60089988637543
231,512,441,356.0589838776716
233,515,441,358.6153928653928
179,546,130,359.0891254271006
180,547,131,359.6845840455218
249,414,550,360.0569399414487
251,455,518,360.84899889011746
235,524,431,361.32257056541596
250,478,496,361.83559802761255
226,539,404,362.49137920783716
243,521,443,364.7807560713695
196,571,200,366.0054644400818
201,573,210,366.6496965769916
246,527,439,367.89808371341104
198,574,200,368.9728987337688
256,474,511,369.15308477649216
232,283,616,369.4861296449435
259,475,511,369.8715993422582
212,579,257,370.01216196227927
260,473,514,370.5347487078641
242,299,615,372.0497278590592
229,265,622,372.23648397221893
244,299,616,373.02010669667663
263,492,507,379.6024235960566
253,299,623,379.81706122816547
266,491,510,380.8674310045426
265,403,582,381.0774199555781
223,585,327,383.020887158912
267,412,583,386.58763560155415
268,509,507,392.43980430124566
270,452,563,393.10303992719264
236,597,324,394.2638710305574
190,585,131,395.6071283483148
257,588,375,397.84670414620757
189,585,123,398.16705036956535
245,600,332,398.7041509691114
248,606,327,403.655793963124
252,606,331,404.3983184930422
215,614,201,408.45317969138154
254,611,328,408.7542048713383
277,429,599,409.1760012512953
255,615,327,412.51060592425983
219,618,198,412.8159396147392
262,614,337,413.417464556107
280,536,507,413.4464898871437
213,617,171,416.35681812599154
272,591,421,416.9088629424901
273,589,426,417.1138933193187
287,418,617,418.86752082251496
291,505,552,420.0238088489747
275,285,672,424.85291572496004
288,569,482,426.1267417095529
289,571,480,426.75519914817676
278,597,432,426.88171663822754
279,598,431,427.375712927162
285,346,660,428.49154017319876
282,316,671,430.5090010673412
241,640,240,431.227318244102
293,353,661,431.723291009415
301,534,539,432.26149493101974
294,347,665,433.54930515455794
290,599,447,435.14250539334813
296,350,666,435.4595273960601
292,599,449,436.033255612459
283,611,423,436.07912126126837
286,611,426,437.25050028559144
264,645,292,437.65283044897586
300,578,491,438.5544435985115
314,530,557,441.41816908686485
284,628,400,443.7082374714267
302,350,675,443.9842339543151
321,470,618,447.9028912610411
306,350,680,448.7282028132397
304,347,681,448.74603062311314
312,361,679,451.3634898837078
309,345,685,451.9480058590811
307,616,453,453.0452516029718
316,364,681,454.26203891586624
326,494,608,454.4678206430022
303,632,423,455.5107023989667
310,621,451,456.6760339671877
317,351,689,457.5904282215702
330,502,606,457.98799110893725
315,622,454,458.87797942372436
318,349,691,458.87797942372436
320,361,687,458.9041294213858
308,638,422,460.7222590672172
220,643,99,460.84813116687366
224,658,144,462.27805485443497
334,511,604,462.28129964340974
305,277,713,464.00969817451016
313,297,710,464.41360875839973
281,673,309,467.24832797988694
328,368,694,467.8471972770597
247,669,168,467.9700845139569
329,368,695,468.78779847602686
311,274,719,469.52103254273925
239,668,143,472.2308757377052
238,668,142,472.46693005966034
341,490,634,472.6108335618218
340,468,650,473.17755652608884
271,683,243,474.12761995057826
323,649,431,474.266802548945
343,507,624,475.0831506168157
319,275,726,476.59206875482096
322,280,726,477.31017169132275
336,624,490,477.41072463864907
324,285,727,479.06680118747533
274,688,240,479.20454922715413
325,289,727,479.7176252755364
347,485,647,480.23431780746364
335,648,455,482.8270912034659
333,651,449,483.1035085776132
327,286,731,483.17491656748905
331,303,729,484.2117305477016
350,492,647,484.2912346925143
276,695,234,486.41134855181986
348,602,543,487.8216887347261
354,511,638,488.5284024496426
332,278,740,490.87371084628273
258,687,134,492.8326287899372
356,499,654,494.064773081425
357,554,608,494.3086080577598
261,689,134,494.77267507411926
359,516,645,497.1217154782116
362,490,666,498.703318617392
358,612,551,500.61761854733
367,528,650,508.5046705783537
361,652,508,510.65154459768354
344,700,398,511.68056441494826
364,424,721,514.1147731781299
295,723,211,515.7955021129983
368,424,723,515.9321660838758
351,701,414,517.3625421307577
337,720,338,517.858088669087
352,701,417,518.2981767284157
363,677,479,519.2773825230596
370,382,748,523.4166600329035
269,714,114,524.0467536394058
338,730,326,525.9515186782903
345,727,350,526.8206525944099
339,733,324,528.6548968845366
346,731,346,530.0452810845503
342,735,327,531.0414296455598
375,580,634,531.0753242243514
349,731,353,531.304997153236
297,737,165,535.4484102133463
372,681,508,536.0037313302959
376,622,596,536.2210365138615
298,738,164,536.6013417799102
373,680,512,537.0335185069922
299,741,166,539.2290793345626
355,738,361,539.7128866351071
371,720,433,541.4443646396184
377,656,561,542.2711498872128
374,680,523,542.4039085404897
378,634,596,545.5171857971112
380,485,731,551.094365785026
381,631,613,554.0442220617412
360,758,331,554.3735202911481
383,641,604,555.989208528367
365,754,364,555.9901078256698
384,627,621,556.2490449430003
385,505,725,556.2885941667329
382,647,597,556.3209505312558
366,755,364,556.9703762319859
369,756,363,557.7544262486851
387,639,611,558.881919550096
386,472,748,559.6472103030623
388,638,618,562.6162102179425
389,484,747,564.5121787880222
379,726,482,565.0424762794387
392,541,713,566.4847747292066
390,470,758,567.5711409153922
393,568,695,568.6492767954603
353,781,246,572.0559413204271
391,700,553,574.8756387254551
394,482,760,574.9478237196832
395,465,771,576.909871643743
396,467,771,577.8001384561966
401,557,719,580.8003099172727
402,559,719,582.0008591058952
399,477,773,584.1104347638382
400,477,774,584.999145298521
404,587,710,592.30059935813
403,480,782,593.4854673873658
397,763,492,602.9593684486542
398,765,489,603.6232268559586
405,599,719,606.8978497243173
406,661,669,613.6195889963096
408,675,660,618.0550137325964
407,702,628,618.8093405888441
409,675,665,621.3509475328738
411,704,635,624.6487012713626
410,722,614,626.7128529079326
412,710,632,627.6025812566421
413,688,693,649.7399479791895
414,724,658,654.554046660778
415,705,711,674.4368020800763
