233,515,441,6.324555320336759
246,527,439,7.211102550927978
231,512,441,9.219544457292887
225,509,441,12.165525060596439
235,524,431,12.36931687685298
237,493,468,37.53664875824692
214,487,417,42.80186911806539
226,539,404,42.95346318982906
288,569,482,61.84658438426491
289,571,480,62.20128616033595
268,509,507,65.11528238439882
217,457,457,65.5133574166368
222,458,461,65.52098900352466
280,536,507,65.73431371817918
211,459,421,65.7875368135941
218,456,458,66.70832032063167
250,478,496,68.24954212300622
273,589,426,70.09279563550022
263,492,507,70.26378868236469
208,486,380,72.069410986909
234,467,492,72.91776189653656
272,591,421,73.37574531137656
266,491,510,73.40980860893181
300,578,491,74.51845409024533
278,597,432,76.79192665899195
230,462,493,77.33692520394123
279,598,431,77.92945527847606
290,599,447,78.10249675906654
292,599,449,78.23042886243178
206,486,372,79.1580697086532
259,475,511,82.09750300709517
256,474,511,82.66196223173026
260,473,514,85.70297544426332
199,486,364,86.4060183089118
286,611,426,91.59148432032315
240,455,507,91.93475947648963
283,611,423,92.19544457292888
257,588,375,95.46203433826454
307,616,453,95.524865872714
301,534,539,96.87620966986684
251,455,518,99.90495483208028
310,621,451,100.31948963187563
315,622,454,101.59724405711013
291,505,552,110.16805344563369
303,632,423,112.78741064498288
336,624,490,113.21660655575224
314,530,557,114.35471131527551
284,628,400,115.31695452100702
308,638,422,118.86967653695369
178,417,372,125.92458060283545
335,648,455,127.56566936288148
323,649,431,128.56126943990557
348,602,543,128.68954891520912
194,392,458,129.86916493148019
333,651,449,130.13838787997952
223,585,327,132.48396129343357
245,600,332,136.24243098242192
270,452,563,138.42326394071193
252,606,331,140.60227594174995
262,614,337,141.01418368376991
236,597,324,141.19844191774922
358,612,551,141.2267680009707
248,606,327,143.80890097626084
254,611,328,146.03081866510234
361,652,508,146.23952953972466
203,535,296,147.6651617681029
255,615,327,149.30505684671232
249,414,550,151.32085117392117
202,535,292,151.64761785138597
363,677,479,160.099968769516
334,511,604,161.31026005806325
330,502,606,164.10362579784763
326,494,608,167.1944975171133
357,554,608,168.2676439485619
372,681,508,172.69916039170545
373,680,512,173.32628190785147
267,412,583,177.4288589829738
374,680,523,177.99157283422156
185,515,265,178.10109488714548
377,656,561,179.30142219179413
187,520,263,180.00277775634464
277,429,599,181.10770276274835
343,507,624,181.54062906137568
352,701,417,181.86808406094787
321,470,618,182.28000438885226
351,701,414,182.3211452355431
265,403,582,182.33211456021672
209,350,509,183.29484444468153
376,622,596,183.3303030052588
192,543,260,184.31766057543157
344,700,398,184.5697700058165
210,348,512,186.25251676151922
378,634,596,190.20515240129538
129,384,307,193.04144632694815
341,490,634,193.49935400408964
212,579,257,194.83326204732086
354,511,638,195.25624189766637
264,645,292,195.38935487891862
156,327,401,198.4943324127921
382,647,597,198.97738564972653
371,720,433,199.25109786397664
375,580,634,199.90497742677644
383,641,604,200.80089641234176
359,516,645,202.06187171260194
287,418,617,202.20039564748632
381,631,613,202.48456731316588
281,673,309,202.63267258761604
159,321,408,203.03940504246953
145,322,394,204.9438947614688
387,639,611,205.2997808084558
350,492,647,206.0509645694482
367,528,650,207.1183236703117
347,485,647,207.15211801958483
384,627,621,207.17142660125697
379,726,482,208.67678356731494
391,700,553,210.09759636892565
124,340,336,210.261741645978
388,638,618,210.50890717496966
123,385,282,210.75341041131458
121,363,303,211.10187114282053
120,360,306,211.4000946073582
356,499,654,212.14381914163798
340,468,650,213.67732682715777
171,307,455,214.3361845326169
157,308,416,214.70444802099468
158,307,418,215.45533179756774
117,357,303,215.62931155109686
154,307,416,215.6965461012299
148,305,412,218.2131985009156
132,309,390,218.52459815773602
143,305,406,219.14607000811125
133,307,392,219.9931817125249
164,301,429,220.44500447957535
205,315,524,221.35265979879256
144,302,409,221.6235547048192
227,344,580,223.8258251408894
228,344,581,224.43930137121706
136,300,403,224.59073890078372
337,720,338,225.00222221124838
362,490,666,225.1443981093023
345,727,350,226.01991062736045
141,296,412,227.1255159597882
197,308,522,227.17834403833479
161,294,430,227.3719419805355
134,297,402,227.72132091659753
349,731,353,228.47319317591726
135,296,403,228.52789764052878
112,376,266,228.80996481796853
140,294,412,229.10696191953662
127,297,388,230.6534196581529
155,470,218,230.70760715676457
130,295,394,231.25094594401122
346,731,346,231.32012450281968
355,738,361,231.97629189208106
207,307,533,232.1551205552012
152,289,427,232.55106965997814
105,358,277,232.64780248263682
104,344,292,232.65854809140367
188,297,512,234.38643305447522
142,287,419,235.2275494069519
241,640,240,235.30830839560255
195,300,524,235.37629447333902
191,298,521,236.24775131204953
109,376,256,236.63051367057463
162,284,438,237.05273674859777
163,283,439,238.03361107205006
151,283,431,238.30232898568156
149,283,429,238.41140912296962
201,573,210,238.73206738936435
160,282,438,239.0522955338434
102,315,321,239.4159560263267
338,730,326,239.52035404115452
131,284,407,239.7185850116757
137,281,418,241.29857024027308
150,279,433,242.20652344641752
99,316,313,242.7447218787671
98,317,311,242.98148077579904
204,296,535,243.08229059312404
339,733,324,243.11519903124116
342,735,327,243.41733709824368
110,296,349,243.8462630429263
147,276,432,245.246814454337
365,754,364,246.02845363900494
146,275,431,246.2925090212855
397,763,492,246.9109151090733
366,755,364,246.9757073074192
95,319,300,247.49343425634547
196,571,200,248.09070921741508
369,756,363,248.2438317461282
398,765,489,248.2982078066614
198,574,200,248.71268564349506
119,421,214,249.88197213884797
92,354,251,254.46610776290032
174,521,187,256.0
393,568,695,256.3454700204394
221,301,576,257.07780923292466
271,683,243,257.37909783041823
139,470,190,258.08913189051566
407,702,628,258.81653733871025
125,443,196,259.02316498722655
215,614,201,259.25470101813005
184,269,509,260.4995201531089
122,435,197,260.5993092853471
216,295,574,261.22212769977966
360,758,331,262.1316463153581
186,268,514,262.77366686941826
274,688,240,262.86498435508673
219,618,198,263.50332066218823
410,722,614,263.89770745499095
411,704,635,265.2413994835648
406,661,669,265.84958153060916
408,675,660,266.092089322475
412,710,632,267.28636328851496
89,283,320,267.904833849634
126,451,184,268.2927505543152
409,675,665,270.1851217221259
392,541,713,270.7397274136177
113,422,191,270.74896121684384
276,695,234,271.9503631179778
404,587,710,275.0363612324741
293,353,661,275.2235455043772
153,245,455,276.2607463973121
107,414,187,277.46170906991836
401,557,719,278.33792411383683
402,559,719,278.60366113890177
285,346,660,278.77230852435827
177,536,164,279.4029348450012
242,299,615,280.8344708186657
296,350,666,281.0160137785746
244,299,616,281.4480413859723
294,347,665,282.0638225650358
385,505,725,282.4535360019414
316,364,681,285.1192732875138
312,361,679,285.12453419514776
193,255,546,285.24550829066527
118,438,170,285.3383955937231
114,239,397,285.72714256787015
253,299,623,285.80412873154927
405,599,719,286.81004166521086
111,426,172,287.1689398246266
302,350,675,288.20999288713085
213,617,171,288.44410203711914
380,485,731,290.24127893874777
320,361,687,291.78073959739015
306,350,680,292.2498930709813
165,230,475,292.7541630788536
328,368,694,293.9557789872484
232,283,616,294.2329009475317
364,424,721,294.43675042358416
329,368,695,294.8101083748656
304,347,681,294.8219801846531
414,724,658,295.6924077483221
368,424,723,296.3258341758275
79,280,269,297.2490538252393
317,351,689,299.0250825599752
309,345,685,299.23235119217975
413,688,693,300.647634283059
318,349,691,301.8078859142021
181,545,140,303.94900888142405
389,484,747,306.2433672751134
282,316,671,306.60887136545807
82,350,188,307.0276860480175
295,723,211,307.6166445431716
81,350,187,307.8587338374534
91,405,157,308.62922739105574
386,472,748,308.91099041633333
106,430,147,309.67240755353066
103,428,147,310.26601489689455
247,669,168,312.2963336320169
229,265,622,312.37317426437244
180,547,131,313.0814590485997
179,546,130,313.99681527047375
100,207,399,317.0678160898706
190,585,131,318.4964677983101
390,470,758,319.1018646137938
394,482,760,319.3900436770063
93,206,385,320.2951763608063
169,205,508,322.61587065735
94,202,388,323.70665733036753
415,705,711,325.0846043724618
353,781,246,326.20392394942155
189,585,123,326.3372488699382
168,201,508,326.5348373451139
275,285,672,328.8419073050149
224,658,144,328.89207956410263
97,425,127,330.26050323948823
101,191,408,331.85087012090236
396,467,771,332.41540277189324
395,465,771,332.74614948936676
399,477,773,332.9204109092742
176,197,521,333.2566578479716
400,477,774,333.9116649654516
239,668,143,334.0793318958837
238,668,142,334.9776111921512
370,382,748,335.18054836162554
80,203,337,335.2014319778482
62,239,258,337.26695657890946
59,245,248,337.9363845459675
58,244,248,338.7535977668724
403,480,782,341.4703501037828
200,203,574,343.92586410446074
170,185,518,344.26879033685293
183,190,538,344.363180377926
172,185,519,344.4880259167218
54,228,258,346.51695485214
74,198,317,346.70592726401435
175,183,524,347.57013680694723
90,177,392,347.75997469519115
313,297,710,348.5182922028627
258,687,134,350.76630396889607
261,689,134,351.71721595622813
297,737,165,352.05113264978996
182,180,536,353.4543817807328
298,738,164,353.4543817807328
299,741,166,353.73577709923546
65,322,150,354.18921496849674
60,316,153,355.1408171415953
47,241,221,357.3289800729854
166,168,503,358.0628436461957
46,243,216,358.9052799834519
48,227,237,358.98746496221844
331,303,729,359.6109008358896
61,321,144,359.723504931218
167,166,504,360.20272070044115
45,240,217,360.60643366418185
67,331,135,361.8894858931384
305,277,713,363.91757308489514
173,167,528,364.06180793925637
50,208,257,364.0947678833081
51,207,258,364.44615514503647
49,209,254,364.7807560713695
220,643,99,364.99315062066574
64,328,133,365.1698235068172
325,289,727,366.7151483099655
56,321,135,367.2383422247737
86,161,365,368.35309147609985
324,285,727,369.25871689101666
57,323,131,369.5240181639077
311,274,719,370.3849348988158
327,286,731,371.7109091753967
322,280,726,371.7122543043207
42,227,214,372.6620452903676
44,206,242,373.6656259277805
319,275,726,374.97333238511777
38,219,215,378.4019027436305
39,207,230,379.42719986843326
269,714,114,381.4315141673535
37,215,215,381.6018867877883
332,278,740,383.74210089590116
88,133,402,390.16022349798806
72,143,334,393.4018301940142
43,293,118,397.0
41,155,270,404.82712359722143
40,154,270,405.73143826920784
63,128,330,408.92297563233103
96,111,428,410.27429848821873
138,105,496,419.36261159049457
128,96,482,426.7856604901341
34,220,138,428.51604404036027
33,215,135,434.1658669218482
32,217,128,437.7682035050056
30,206,136,439.8567948776056
27,177,159,446.0851936569964
29,206,127,446.1849392348424
26,160,166,455.02747169813824
71,71,357,458.1440821401058
69,71,353,458.9117562233506
31,122,216,459.05337380309055
35,260,65,459.35280558629444
68,70,353,459.8923787148467
55,72,341,460.440006949874
70,68,357,461.09109728989563
52,71,336,462.5462139073241
53,70,339,462.8358240240269
28,121,209,463.4177381154071
36,87,280,463.6000431406365
78,59,386,465.50295380373257
66,62,352,467.93375599544004
73,59,368,468.0480744538962
76,56,382,468.9840082561451
75,57,372,469.40068172085137
25,129,184,469.83507744739535
84,53,397,470.2552498377876
116,50,465,471.51352048483193
108,47,455,474.1518744031284
115,47,465,474.51027386137804
24,138,162,475.02631506054485
85,47,398,476.13128441638867
21,135,161,478.0376554205746
77,46,388,478.17360864020924
22,134,162,478.25725295075245
83,44,398,479.11793955142196
87,41,402,481.7478593621356
18,131,153,486.00411520891464
17,129,152,488.2058991859889
23,200,75,488.3287826864192
19,190,79,491.99288612743175
20,199,67,495.0353522729463
11,161,101,496.552112068814
12,167,94,497.1086400375676
16,109,162,498.703318617392
9,164,93,499.94899739873466
8,158,99,500.10498897731463
13,110,157,500.71648664688485
14,106,162,501.1845967305859
10,114,150,501.49576269396334
15,100,167,503.40540322884897
4,149,102,504.6434384790909
6,157,93,504.97128631240014
7,109,150,505.5620634501762
5,162,84,507.70266889194113
3,146,94,512.275316602313
2,143,96,513.1208434667218
1,138,62,540.2314318882233
0,136,63,540.9482415166908
