83,44,398,3.0
84,53,397,6.082762530298219
87,41,402,7.211102550927978
77,46,388,10.04987562112089
78,59,386,16.97056274847714
76,56,382,18.35755975068582
75,57,372,27.85677655436824
73,59,368,32.31098884280702
70,68,357,46.06517122512408
71,71,357,47.50789408087881
66,62,352,48.38388161361178
68,70,353,50.53711507397311
69,71,353,51.0
108,47,455,57.0
55,72,341,62.24146527838174
53,70,339,63.324560795950255
52,71,336,66.48308055437865
115,47,465,67.0
116,50,465,67.06713054842886
96,111,428,70.68238818828917
88,133,402,86.09297300012354
128,96,482,97.24710792614863
63,128,330,105.75916035975324
138,105,496,113.87712676389407
72,143,334,115.37764081484765
86,161,365,118.68024266911489
36,87,280,124.59534501738017
90,177,392,130.13838787997952
101,191,408,144.34680460612904
94,202,388,155.32224567009067
167,166,504,159.3643623900902
93,206,385,159.53056133543816
100,207,399,160.00312496948303
166,168,503,160.20611723651504
40,154,270,166.83225107874077
41,155,270,167.47537132366656
80,203,337,167.5022387910084
74,198,317,171.35343591536179
173,167,528,176.91806012954132
170,185,518,182.87700784953805
172,185,519,183.53473785635242
175,183,524,185.39687160251654
168,201,508,189.25115587493778
182,180,536,191.65855055279948
114,239,397,192.00260414900626
169,205,508,192.52012881774206
176,197,521,193.98195792392653
31,122,216,196.84765683136794
165,230,475,198.53966858036205
183,190,538,200.12246250733574
28,121,209,202.97044119772713
153,245,455,206.0412580043133
51,207,258,212.60291625469299
50,208,257,214.0140182324513
49,209,254,216.74870241826133
44,206,242,222.74873737015884
54,228,258,228.82526084329064
25,129,184,229.17242417009948
146,275,431,230.37577997697588
147,276,432,231.51025895195227
39,207,230,232.0
150,279,433,234.62523308459387
137,281,418,234.85314560380067
200,203,574,235.1850335374256
15,100,167,237.00210969525145
131,284,407,237.17082451262846
62,239,258,237.62154784446633
149,283,429,238.0273093575609
151,283,431,238.29603437741048
160,282,438,238.37994882120435
163,283,439,239.5349661322956
162,284,438,240.3518254559345
142,287,419,240.91699815496622
48,227,237,241.49741199441456
14,106,162,243.26323191144198
152,289,427,243.73140954747709
16,109,162,244.00819658363937
140,294,412,247.39644298170498
58,244,248,247.6065427245411
130,295,394,248.03225596683993
184,269,509,248.20354550247666
59,245,248,248.4028985338134
37,215,215,248.421013603922
89,283,320,248.55582873873627
135,296,403,249.0501957437496
161,294,430,249.06424873915566
13,110,157,249.09837414162303
141,296,412,249.39326374222702
186,268,514,249.59366979152335
134,297,402,250.0319979522621
127,297,388,250.19992006393608
38,219,215,251.14338533992887
22,134,162,251.52534663528445
21,135,161,252.81020549020565
24,138,162,252.93675098727746
136,300,403,253.04940229133123
110,296,349,253.77549133042774
144,302,409,255.23714463220279
193,255,546,255.2802381697416
7,109,150,255.63254878829494
164,301,429,255.88473967784793
10,114,150,256.8910274805253
42,227,214,257.4024086911387
26,160,166,258.0561954303752
143,305,406,258.1240012087214
148,305,412,258.37956575549856
18,131,153,259.0
17,129,152,259.3067681338071
133,307,392,260.06922155457
154,307,416,260.62233212063774
158,307,418,260.76809620810593
157,308,416,261.6199533674754
132,309,390,262.1221089492453
47,241,221,262.6118809193522
45,240,217,264.59402865522117
171,307,455,266.17475462560304
79,280,269,266.32686683847726
46,243,216,267.46962444359923
27,177,159,272.0680062043312
159,321,408,274.18242102658587
188,297,512,274.76535443901946
145,322,394,275.02908937056094
102,315,321,278.84224930953343
191,298,521,279.5174413162799
156,327,401,280.0160709673643
99,316,313,282.10990766011747
195,300,524,282.63934616397626
98,317,311,283.6705836000624
204,296,535,284.20063335608523
197,308,522,288.95847452532
95,319,300,289.1158937173811
207,307,533,292.95904150580503
205,315,524,296.1418578992169
124,340,336,299.48789624958135
216,295,574,304.1052449399714
30,206,136,306.4718584144391
221,301,576,310.16124838541646
33,215,135,312.07851576165893
34,220,138,312.2963336320169
229,265,622,312.5699921617557
4,149,102,313.0814590485997
29,206,127,314.2005728829914
104,344,292,315.3490129998824
2,143,96,316.8911485037094
11,161,101,318.1273329973393
8,158,99,318.93886561534015
32,217,128,319.06112267087633
3,146,94,319.71393463532365
232,283,616,321.27869521647403
210,348,512,321.86487848163864
209,350,509,322.69180342859653
6,157,93,324.2298567374695
117,357,303,324.2298567374695
120,360,306,326.24070867995613
9,164,93,326.67108840544796
12,167,94,326.8271714530479
121,363,303,329.9712108654329
242,299,615,332.5552585661517
244,299,616,333.208643345277
105,358,277,333.709454466007
5,162,84,334.39647127324776
253,299,623,337.8298388242223
92,354,251,340.37920030460145
0,136,63,346.6208303030849
1,138,62,348.104869256378
227,344,580,348.3288675949784
228,344,581,348.8524043202225
129,384,307,349.07019351414124
19,190,79,349.5854688055555
194,392,458,350.1785258978626
112,376,266,354.4925951271761
123,385,282,357.35136770411276
23,200,75,357.4045327076868
109,376,256,358.33643409511126
275,285,672,362.93250061133955
60,316,153,363.8488697247801
20,199,67,364.2320688791694
82,350,188,368.6583784481237
81,350,187,369.2289262774519
65,322,150,370.3093301552096
178,417,372,370.912388577141
43,293,118,372.7143678475516
61,321,144,373.6201279374547
56,321,135,379.7959978725421
282,316,671,383.2623122614589
57,323,131,384.0117185711915
64,328,133,386.24603557836036
67,331,135,387.07234465923807
305,277,713,390.03204996512784
311,274,719,393.15391388106514
35,260,65,395.29482668003635
249,414,550,397.2316704393042
285,346,660,397.54873915030845
319,275,726,399.459635007093
313,297,710,399.80495244556437
265,403,582,400.7393167634042
294,347,665,401.60801784824963
322,280,726,402.3344379990358
293,353,661,403.4910160090309
296,350,666,404.5157598907612
324,285,727,406.06034034364893
325,289,727,408.4176783637065
267,412,583,409.20654931220247
327,286,731,409.89022920777217
302,350,675,410.5337988521773
304,347,681,412.4184767926869
211,459,421,412.6414908852477
332,278,740,412.70449476592813
218,456,458,413.3775513982345
309,345,685,413.7305886685199
306,350,680,413.9239060503754
217,457,457,414.22336969321276
222,458,461,415.80043290020757
119,421,214,416.8117080889163
331,303,729,418.4459343810141
318,349,691,420.7766628509713
317,351,689,420.82894387149753
312,361,679,421.37512978342704
240,455,507,422.3091284829159
107,414,187,423.3320209953412
316,364,681,424.9447022848973
251,455,518,425.2810835200644
230,462,493,425.73465914816
320,361,687,426.7516842380355
113,422,191,428.3386510694546
234,467,492,430.39052034170084
287,418,617,430.81550575623436
91,405,157,431.5611196574594
277,429,599,431.65379646193315
328,368,694,436.64287466990686
122,435,197,436.972539182956
270,452,563,437.3213921133975
329,368,695,437.3213921133975
208,486,380,439.3688655332783
206,486,372,439.76925767952446
199,486,364,440.3146602147151
214,487,417,440.41003621625157
111,426,172,441.2674925711161
260,473,514,441.51104176452935
256,474,511,441.69899252771677
250,478,496,442.0011312202719
259,475,511,442.6657881517387
125,443,196,444.5447109121871
237,493,468,451.4598542506299
118,438,170,452.62014979450487
103,428,147,456.2477397204286
126,451,184,457.1783021972937
266,491,510,457.90828776076984
106,430,147,457.91920684767086
263,492,507,458.15499560738175
155,470,218,459.7053404083968
225,509,441,463.99676723011765
97,425,127,465.1075144523038
231,512,441,466.98393976666904
233,515,441,469.97127571799535
139,470,190,471.3735249247671
268,509,507,474.68410548490033
243,521,443,476.13128441638867
321,470,618,476.7903103042259
235,524,431,478.1401468189008
246,527,439,481.7478593621356
291,505,552,483.1976821136459
370,382,748,484.48426187029025
185,515,265,486.5316022623813
340,468,650,490.657721838758
187,520,263,491.88819867933404
226,539,404,492.03658400570174
326,494,608,493.8714407616622
364,424,721,496.445364566938
368,424,723,497.74893269599283
203,535,296,498.5458855511697
202,535,292,499.3796151226039
330,502,606,500.2889165272403
280,536,507,501.000998002998
341,490,634,501.9412316197983
347,485,647,503.83032858294666
301,534,539,507.0009861923347
334,511,604,507.6731231806545
314,530,557,508.4977876058066
350,492,647,509.92744581950086
343,507,624,512.5192679304847
192,543,260,514.8397809027581
362,490,666,517.7576653223011
174,521,187,518.8419797973174
356,499,654,519.461259383219
354,511,638,522.3944869540643
288,569,482,528.7154244014449
359,516,645,530.0660336222271
289,571,480,530.3772242470448
300,578,491,539.0825539748064
257,588,375,541.4886887091918
177,536,164,542.1042335197171
223,585,327,542.6647215362354
273,589,426,542.7227653231436
367,528,650,543.0147327651433
272,591,421,544.4859961468247
357,554,608,548.7704438105245
380,485,731,550.2117774093899
212,579,257,550.3680586661984
386,472,748,550.567888638631
278,597,432,551.0499069957276
279,598,431,551.9873186949135
290,599,447,554.1705513648303
292,599,449,554.350971858082
236,597,324,554.9558541001257
390,470,758,555.453868471541
245,600,332,556.9245909456683
201,573,210,558.5875043357129
389,484,747,559.2584375760458
196,571,200,560.1606912306504
395,465,771,560.2258473151699
181,545,140,560.8636197864861
396,467,771,561.7196809797571
385,505,725,562.7548311654019
198,574,200,562.9680275113321
252,606,331,563.0008880987667
248,606,327,563.4909049842774
283,611,423,564.553806115945
286,611,426,564.6946077305856
394,482,760,565.9231396576747
179,546,130,566.4141594275341
180,547,131,566.8236057187456
254,611,328,568.3273704477025
262,614,337,570.2718649907252
399,477,773,570.5479822065801
400,477,774,571.2057422680552
307,616,453,571.6519920371135
255,615,327,572.420300129197
348,602,543,573.6287998348758
310,621,451,576.4416709433834
315,622,454,577.7205206672168
403,480,782,578.7443304257935
284,628,400,581.0034423305941
375,580,634,582.9107993509813
336,624,490,584.2884561584286
358,612,551,585.3494682666073
303,632,423,585.533944361896
392,541,713,585.8848009634659
308,638,422,591.4871089043277
393,568,695,599.7082624076477
215,614,201,600.2482819633889
190,585,131,600.6105227183419
401,557,719,602.6118153504792
323,649,431,602.9038065894094
335,648,455,603.6969438385455
189,585,123,604.2094007875085
402,559,719,604.3053863734792
219,618,198,605.0132229959937
333,651,449,606.1493215371935
264,645,292,607.3219903807205
376,622,596,608.1356756514125
213,617,171,613.5380998764462
241,640,240,613.6880314948304
361,652,508,614.9186938124421
378,634,596,619.4941484792249
384,627,621,621.392790431302
381,631,613,622.3190500057025
404,587,710,623.6537500889416
383,641,604,628.7066088407215
387,639,611,629.1526046993687
377,656,561,630.4363568196238
388,638,618,630.6195366463047
382,647,597,632.140016135666
281,673,309,632.2950260756445
363,677,479,635.1857995893799
405,599,719,638.5491367154136
373,680,512,643.1834885940403
372,681,508,643.4718331053815
374,680,523,645.2239921143664
344,700,398,653.0
351,701,414,654.1956893774217
352,701,417,654.2759356724042
271,683,243,654.6151541172875
274,688,240,660.1855799697537
224,658,144,661.692526782644
247,669,168,663.1621219581227
220,643,99,666.796070774266
276,695,234,668.4309986827361
391,700,553,671.1437997925631
406,661,669,671.1460347793169
239,668,143,671.3166168061089
238,668,142,671.697104355825
371,720,433,673.9094894716945
337,720,338,675.6692978077367
408,675,660,680.4616080279621
345,727,350,681.6920125687259
409,675,665,682.4023739700793
379,726,482,684.1761469095513
349,731,353,685.4786648758661
346,731,346,685.9737604311115
338,730,326,686.7845368090344
339,733,324,689.9797098466012
342,735,327,691.6538151416502
355,738,361,691.9898843191279
258,687,134,692.3120683622379
261,689,134,694.1613645255691
407,702,628,694.2081820318743
411,704,635,698.4396895938833
295,723,211,701.3879097902957
412,710,632,703.0824987154779
413,688,693,705.6245460583128
365,754,364,707.8170667623098
410,722,614,708.7178564139612
366,755,364,708.8159140425672
369,756,363,709.8633671348312
360,758,331,714.1498442203849
397,763,492,722.1440299552438
398,765,489,723.7437391784471
269,714,114,724.9448254867401
414,724,658,725.2096248671828
297,737,165,728.2781062204191
415,705,711,728.6514942000737
298,738,164,729.5457490795214
299,741,166,731.7513238799094
353,781,246,749.5732119012791
