99,316,313,8.06225774829855
98,317,311,10.198039027185569
95,319,300,21.37755832643195
124,340,336,29.154759474226502
89,283,320,32.01562118716424
110,296,349,33.83784863137726
104,344,292,41.012193308819754
117,357,303,45.69463863518345
120,360,306,47.43416490252569
121,363,303,51.264022471905186
105,358,277,61.5223536610881
79,280,269,62.68173577685928
132,309,390,69.26037828369117
127,297,388,69.3757882838098
129,384,307,70.40596565632774
133,307,392,71.449282711585
145,322,394,73.33484846919642
130,295,394,75.69015788066504
92,354,251,80.1311425102625
123,385,282,80.1311425102625
156,327,401,80.89499366462674
112,376,266,82.13403679352427
134,297,402,82.97590011563598
136,300,403,83.3606621854697
135,296,403,84.17244204607586
143,305,406,85.58621384311844
159,321,408,87.20665112249179
144,302,409,88.95504482602435
109,376,256,89.1403387922662
131,284,407,91.4166286842826
148,305,412,91.54780172128658
141,296,412,92.9623579735368
140,294,412,93.39164844888434
157,308,416,95.25754563287887
154,307,416,95.33624704172071
158,307,418,97.32933781753577
62,239,258,98.71676655968832
59,245,248,101.13851887386922
58,244,248,101.83319694480774
142,287,419,101.92153844992725
137,281,418,102.7861858422619
54,228,258,107.41508273980894
114,239,397,107.48023074035522
164,301,429,108.90362712049586
152,289,427,109.14210919713803
161,294,430,111.00450441310929
149,283,429,112.64102272262978
80,203,337,113.13708498984761
178,417,372,114.03946685248927
151,283,431,114.56002793295748
146,275,431,117.04699910719626
74,198,317,117.06835610018618
150,279,433,117.64352935882194
147,276,432,117.65202930676547
162,284,438,121.03718436910205
160,282,438,121.56479753612885
48,227,237,121.6552506059644
163,283,439,122.2620137246234
47,241,221,124.4025723206719
50,208,257,124.67958934805648
51,207,258,125.03199590504823
49,209,254,125.39936203984452
93,206,385,126.40015822774906
46,243,216,127.31457104353767
45,240,217,128.22246293064254
94,202,388,131.36970731489052
100,207,399,133.2216198670471
171,307,455,134.23859355639868
44,206,242,134.61797799699713
82,350,188,137.5281789307195
81,350,187,138.49548729110273
42,227,214,138.53880322855397
39,207,230,141.2267680009707
38,219,215,143.01048912579805
37,215,215,145.72576985557495
119,421,214,150.6154042586614
153,245,455,151.18200951171406
101,191,408,151.47607071745688
90,177,392,155.1934276958918
194,392,458,157.15597347857954
86,161,365,160.1624175641714
107,414,187,166.6043216726385
41,155,270,167.93153366774212
60,316,153,168.00297616411441
113,422,191,168.37161280928564
40,154,270,168.88457596832222
65,322,150,171.14321488157222
72,143,334,172.4905794529081
122,435,197,172.55723688098394
211,459,421,175.31685600648902
165,230,475,175.90054007876157
199,486,364,176.32356620712955
61,321,144,177.1016657177453
206,486,372,178.4432682955566
125,443,196,178.91059219621403
208,486,380,180.89223311131963
111,426,172,185.80096878111266
56,321,135,186.09674903124989
155,470,218,186.10212250267324
67,331,135,186.68690366493306
91,405,157,187.0721785835617
63,128,330,187.21645226849054
64,328,133,188.4489320744482
57,323,131,190.16834647227702
209,350,509,191.23022773609824
188,297,512,191.84629264074925
126,451,184,193.04144632694815
184,269,509,193.54586019855861
210,348,512,193.82982226685345
118,438,170,194.7562579225633
218,456,458,196.596032513375
217,457,457,196.6214637317096
214,487,417,196.9771560359221
186,268,514,198.64037857394453
88,133,402,199.21094347449892
222,458,461,200.12246250733574
191,298,521,200.7211996775627
197,308,522,201.12185361118767
139,470,190,202.94334184693028
205,315,524,203.0
195,300,524,203.55343278854326
43,293,118,204.1886382735337
34,220,138,206.1892334725555
103,428,147,207.4728897952694
185,515,265,207.69207977195472
106,430,147,208.568933448872
33,215,135,211.17765033260503
207,307,533,212.1508896988179
27,177,159,212.8097742116184
187,520,263,213.04694318389082
30,206,136,214.72307747422028
204,296,535,214.84180226389836
32,217,128,216.45553815968765
169,205,508,216.9539121564762
168,201,508,219.0091322296858
26,160,166,219.20310216782974
31,122,216,219.71344974762013
203,535,296,221.41589825484527
202,535,292,221.90313201935658
29,206,127,222.52415599210798
97,425,127,223.0156945149825
28,121,209,224.0089283934906
230,462,493,226.25870149013053
225,509,441,228.114006584427
234,467,492,228.79029699705362
96,111,428,230.3584163862914
231,512,441,230.6707610426601
237,493,468,230.85276693165278
25,129,184,231.00865784641059
36,87,280,231.65707414193074
176,197,521,232.2154172315008
240,455,507,232.80034364235806
193,255,546,232.86262044390037
233,515,441,233.23807579381202
166,168,503,233.95084953895764
167,166,504,235.9872877932199
192,543,260,236.01906702637396
170,185,518,236.02754076590298
235,524,431,236.18001608942276
172,185,519,236.86282950264695
24,138,162,237.92856070678022
226,539,404,238.88281646028875
250,478,496,239.15267090291925
243,521,443,239.4159560263267
21,135,161,240.8318915758459
22,134,162,240.91907354960503
251,455,518,241.6795398870165
175,183,524,242.1425200166216
246,527,439,242.62728618191318
55,72,341,243.82165613415063
52,71,336,244.4606307772276
53,70,339,245.66033460858105
174,521,187,245.7478382407463
69,71,353,246.0894146443524
71,71,357,246.64144015148793
68,70,353,247.08095839218367
256,474,511,247.7518920210298
259,475,511,248.39484696748443
18,131,153,249.15858403835898
260,473,514,249.42533953069002
249,414,550,249.48346638605133
70,68,357,249.6096953245206
183,190,538,250.42763425788297
17,129,152,251.3105648396024
216,295,574,253.78928267363852
182,180,536,253.87004549572208
173,167,528,254.46610776290032
66,62,352,254.8921340488953
221,301,576,255.38402455909414
263,492,507,256.7586415293554
266,491,510,258.2576233143951
16,109,162,260.2249027283899
73,59,368,260.2786967848118
227,344,580,260.6184951226601
228,344,581,261.6123085789352
35,260,65,261.8415551435639
13,110,157,262.5280937347468
14,106,162,262.60616900598507
75,57,372,262.9923953273174
10,114,150,263.89770745499095
78,59,386,264.1230773711377
15,100,167,264.46360808247323
76,56,382,266.08645211660064
7,109,150,267.72560579817537
11,161,101,268.54422354614144
268,509,507,268.7601160886786
223,585,327,270.06665843824555
12,167,94,270.9852394504173
177,536,164,271.0903908293321
23,200,75,271.55294143131647
212,579,257,271.64682954159434
128,96,482,271.8124353299532
8,158,99,271.9062338380641
19,190,79,272.3765775539446
84,53,397,272.80029325497435
138,105,496,273.3587386567329
9,164,93,273.4684625327023
4,149,102,274.8035662068453
265,403,582,275.4360179787676
200,203,574,276.68212808202844
77,46,388,277.2183255125822
6,157,93,277.3950251897103
270,452,563,278.08811553175013
257,588,375,278.28941769316344
85,47,398,278.84224930953343
20,199,67,279.23466833471804
267,412,583,279.3796699833401
201,573,210,280.86473612755304
83,44,398,281.7268180347764
236,597,324,282.0159569953445
5,162,84,282.0957284327432
3,146,94,283.0017667789373
196,571,200,283.15543434657934
2,143,96,283.21193477676746
245,600,332,285.21220170252184
87,41,402,285.72189275587544
198,574,200,285.87060009731675
280,536,507,288.85463472134217
248,606,327,291.06184909740404
252,606,331,291.171770609721
181,545,140,292.6790050550261
273,589,426,293.429719012918
272,591,421,293.55749011054036
242,299,615,294.4350522611056
244,299,616,295.4335796757031
254,611,328,296.08275870100914
232,283,616,296.73051747334654
291,505,552,299.1003176193566
262,614,337,299.42778762165676
108,47,455,299.63310898497184
179,546,130,299.7365509910328
180,547,131,299.8733065812961
255,615,327,300.0599940011997
277,429,599,300.4663042672173
288,569,482,300.72745135753735
289,571,480,301.3585903869342
116,50,465,301.59741378201505
253,299,623,302.42354405700627
278,597,432,303.0594001181947
279,598,431,303.6264151881387
115,47,465,304.2367499169027
229,265,622,305.1245647272602
301,534,539,309.00647242412253
290,599,447,310.6959928933748
292,599,449,311.5124395590006
283,611,423,313.0814590485997
300,578,491,313.15970366571753
287,418,617,313.40867888429636
1,138,62,313.70368184004474
0,136,63,314.0143308831621
286,611,426,314.0716478767225
314,530,557,319.25068519895143
215,614,201,322.1816257951406
284,628,400,322.8157369150395
219,618,198,327.0137611783333
307,616,453,328.6715685908959
190,585,131,330.15148038438355
264,645,292,331.27179173603054
310,621,451,332.46954747766
303,632,423,333.00600595184466
315,622,454,334.57136757349696
189,585,123,334.8193542792889
241,640,240,334.9417859867592
321,470,618,335.01343256651666
213,617,171,337.2002372478406
326,494,608,338.2454729926182
308,638,422,338.42281246984516
285,346,660,340.414453277178
330,502,606,340.87241014784405
293,353,661,342.11693907200794
334,511,604,344.2455518957362
294,347,665,345.48516610702694
296,350,666,346.77081768799405
282,316,671,350.0014285685131
323,649,431,351.64755082326394
336,624,490,352.1959681768092
275,285,672,352.27971840570103
302,350,675,355.72601816566635
281,673,309,358.2010608582839
341,490,634,358.6000557724441
343,507,624,358.71018942873644
335,648,455,358.949857222426
333,651,449,359.5552808679077
306,350,680,360.7020931461308
312,361,679,360.9432088293115
304,347,681,361.4194239384486
340,468,650,362.8360511305347
348,602,543,362.840185205553
316,364,681,363.319418693799
309,345,685,365.2341714571625
347,485,647,367.66288907095316
320,361,687,368.8793840810299
317,351,689,369.7566767483719
350,492,647,370.95147930693037
318,349,691,371.5588782413899
354,511,638,372.6996109469394
357,554,608,373.48360071092816
358,612,551,375.6447790133652
271,683,243,376.1754909613331
328,368,694,376.74659918836693
329,368,695,377.73668077114246
356,499,654,380.4536765494585
359,516,645,381.2833591962807
274,688,240,381.69359439215117
361,652,508,385.40627913929995
247,669,168,385.64880396547323
224,658,144,385.976683233586
362,490,666,386.84622267769396
313,297,710,389.41622975936684
276,695,234,389.8320151039419
367,528,650,391.9311163967464
344,700,398,392.6245025466444
305,277,713,393.83752995365995
363,677,479,394.97848042646575
239,668,143,395.33909495520425
238,668,142,395.790348543266
220,643,99,396.06565112364893
351,701,414,397.04533746160524
352,701,417,397.7587208346286
311,274,719,400.10623589241897
337,720,338,405.3566331022597
322,280,726,406.5095324835569
325,289,727,406.831660518205
319,275,726,406.97051490249265
324,285,727,407.1068655770865
331,303,729,408.17643244067875
375,580,634,410.11461812522606
372,681,508,411.0048661512416
327,286,731,411.02433018010015
373,680,512,411.9538809138712
376,622,596,412.15773679502854
345,727,350,413.0193700058146
364,424,721,414.58533500354304
338,730,326,415.03011938894264
258,687,134,416.35681812599154
368,424,723,416.51530584121394
346,731,346,416.75052489469044
377,656,561,416.9904075635314
374,680,523,417.16783193338387
349,731,353,417.22895393296955
339,733,324,418.01076541160995
261,689,134,418.14471179246067
342,735,327,420.04285495649134
371,720,433,420.2011423116315
332,278,740,420.63047916193614
378,634,596,421.17217381968624
295,723,211,422.56833766859535
355,738,361,424.88704381282326
381,631,613,430.2557379047954
383,641,604,431.7001274032705
382,647,597,431.7406628984581
370,382,748,432.2244787144754
384,627,621,432.8325311249144
387,639,611,434.8287019045546
388,638,618,438.79152225174084
365,754,364,441.1008954876424
379,726,482,441.4091072916371
366,755,364,442.09614338964775
369,756,363,442.9954853043087
360,758,331,443.11285244280606
380,485,731,443.8468204234429
385,505,725,446.4482052825389
391,700,553,449.49860956403415
269,714,114,449.4997219131509
297,737,165,449.91110233022704
298,738,164,451.1961879271588
393,568,695,451.5362665390234
392,541,713,452.48204384262584
299,741,166,453.322181235377
386,472,748,454.9483487166428
389,484,747,458.29793802721827
390,470,758,463.67445476325304
401,557,719,465.79823958447935
402,559,719,466.84044383493597
394,482,760,469.6913880411264
353,781,246,471.9968220231996
395,465,771,474.3416490252569
404,587,710,474.663038375646
396,467,771,474.97789422245745
397,763,492,479.525807438974
399,477,773,480.1541419169473
398,765,489,480.33738143101044
400,477,774,481.09562459037187
405,599,719,488.937623833552
403,480,782,489.6386422659061
406,661,669,490.7341439109368
407,702,628,493.9817810405562
408,675,660,494.4906470298503
409,675,665,497.9317222270539
411,704,635,499.9169931098562
410,722,614,501.49576269396334
412,710,632,502.73850061438503
413,688,693,526.7950265520736
414,724,658,529.9528280894442
415,705,711,551.5432893255071
