298,738,164,3.605551275463989
297,737,165,4.123105625617661
295,723,211,48.46648326421054
269,714,114,58.59180830116101
261,689,134,61.05735008989499
258,687,134,62.76941930590086
247,669,168,72.02777242147643
239,668,143,76.53757247260981
238,668,142,76.84399781375251
276,695,234,82.09750300709517
224,658,144,85.86617494683223
353,781,246,89.44271909999159
274,688,240,91.02197536858887
271,683,243,96.40020746865642
220,643,99,118.71394189394942
213,617,171,124.10076550932311
241,640,240,125.2078272313676
219,618,198,127.09445306542689
215,614,201,131.73458164050928
339,733,324,158.2024020045208
281,673,309,158.3445610054226
264,645,292,158.40454538932903
190,585,131,159.8780785473731
338,730,326,160.37767924496225
342,735,327,161.11176245079065
189,585,123,161.8177987738061
360,758,331,165.873445734994
198,574,200,170.42593699317015
337,720,338,173.27723451163456
196,571,200,173.3666634621547
201,573,210,173.6663467687393
346,731,346,180.27756377319946
345,727,350,184.53184007102948
212,579,257,185.80904176062046
349,731,353,187.2671887971836
355,738,361,195.0230755577401
180,547,131,197.1319355152787
369,756,363,197.57024067404484
181,545,140,197.71696942852427
179,546,130,198.2952344359289
365,754,364,198.4263087395419
366,755,364,198.4943324127921
255,615,327,204.44314613114327
177,536,164,205.00975586542216
254,611,328,207.71133815947553
248,606,327,210.10949526377908
262,614,337,213.00234740490538
252,606,331,213.19005605327843
236,597,324,213.7755832643195
245,600,332,217.8003673091485
192,543,260,219.18029108475972
174,521,187,221.0
223,585,327,224.1807306616695
344,700,398,235.5949914577982
187,520,263,241.3503677229434
202,535,292,241.4787775354182
203,535,296,243.58981916328113
185,515,265,246.73264883269908
351,701,414,251.20509548972132
352,701,417,254.16726775885206
257,588,375,259.01737393464555
284,628,400,259.8557292037257
371,720,433,267.8245694479877
139,470,190,272.0606550017845
155,470,218,275.94383486499567
308,638,422,275.94383486499567
303,632,423,279.15945264310864
323,649,431,280.515596714336
283,611,423,288.00868042473996
126,451,184,290.5580836941213
286,611,426,290.68883707497264
272,591,421,295.8462438497403
333,651,449,296.9663280575763
125,443,196,299.50626036862735
279,598,431,301.1212380420883
273,589,426,301.1710477452971
278,597,432,302.47644536393244
118,438,170,303.0264014900352
335,648,455,303.5951251255527
122,435,197,307.5662530252628
310,621,451,309.23292192132453
106,430,147,311.57984530453825
315,622,454,311.6167517961767
226,539,404,312.166622174761
307,616,453,313.0399335548102
103,428,147,313.5761470520358
290,599,447,314.8412298286233
111,426,172,315.0571376750573
379,726,482,316.3558123379433
292,599,449,316.6275414426231
97,425,127,318.3975502418321
363,677,479,319.4761336938958
113,422,191,319.97812425226823
199,486,364,322.84516412670644
119,421,214,323.57997465850696
398,765,489,323.8904135660702
397,763,492,326.7414880299103
107,414,187,327.67361810191557
206,486,372,327.812446377498
208,486,380,332.89788224018486
91,405,157,336.12051410171324
235,524,431,342.5113136817527
336,624,490,344.47786576208347
246,527,439,346.87894141904894
372,681,508,347.2232711095269
373,680,512,351.3360214950924
361,652,508,353.3907186104355
243,521,443,353.73577709923546
233,515,441,355.95083930228344
289,571,480,357.0658202628753
214,487,417,357.0952253951318
231,512,441,357.8631023170732
288,569,482,359.7777091483017
225,509,441,359.79021665409414
374,680,523,362.17399133565624
300,578,491,363.5849281804734
123,385,282,374.42222156276995
109,376,256,375.9321747336878
112,376,266,378.4507894033252
211,459,421,380.1960020831361
129,384,307,383.83590243748694
178,417,372,383.9427040588218
391,700,553,389.16577444580093
237,493,468,390.77870975783725
81,350,187,391.56353252058597
82,350,188,391.61843674679056
92,354,251,396.2246837338633
280,536,507,397.8768653742009
105,358,277,398.76057979695037
348,602,543,401.8084120572888
121,363,303,402.06094065452316
377,656,561,404.04207701673846
120,360,306,405.90762495917716
358,612,551,406.0369441319349
217,457,457,406.6165269636737
117,357,303,407.7070026379238
218,456,458,408.0306361046925
222,458,461,408.79579254194874
67,331,135,411.1702810272163
268,509,507,412.43787410954394
64,328,133,414.3163042893678
104,344,292,416.51530584121394
65,322,150,419.30537797648145
57,323,131,419.4627516240268
61,321,144,420.57579578477885
56,321,135,421.1424937001727
250,478,496,421.9822271138916
263,492,507,422.234531984299
60,316,153,425.19877704433725
266,491,510,425.2481628414166
234,467,492,425.8544352240563
301,534,539,426.5887949770833
230,462,493,429.8488106299702
124,340,336,435.54678279147004
259,475,511,435.63861169551996
256,474,511,436.2499283667563
260,473,514,439.2356998241377
382,647,597,441.13149966874954
95,319,300,442.76404551408643
378,634,596,443.11285244280606
314,530,557,444.2994485704433
240,455,507,445.058423131166
376,622,596,446.1625264407579
98,317,311,448.1082458513791
410,722,614,448.4027207767589
383,641,604,449.2705198430006
99,316,313,449.7043473216598
43,293,118,450.56409089051914
291,505,552,452.428999954689
102,315,321,453.322181235377
251,455,518,453.54161881794266
194,392,458,455.04395392093716
387,639,611,456.5402501423067
381,631,613,460.3357470368774
388,638,618,463.5871007696396
407,702,628,463.64318176804886
412,710,632,467.0299776245632
384,627,621,469.06396152337265
411,704,635,470.45722441046644
79,280,269,472.36638322387
156,327,401,476.04726656079015
145,322,394,477.0167711936342
357,554,608,479.9302032587655
110,296,349,481.1590173736745
89,283,320,483.1976821136459
159,321,408,484.73085315461407
132,309,390,486.6210024238576
133,307,392,489.31789258109086
270,452,563,491.0498956317983
35,260,65,491.48957262591034
414,724,658,492.2936115774813
334,511,604,494.7160801914569
375,580,634,494.91918532220996
127,297,388,496.4070910049533
143,305,406,497.6906669810074
408,675,660,498.38940598692506
157,308,416,499.98899987899733
46,243,216,500.50374623972596
148,305,412,500.61162591374165
136,300,403,500.6495780483591
330,502,606,500.72048090726224
154,307,416,500.85526851576594
130,295,394,500.89919145472777
144,302,409,501.7668781416326
158,307,418,501.85655321017776
59,245,248,502.7325332619722
134,297,402,502.82402488345764
47,241,221,503.0159043211258
409,675,665,503.3458055849875
45,240,217,503.5891182303287
58,244,248,503.71916779094283
135,296,403,504.1765563768312
249,414,550,504.36593858031296
326,494,608,506.3328944479116
141,296,412,508.46927144125436
406,661,669,509.3220984799305
140,294,412,510.22054055084845
62,239,258,510.360656790862
164,301,429,512.609988197655
343,507,624,514.3150785267724
42,227,214,516.2363799656123
131,284,407,516.6526879829428
48,227,237,518.880525747498
161,294,430,519.1387097876636
142,287,419,519.7355096585185
209,350,509,520.124984979572
54,228,258,521.1842284643694
171,307,455,521.4182582150341
34,220,138,521.7518567288477
152,289,427,521.9434835305448
210,348,512,523.607677560213
38,219,215,524.2947644216944
137,281,418,524.5035748209921
354,511,638,525.0561874694936
32,217,128,525.37605579242
33,215,135,526.9127062426944
321,470,618,527.0151800470268
149,283,429,528.1410796368713
37,215,215,528.2773892568184
367,528,650,528.7958017987662
151,283,431,529.1398680878242
359,516,645,529.2126226763681
413,688,693,529.6583804680145
341,490,634,531.0602602341847
267,412,583,531.1591098719855
162,284,438,531.8204584255856
163,283,439,533.1913352634306
160,282,438,533.5400641001573
150,279,433,533.6037855937681
277,429,599,533.6974798516478
147,276,432,535.706076127572
30,206,136,535.8404613315422
265,403,582,536.0037313302959
146,275,431,536.0792851808396
29,206,127,536.4196118711544
39,207,230,537.8215317370624
49,209,254,539.2290793345626
44,206,242,540.3711687349723
50,208,257,540.7124929202209
350,492,647,541.6290243330761
51,207,258,541.8671423882427
356,499,654,544.7090966745461
347,485,647,544.8825561531586
415,705,711,546.1876966757857
23,200,75,548.6000364564334
20,199,67,550.9673311549425
114,239,397,552.5984075257546
287,418,617,554.7341705718154
340,468,650,555.6842628687625
205,315,524,556.4530528265615
393,568,695,556.569851860483
19,190,79,557.826137788469
362,490,666,559.4649229397675
197,308,522,560.5577579518457
188,297,512,562.8960827719446
74,198,317,563.6044712384742
27,177,159,564.0434380435606
80,203,337,564.5219216292668
404,587,710,565.3777498274936
191,298,521,567.691817802582
195,300,524,568.0184856146849
207,307,533,568.3704777695618
405,599,719,570.9404522364832
227,344,580,573.5895745217132
153,245,455,574.053133429302
228,344,581,574.3117620247734
93,206,385,578.0882285603124
204,296,535,578.0882285603124
12,167,94,578.4980553122024
26,160,166,581.0
9,164,93,581.5995185692643
402,559,719,582.179525576089
392,541,713,582.4165176229122
100,207,399,582.6190865393959
401,557,719,582.8078585606066
94,202,388,582.9279543820145
184,269,509,583.4663657829815
11,161,101,583.6308764964376
5,162,84,584.7777355542873
8,158,99,586.8372857956454
186,268,514,587.2248291753339
6,157,93,588.5448156257942
41,155,270,595.157122111464
4,149,102,595.4494101097087
40,154,270,596.1417616641196
165,230,475,597.1616196642245
3,146,94,599.3404708510848
101,191,408,600.8860124848972
221,301,576,601.4149981501957
2,143,96,602.0830507496453
24,138,162,603.0132668523969
216,295,574,604.466707106355
21,135,161,606.0206267116656
385,505,725,606.7759059158496
22,134,162,607.0131794285854
90,177,392,607.595260021011
18,131,153,610.1385088649953
1,138,62,611.9027700541974
17,129,152,612.1601097752123
25,129,184,612.2646486610181
86,161,365,613.1892040797849
0,136,63,613.7051409268134
193,255,546,616.9246307289084
380,485,731,620.2910607126303
31,122,216,621.0161028508037
72,143,334,621.1505453591745
28,121,209,621.4893402142952
10,114,150,627.2041135069189
293,353,661,628.9427636915779
242,299,615,630.0515851896573
244,299,616,630.7646153677297
13,110,157,631.0641805711999
16,109,162,632.0126581010858
7,109,150,632.2024992041711
285,346,660,632.5037549295656
63,128,330,634.5589019153383
296,350,666,634.7290760631657
14,106,162,635.0125983002227
389,484,747,635.3030772788685
253,299,623,635.7774767951441
294,347,665,635.7963510433195
169,205,508,635.8144383387341
316,364,681,638.2429004697193
312,361,679,638.4113094236349
364,424,721,639.1509993733875
168,201,508,639.1901125643293
368,424,723,640.8884458312539
15,100,167,641.0007800307267
386,472,748,641.1591066186302
302,350,675,641.8426598474115
232,283,616,642.0778768965646
320,361,687,644.8573485663321
306,350,680,645.8149889867841
328,368,694,646.461909164028
329,368,695,647.2789197865168
394,482,760,648.0100307865612
304,347,681,648.4296415186462
176,197,521,649.5852522956475
390,470,758,651.0798722123116
88,133,402,652.196289471199
317,351,689,652.4024831344528
309,345,685,652.8223341767651
318,349,691,655.2014957247885
170,185,518,658.0577482257921
172,185,519,658.5931976569451
229,265,622,659.17524225353
282,316,671,660.0378777009695
399,477,773,661.9252223627681
400,477,774,662.8423643672755
175,183,524,662.9690792186315
36,87,280,663.8614313243389
396,467,771,664.1543495302881
166,168,503,664.7540898708334
183,190,538,664.8195243823695
395,465,771,664.9819546423797
167,166,504,666.985007327751
403,480,782,669.0119580396154
182,180,536,672.0275291980232
200,203,574,675.209597088193
173,167,528,678.6162391219356
275,285,672,681.1549016193013
96,111,428,682.3078484086197
370,382,748,683.8164958525058
52,71,336,691.2307863514183
55,72,341,691.5099420832646
53,70,339,692.9429990987715
69,71,353,695.6069292351824
68,70,353,696.5701687554528
71,71,357,696.6929022173256
70,68,357,699.5784444935392
313,297,710,702.1908572460909
66,62,352,704.0149146147403
73,59,368,711.2861590105631
331,303,729,713.311292494378
75,57,372,714.3472544918193
138,105,496,716.5165734300917
78,59,386,716.6058888957026
305,277,713,717.2900389661075
76,56,382,718.2485642171517
128,96,482,718.2485642171517
325,289,727,720.4338970370565
324,285,727,722.9502057541722
311,274,719,723.807985587338
322,280,726,725.3419883062058
327,286,731,725.4309064273455
84,53,397,725.7444453800525
319,275,726,728.5300268348587
77,46,388,729.5950931852543
85,47,398,731.7513238799094
83,44,398,734.5971685216326
332,278,740,737.4584734071472
87,41,402,738.7123932898378
108,47,455,751.7692465111884
116,50,465,752.9156659281304
115,47,465,755.669901478152
