182,535,162,27.459060435491963
203,567,200,49.33558553417604
142,470,189,50.15974481593781
187,546,139,52.839379254491625
208,573,199,54.817880294662984
213,573,209,58.180752831155424
186,547,131,60.37383539249432
162,470,219,60.4648658313239
184,546,130,60.83584469702052
127,451,182,69.06518659932803
204,543,258,76.53757247260981
126,443,194,77.52418977325722
197,520,263,78.0
195,515,265,80.15609770940699
117,438,170,83.3606621854697
223,603,165,85.37564055396598
123,435,195,85.58621384311844
222,602,160,85.72630868059116
201,586,129,86.55634003352961
200,583,121,89.80534505250787
221,604,150,91.0
225,579,257,93.08598175880189
231,613,199,94.04786015641186
110,427,170,94.2019108086455
233,616,198,96.87620966986684
229,617,172,97.86725703727473
224,614,156,98.37174391053561
105,430,145,98.48857801796105
113,421,192,99.24716620639605
103,428,145,100.31948963187563
226,617,155,101.53324578678651
120,421,212,102.61578825892242
107,414,187,106.01886624558857
212,534,291,106.92053123698928
214,534,294,109.89540481748998
234,628,159,111.08555261599052
238,631,159,114.00438588054409
95,424,122,114.82595525402782
90,405,157,118.35962149314267
257,640,240,132.00378782444085
258,653,204,134.35028842544403
244,658,144,143.96180048887967
262,669,166,150.20652449211386
237,642,97,150.42606157179014
252,666,139,153.07514494521962
255,667,138,154.33081351434652
243,585,326,155.2610704587599
253,596,325,159.29846201391902
109,376,256,160.55217220579732
279,644,294,165.0969412193939
112,376,266,165.21803775617238
263,606,327,166.01204775557707
124,385,282,166.23477373883
261,600,332,167.35889578985635
264,605,330,168.0773631397161
285,682,233,168.96153408394468
85,351,188,169.0266251216062
269,611,328,169.49926253526885
83,350,187,170.01176429882727
270,615,326,170.01764614298128
288,683,243,173.0115603073968
272,687,132,175.20844728494114
290,687,238,175.20844728494114
133,392,305,175.45369759569047
276,689,132,177.11578134090706
277,614,336,177.867928531256
91,354,250,178.27226368675525
293,693,234,179.8054504179448
130,385,304,179.96110690924303
210,485,363,181.4083790788066
294,692,245,182.1647605877712
108,360,277,184.56435192094924
217,485,372,190.24720760105785
299,673,309,196.93907687404246
119,361,302,197.40820651634522
122,362,306,199.01004999748127
121,359,305,200.80089641234176
68,322,150,201.0696396774013
271,587,375,201.4671189052943
118,357,304,201.81674856165927
62,325,132,202.07424378183381
64,321,144,203.17972339778396
98,341,284,204.55317157159897
59,323,129,204.80478510034868
316,717,241,204.80478510034868
63,316,153,206.49455198624491
314,725,210,206.51876428063383
58,320,133,206.64946164943183
286,714,112,207.28000385951367
227,497,399,215.23243250030885
185,417,374,215.24404753674375
313,737,165,217.91970998512272
245,539,403,218.82641522448793
315,738,164,219.0091322296858
318,741,164,221.9954954497951
230,487,414,231.36551169091732
228,486,414,231.51025895195227
348,749,224,232.29722340140012
242,507,418,233.36237914453991
125,341,335,233.54014644167714
92,316,299,233.69210512980536
47,292,119,237.36048533822978
99,318,310,237.54788990854033
241,496,422,238.2120903732638
97,316,311,239.774894432257
306,629,401,241.9442084448396
104,316,321,245.17748673155128
289,591,421,246.44877763949248
291,589,426,250.68306683938587
363,719,338,251.01792764661252
364,730,326,252.94465797877606
365,732,323,252.9584946191766
79,280,267,253.62176562747922
301,613,422,254.5937941113255
295,597,430,256.81510858981795
304,611,426,257.6082296822056
371,735,327,257.6606295109907
297,598,431,258.0697580112788
366,724,344,258.64454372748713
317,626,423,260.5379051117131
367,722,350,260.82369524259104
38,277,89,261.27571643763605
322,631,422,261.70594185077266
326,638,421,263.8560213449752
373,725,352,264.41255643406953
37,274,87,264.8018126826174
379,780,245,266.8332812825267
88,283,319,272.2590678012396
310,600,446,272.98534759213726
311,600,448,274.8981629622141
346,648,430,276.4217791708895
370,699,396,276.69839175535515
385,756,330,276.9855591903665
51,243,215,278.6198126479881
381,737,360,278.77230852435827
235,457,457,279.20064469839605
111,296,352,279.4011453090341
236,456,458,280.40149785619906
52,241,220,281.18677067031444
50,240,217,281.82263926093657
239,458,460,281.9024654024863
61,245,248,282.1240861748603
60,243,248,284.0739340383063
36,262,66,284.1214529035075
140,322,389,284.2885857715712
330,621,451,284.52943608702424
251,490,468,284.5856637288674
327,616,453,284.67525357852935
333,621,453,286.40006983239374
147,322,394,287.8975512226528
158,327,400,288.91867367825154
282,534,474,289.33890163612637
65,239,258,290.32740139366797
376,700,413,290.4892424858449
378,700,416,292.8497908484826
358,651,447,292.92490505247247
390,753,363,293.21152774063984
46,228,213,293.33939387678566
391,754,364,294.61330587738223
360,651,449,294.71511668049874
394,756,363,295.6010825419961
157,321,404,295.90876972472444
134,307,392,297.0151511286924
161,321,406,297.3919972023457
53,227,236,297.40544715926103
361,648,454,297.90099026354375
302,570,479,298.2213942694253
307,569,482,301.01494979485653
205,390,457,301.4697331408246
128,297,388,301.5592810709032
57,227,257,301.7167545894659
41,219,215,302.49132218957953
35,220,138,303.65934861288235
131,297,393,304.9475364714396
40,215,217,306.67409411295245
143,304,405,308.3115307606902
33,217,128,308.3147742162221
136,299,401,309.02588888311607
34,215,135,309.0711892105118
137,300,403,309.7159989409653
320,578,491,311.44823004794875
254,467,492,311.5413295214617
135,296,402,311.8733717392365
146,302,409,312.5699921617557
150,305,412,312.65636088203934
249,462,493,313.41346493091197
160,308,416,313.53628179207584
265,478,496,313.82319863260585
159,307,416,314.21330334662787
170,314,424,315.5265440497835
163,307,418,315.6865534038471
42,206,228,316.93059177050105
32,206,136,317.8002517305485
48,206,238,318.44151739369664
397,720,433,318.59692402783804
144,296,412,318.912213626258
49,206,242,319.13163428278307
30,206,127,319.31175988365976
54,208,253,319.3242865802725
55,208,255,319.7561570947462
141,293,412,321.02647865869255
56,207,257,321.1744074486633
278,492,506,322.21886971436044
284,508,507,322.2235249015813
298,536,507,322.39727045990946
362,623,491,322.86994285625286
132,284,407,324.0061727807049
280,491,509,325.2952505032928
168,301,427,326.3816784073518
256,453,506,327.9176725948146
274,475,511,329.0911727773931
273,474,511,329.2294033041399
145,287,419,330.2196238868914
275,473,514,332.34018715767735
164,294,429,332.5838240203513
138,281,417,333.08407347094817
389,677,479,333.29416436535456
151,288,425,333.80233672040106
25,201,72,338.42281246984516
268,455,518,339.284541351356
156,285,430,339.4849039353591
152,283,429,340.1543767173958
155,283,431,341.5918617297549
176,307,455,343.9026024908797
21,198,64,343.98401125633734
28,177,157,344.1409594918919
148,277,431,345.7817230566127
153,279,433,345.8106418258409
166,284,438,345.98410368107955
149,276,432,347.1959101141602
165,282,438,347.3514070793438
167,283,439,347.3974668877135
20,188,78,348.8165707072988
387,652,508,348.9312253152475
76,197,318,349.31074990615446
114,239,397,352.00142045167945
81,202,336,352.02982828163863
321,534,539,354.2767279966326
423,790,415,354.682957019364
27,160,166,360.50104022041324
399,681,508,360.90164865237176
408,726,482,361.4484748895754
398,679,510,361.809342057388
429,800,415,362.3534186398688
13,167,94,364.5408070436011
431,803,416,365.3080891521566
219,350,509,365.8906940603983
405,712,497,366.34410053936995
308,504,551,366.3495598468763
375,602,543,367.27101709772853
406,714,497,367.39624385668395
10,164,93,367.6955262170047
12,161,101,368.6963520296885
220,348,512,369.47665690811914
9,158,99,372.07526120396665
334,530,557,372.13438432910226
400,680,521,372.15050718761626
6,162,83,372.24722967404335
93,206,385,372.2848371878715
94,205,387,374.20448955083367
7,157,93,374.4769685841841
45,155,270,374.7665940288702
382,611,549,375.2026119312071
44,154,270,375.7406020115473
101,206,398,379.42719986843326
266,415,550,379.80258029665885
5,149,102,380.1710141502111
24,138,161,382.7531841800928
287,452,563,384.06770236509084
154,245,454,384.68948516953253
4,146,94,384.9116781808523
23,135,161,385.7473266271589
2,146,84,387.39772843939085
3,143,95,387.5938596004844
22,133,161,387.7434718986253
432,763,488,388.4044283990593
19,131,153,390.31397617815327
433,763,491,390.7492802296634
26,129,183,391.0051150560565
18,130,152,391.3936637197899
100,192,405,394.94809785590814
199,297,512,395.80045477487766
216,314,524,396.6824926814895
102,190,407,397.7235220602372
31,123,214,398.05778474990285
209,308,522,398.1369111248039
29,121,208,399.66235749692515
403,656,561,399.8399679871936
1,139,62,400.3623358908777
89,177,392,400.622016369545
86,161,365,401.59805776422775
202,298,521,402.715780669196
0,136,62,403.21830315599516
207,300,524,404.12992960185466
73,143,334,405.37636832948215
11,114,150,407.50582817918075
43,124,283,407.9460748677452
218,307,533,408.0110292626904
169,230,474,409.4154369341733
424,700,553,409.66327636242914
194,269,509,409.84997255093236
14,110,157,410.9549853694441
193,266,509,411.69406116678437
283,413,583,412.13226032427986
8,109,150,412.4875755704649
198,272,516,413.6000483558966
16,107,162,413.6399400444788
15,107,160,413.7559667243483
281,403,582,413.8816255887666
196,268,514,414.42128323723915
215,295,534,415.24209805847
66,128,329,417.612260356422
67,128,331,418.3061080118243
359,510,604,419.119314754164
17,100,167,420.3855373344806
355,501,607,422.4275085739564
402,620,596,422.9905436295237
352,494,608,423.79830108201236
296,429,599,423.88323864007646
384,554,608,424.3642303493545
407,634,596,426.51729156037743
404,625,600,428.07709586007985
412,647,597,431.129910815754
247,345,580,432.03009154455896
246,344,580,432.43612245047245
344,470,618,435.8772763060722
413,641,604,436.1215426919427
372,507,624,439.1924407364043
411,631,613,442.15947349344447
39,87,278,442.87470011279714
87,133,402,443.6868264891352
305,418,617,443.8783617163603
206,255,546,447.8236259957708
328,442,626,447.84483920215047
240,301,576,448.153991391352
419,638,618,448.79059704944797
415,627,621,448.93763486702693
232,295,574,449.3840228579561
368,492,634,449.87220407577973
340,450,631,451.4598542506299
174,204,508,451.8683436577517
337,443,631,452.59805567412684
380,511,638,453.0893951528771
177,204,511,454.0176208034221
401,577,636,454.58772530722825
173,201,509,454.6834063389602
386,517,643,458.00982522212337
377,492,647,462.8477071348631
374,485,647,463.32386081444156
393,528,650,465.0688121127883
183,197,524,468.2413907377262
369,470,651,468.67472728962036
383,499,654,469.46991383900206
192,204,536,472.28910637447484
175,185,518,472.3494469140405
178,185,519,473.0549650939096
171,168,502,473.70138272966864
446,722,614,474.17823653137015
96,111,428,475.7415264615861
172,166,504,476.5259699113995
190,198,537,477.0618408550405
181,183,524,478.00627610942513
443,702,628,478.92901352914504
71,71,353,479.40066750057827
70,70,353,480.33738143101044
388,490,666,481.9346428718317
259,299,615,483.4676824773296
72,68,357,483.6196852900014
260,299,616,484.35730612844065
191,190,540,484.69062297510976
448,710,632,485.70464276142144
447,704,635,486.1645811862481
189,184,538,487.34484710520945
69,61,352,488.43628038875244
188,180,536,488.67269209563983
267,299,622,489.70399222387397
248,283,614,490.11223204486544
180,167,528,492.19711498544973
74,59,367,495.62586696014966
75,57,372,499.3375611748029
444,675,660,499.6498774141749
309,353,659,502.5584543115358
80,59,386,502.91351145102476
77,56,380,503.31004361129135
442,661,669,504.12002539077935
211,199,574,504.3431371596128
445,675,665,504.4055907699676
303,346,660,505.8665832015394
250,266,624,507.1853704514751
312,351,664,507.93897271227377
441,649,679,510.5653728955774
426,568,695,512.2538433237959
450,724,658,515.1164916793093
78,45,387,516.1676084374144
319,350,673,516.7630017716052
129,96,482,517.6726765051445
449,670,681,518.185295044157
329,360,678,518.3136116290985
84,47,397,518.3367631183418
336,363,680,519.3014538781882
139,102,495,520.4075326126631
82,43,397,521.9894634951936
323,350,679,522.4327707944823
324,347,681,525.3046734991037
342,361,687,526.5785791313581
300,316,671,527.0787417454815
350,368,690,527.3793700932944
439,587,710,529.2579711256128
351,368,692,529.2948138797508
425,542,714,529.4572692862002
354,368,694,531.210880912656
338,351,689,531.5797212083997
339,349,691,534.1132838640133
414,505,722,537.2094563575738
440,598,717,537.6876416656794
436,550,723,538.8357820338215
437,552,723,538.9508326368928
417,506,724,539.181787526248
292,285,672,540.734685404959
418,505,726,541.2079082940307
106,48,454,543.2724914810246
392,424,722,545.5135195391587
410,484,730,546.1876966757857
116,49,464,547.4321875812565
395,424,724,547.4824198090748
115,47,464,549.1538946415659
452,705,711,557.5849711030597
420,483,746,562.21881861069
416,471,747,564.1320767338088
332,297,710,570.3981065887228
335,294,712,573.4152073323484
421,470,757,574.1811560822943
409,438,754,574.8782479795178
427,482,759,575.2564645442935
396,382,748,579.6662833044544
451,645,752,580.6151909828058
422,461,763,581.0034423305941
325,277,713,581.2340320387306
345,292,721,582.4774673753484
356,302,729,586.054604964418
331,273,719,588.3578842847269
430,467,771,588.3918762185624
434,477,772,588.5728502063275
428,463,771,588.7656579658837
349,289,727,589.1731494221372
435,477,773,589.5701824210583
347,283,727,591.5513502647086
343,278,726,592.6592612960671
341,275,726,593.8905623092523
353,286,732,594.9495776954548
438,480,782,598.3385329393386
357,278,740,605.4659362837847
