350,492,647,9.899494936611665
362,490,666,15.0
347,485,647,15.652475842498529
359,516,645,19.235384061671343
354,511,638,20.0
341,490,634,21.93171219946131
367,528,650,29.274562336608895
343,507,624,31.04834939252005
340,468,650,31.25699921617557
321,470,618,46.22769732530488
326,494,608,46.2709412050371
330,502,606,48.093658625644196
334,511,604,51.419840528729765
385,505,725,71.25307010929424
357,554,608,71.7007670809734
392,541,713,72.42237223399962
380,485,731,78.26237921249263
393,568,695,80.26207074328447
375,580,634,83.43260753446461
401,557,719,87.11486669908874
402,559,719,88.45903006477066
277,429,599,89.02246907382428
287,418,617,89.05054744357274
389,484,747,94.2019108086455
386,472,748,97.8008179924892
364,424,721,100.56838469419701
314,530,557,101.83319694480774
368,424,723,101.91172650877817
291,505,552,102.17631819555841
270,452,563,102.42070103255493
404,587,710,104.30723848324239
394,482,760,107.35455276791944
390,470,758,107.96758772891057
267,412,583,112.29425630903836
405,599,719,119.26860441876563
265,403,582,120.0
301,534,539,120.20815280171308
399,477,773,121.01652779682617
396,467,771,121.29715577869086
395,465,771,121.8400590938793
400,477,774,122.0
403,480,782,129.40247292845683
384,627,621,132.1854757528224
249,414,550,134.31678971744373
376,622,596,135.988970140964
328,368,694,136.97079980784227
329,368,695,137.26616480400406
316,364,681,137.6735268670052
381,631,613,138.2208377922808
312,361,679,140.24621207005913
320,361,687,141.89080308462562
260,473,514,142.3938200906205
251,455,518,142.9405470816451
388,638,618,143.58621103713267
266,491,510,144.22205101855957
259,475,511,145.0
256,474,511,145.16886718577092
293,353,661,146.16771189288008
387,639,611,146.4547711752676
378,634,596,146.93195704134618
263,492,507,147.16657229140046
268,509,507,147.33974345029924
296,350,666,149.4824404403407
370,382,748,150.08331019803634
302,350,675,150.4725888658795
383,641,604,150.5456741324705
306,350,680,151.25144627407698
348,602,543,151.42654985173505
280,536,507,151.58495967608397
317,351,689,152.08221460775746
294,347,665,152.3975065412817
358,612,551,152.89865924853626
285,346,660,153.11760186209813
240,455,507,153.44380078712857
304,347,681,154.37940277122465
318,349,691,154.49595463959565
309,345,685,157.08914666519772
382,647,597,158.59697348940804
250,478,496,159.38946012832844
406,661,669,162.69296235547498
234,467,492,165.13025161974412
230,462,493,165.19685227025363
228,344,581,171.3300907604966
227,344,580,171.75855146105536
408,675,660,176.10224302944013
409,675,665,176.34341496069538
300,578,491,181.13530854032848
377,656,561,182.47739586041882
282,316,671,183.7879212570837
288,569,482,185.69868066305693
237,493,468,186.09674903124989
289,571,480,188.30825791770258
413,688,693,192.98186443290467
222,458,461,197.3068675946177
218,456,458,200.66140635408692
217,457,457,201.42740627829173
253,299,623,202.38824076511955
244,299,616,203.57799488156869
242,299,615,203.7670238286853
407,702,628,204.65825172711703
411,704,635,205.87860500790265
336,624,490,206.20620747203515
210,348,512,207.28000385951367
209,350,509,207.90863377935992
313,297,710,209.61870145576228
331,303,729,209.85947679340097
361,652,508,211.482859825566
243,521,443,212.14381914163798
412,710,632,212.14381914163798
221,301,576,212.8097742116184
225,509,441,213.23461257497573
231,512,441,213.39634486091836
233,515,441,213.60009363293827
415,705,711,213.74049686477292
275,285,672,214.75567512873786
246,527,439,216.8155898453799
216,295,574,219.1255347968374
232,283,616,219.31712199461307
325,289,727,222.32633672149595
194,392,458,223.3047245357787
374,680,523,223.4323163734378
235,524,431,224.39696967650877
391,700,553,224.94888308235718
414,724,658,225.03555274667156
205,315,524,225.290923030645
324,285,727,226.10838109190027
327,286,731,226.49061790723252
410,722,614,226.55904307707516
207,307,533,226.947130407062
292,599,449,228.08989455914087
305,277,713,229.7063342618135
290,599,447,229.88910370002316
373,680,512,230.05434140654683
322,280,726,230.53199344125753
197,308,522,232.17450333746814
307,616,453,232.57256931977167
372,681,508,233.32380932943812
311,274,719,234.2007685726074
315,622,454,234.79565583715555
319,275,726,235.28705871764387
204,296,535,235.30830839560255
229,265,622,236.1778990506944
211,459,421,236.40854468483155
310,621,451,236.83960817397076
332,278,740,237.14341652257605
214,487,417,237.30360300678117
195,300,524,237.69938998659632
191,298,521,241.0186714758838
278,597,432,242.66849816158668
279,598,431,243.98770460824454
273,589,426,245.12037858978596
188,297,512,246.9169900999119
335,648,455,248.60008045050992
363,677,479,249.6177077052027
272,591,421,250.50548896181897
226,539,404,253.17977802344325
286,611,426,254.02362094891885
333,651,449,255.2038400965001
283,611,423,256.71969149249145
303,632,423,266.5520587052368
193,255,546,266.8332812825267
323,649,431,268.7545348454608
186,268,514,270.11293934204633
308,638,422,270.4533231446787
184,269,509,271.89152248645047
208,486,380,274.3082208028042
171,307,455,276.52305509667724
206,486,372,282.29948636155893
379,726,482,284.80344099044873
284,628,400,284.8806767753826
199,486,364,290.2912330746487
257,588,375,292.851498203441
178,417,372,293.6800980659057
164,301,429,299.7148644962408
159,321,408,303.6445290137795
161,294,430,303.64617567161946
158,307,418,304.2367499169027
162,284,438,304.76384299978895
163,283,439,304.76384299978895
157,308,416,305.16389039334257
154,307,416,305.7907781474124
156,327,401,305.92973049378514
160,282,438,306.1780527732189
200,203,574,306.6202863477888
152,289,427,309.2393894703584
397,763,492,309.7418279793674
148,305,412,310.16124838541646
151,283,431,310.4593371119638
352,701,417,311.4048811435042
150,279,433,311.8348922106056
149,283,429,311.8990221209422
371,720,433,312.54119728445403
398,765,489,313.0191687421075
351,701,414,313.69411852950003
144,302,409,314.37875246269425
145,322,394,314.52980780841744
147,276,432,314.66331212901196
143,305,406,314.8650504581288
141,296,412,315.86864358463947
146,275,431,316.07752213657966
142,287,419,316.4948656771544
140,294,412,317.15768948584554
136,300,403,320.31546949843056
137,281,418,321.27869521647403
153,245,455,322.6716597409819
135,296,403,322.8157369150395
134,297,402,322.96749062405644
165,230,475,323.1129833355509
133,307,392,324.8199501262199
132,309,390,325.26297053307496
344,700,398,325.4796460610095
131,284,407,327.46602877245147
169,205,508,328.25599766036265
176,197,521,329.9893937689513
183,190,538,330.056055845064
130,295,394,330.47844105175756
168,201,508,331.84333653096
127,297,388,334.0059879702758
262,614,337,337.2150649066557
245,600,332,337.4685170501094
223,585,327,338.11980125393427
182,180,536,340.1249770305027
252,606,331,340.26166401756166
175,183,524,341.69577111811026
172,185,519,341.79087173299405
170,185,518,342.18708333307967
248,606,327,344.06104109590785
236,597,324,344.24409944107975
254,611,328,344.70277051396033
255,615,327,346.96541614403014
173,167,528,355.10561809129405
124,340,336,355.53480842246654
203,535,296,359.8055030151707
202,535,292,363.78565117387467
166,168,503,363.8158875035558
167,166,504,365.22458843840184
129,384,307,365.55984462191685
114,239,397,365.58036052282677
110,296,349,366.3795845840759
120,360,306,374.73323845103465
121,363,303,376.42661967507024
355,738,361,378.1137395017536
117,357,303,378.6357088284199
345,727,350,380.0
349,731,353,380.0328933131973
102,315,321,380.4536765494585
346,731,346,385.6008298746257
337,720,338,385.61249979740023
365,754,364,386.16706229299257
281,673,309,386.39487574241974
366,755,364,386.8281272089712
99,316,313,387.00129198750744
100,207,399,387.6712524807585
369,756,363,388.2396167317292
98,317,311,388.2949909540426
123,385,282,389.0758280849634
185,515,265,389.32890979222185
264,645,292,390.3331910048132
187,520,263,391.56353252058597
104,344,292,393.78801403801003
101,191,408,394.1826987578222
192,543,260,396.44924013043584
95,319,300,397.13473784094987
93,206,385,397.75620673975664
89,283,320,397.7587208346286
94,202,388,398.7041509691114
338,730,326,401.1795109424209
105,358,277,402.5046583581363
342,735,327,403.2679010285842
339,733,324,404.54418794490175
212,579,257,404.9802464318476
112,376,266,407.02948296161543
360,758,331,414.01690786729955
90,177,392,415.12407783697637
109,376,256,416.5729227878355
138,105,496,424.4997055358225
92,354,251,428.29195649696715
80,203,337,433.7107330929222
155,470,218,436.9633851937711
241,640,240,437.35226076927967
128,96,482,438.17005831069747
79,280,269,442.92888819764283
88,133,402,444.3647150708526
86,161,365,444.7077692147957
119,421,214,446.86015709615464
96,111,428,449.02115763068446
201,573,210,450.12442724206824
271,683,243,450.30767259730317
74,198,317,451.8517455980446
274,688,240,455.10108767173915
196,571,200,459.67379738244813
198,574,200,460.15323534666146
125,443,196,461.41087980237313
122,435,197,461.45964070544676
276,695,234,463.4824700029118
139,470,190,464.9053667145605
215,614,201,467.3692330481329
174,521,187,467.5179140952783
113,422,191,469.3591375482105
219,618,198,471.27168385125793
126,451,184,472.44470575930893
62,239,258,473.7256590052939
107,414,187,474.67251869051785
72,143,334,478.6815225178428
59,245,248,478.90708911019476
58,244,248,479.4382129117369
54,228,258,479.85101854638174
116,50,465,487.1570588629503
111,426,172,487.4966666552706
118,438,170,487.82886343470904
82,350,188,489.24124928300967
115,47,465,489.9234634103576
81,350,187,490.19383921057187
177,536,164,491.3949531690369
51,207,258,492.0162598939186
50,208,257,492.2296212135145
63,128,330,492.5616712656396
108,47,455,493.86739110817996
49,209,254,494.064773081425
353,781,246,495.97177339038154
295,723,211,496.4121271685453
213,617,171,497.2051890316512
48,227,237,497.8684565224031
47,241,221,504.03670501264094
44,206,242,505.5620634501762
91,405,157,505.811229610415
46,243,216,507.3263249625432
45,240,217,507.98622028555064
106,430,147,511.67372416413957
103,428,147,511.94726290898365
84,53,397,514.7475109216168
39,207,230,514.8203570178631
247,669,168,514.8747420489764
78,59,386,515.1931676565597
41,155,270,515.5501915429768
181,545,140,516.0542607129603
40,154,270,516.2179772150521
42,227,214,517.2852211304707
85,47,398,519.461259383219
76,56,382,519.8393982760444
38,219,215,520.6928077091136
71,71,357,520.9539327042268
83,44,398,522.0737495795015
87,41,402,522.7504184598995
37,215,215,522.8546643188716
69,71,353,523.2446846361652
70,68,357,523.4214363206765
68,70,353,524.0629733152305
75,57,372,524.2976253999249
73,59,368,524.7818594425688
180,547,131,525.1980578791205
77,46,388,525.3237097257271
179,546,130,526.10360196448
55,72,341,529.4317708638196
190,585,131,530.0235843809216
66,62,352,531.199585843212
97,425,127,532.1700855929428
53,70,339,532.2273950108167
52,71,336,533.2054013229798
60,316,153,533.376039956802
65,322,150,534.1769369787505
224,658,144,534.2106326160123
189,585,123,537.9191389047243
239,668,143,538.2211441405847
238,668,142,539.1706594391056
61,321,144,540.170343502862
297,737,165,543.842808171626
299,741,166,544.7090966745461
298,738,164,545.1797868593442
67,331,135,545.5135195391587
64,328,133,548.3447820486668
56,321,135,548.6756783383058
57,323,131,551.8197169366097
258,687,134,552.9412265331642
261,689,134,553.6244214266563
36,87,280,556.4350815683713
220,643,99,573.3768394345904
43,293,118,574.222953215909
31,122,216,577.9039712616622
269,714,114,581.2271500885003
28,121,209,583.8741302712426
34,220,138,586.5978179297977
27,177,159,590.5158761625296
33,215,135,591.6223457578322
26,160,166,594.1927296761548
30,206,136,595.1243567524353
32,217,128,596.8249324550709
25,129,184,598.1638571495272
29,206,127,602.9742946428148
24,138,162,610.2335618433323
22,134,162,612.6083577621187
21,135,161,612.8172647698497
18,131,153,621.6309194369276
17,129,152,623.6216801875958
16,109,162,627.8248163301607
15,100,167,629.5792245619291
14,106,162,629.692782235909
13,110,157,631.1339002145265
10,114,150,634.2247235798995
35,260,65,635.6429815548977
7,109,150,637.2723122810216
11,161,101,648.114958938613
12,167,94,651.0176648908998
8,158,99,651.3877493474988
23,200,75,651.6456092079497
19,190,79,652.7679526447357
9,164,93,653.4110497994352
4,149,102,653.6084454778717
6,157,93,657.0273966890574
20,199,67,659.2184766828066
2,143,96,661.8912297349165
3,146,94,661.9735644268584
5,162,84,662.1699177703559
1,138,62,693.3866165423154
0,136,63,693.5776813018135
