93,206,385,5.0
100,207,399,12.083045973594572
101,191,408,22.825424421026653
90,177,392,25.317977802344327
114,239,397,38.07886552931954
86,161,365,47.01063709417264
80,203,337,51.0098029794274
88,133,402,70.40596565632774
74,198,317,71.11258679024411
153,245,455,79.61155694998057
72,143,334,79.98124780221924
131,284,407,84.17244204607586
137,281,418,84.50443775329198
146,275,431,84.72307831990054
147,276,432,86.09297300012354
150,279,433,89.1852005660132
142,287,419,90.47651629014017
149,283,429,90.78546139112804
165,230,475,91.39474820797966
151,283,431,91.706052144883
130,295,394,93.1933474020544
63,128,330,94.02127418834527
160,282,438,94.33981132056604
127,297,388,95.0
140,294,412,95.0789145920377
135,296,403,95.1892851112981
152,289,427,95.34149149242423
163,283,439,95.71833680126291
134,297,402,96.0260381354974
162,284,438,96.04165762834376
141,296,412,97.01546268507923
136,300,403,99.14131328563285
96,111,428,99.40321926376429
161,294,430,101.13357503816425
110,296,349,101.76934705499491
144,302,409,102.18121158021175
143,305,406,104.5609869884557
133,307,392,105.07616285342742
89,283,320,105.75916035975324
148,305,412,105.75916035975324
132,309,390,107.01868995647442
164,301,429,107.15409464878138
154,307,416,108.66922287382016
158,307,418,109.20164833920778
157,308,416,109.63576058932597
166,168,503,119.9208072020865
168,201,508,120.00416659433121
169,205,508,120.03749414245534
145,322,394,120.14990636700472
159,321,408,120.66896867049125
167,166,504,121.45781160551181
171,307,455,124.55520864259351
156,327,401,125.67418191498204
41,155,270,127.01574705523721
40,154,270,127.38916751435343
51,207,258,130.09611831257686
170,185,518,131.10682667199293
50,208,257,131.13733259449805
102,315,321,131.36970731489052
172,185,519,132.09844813622905
54,228,258,132.5745073534124
176,197,521,133.09395177843356
49,209,254,134.18271125595876
71,71,357,134.61797799699713
62,239,258,135.1628647225265
69,71,353,135.5949851580065
99,316,313,136.4587849865299
68,70,353,136.56134152826706
175,183,524,137.32079230764728
70,68,357,137.53908535394584
55,72,341,138.23530663329106
184,269,509,138.31124321616085
98,317,311,138.3979768638256
53,70,339,140.80127840328723
52,71,336,140.9432509913121
128,96,482,141.6756859873987
186,268,514,142.23923509355637
79,280,269,142.28492541376264
78,59,386,143.01398533010678
173,167,528,144.30869689661813
73,59,368,144.3918280236108
66,62,352,144.55448799674122
138,105,496,145.16542288024377
75,57,372,145.8800877433243
44,206,242,146.05478424207814
76,56,382,146.12323566086263
58,244,248,146.1642911247477
95,319,300,146.40013661195812
59,245,248,146.4547711752676
124,340,336,147.4720312466062
84,53,397,149.27156460625713
182,180,536,149.6262009141447
183,190,538,150.47923444781344
48,227,237,153.05554547287727
85,47,398,155.32224567009067
77,46,388,156.0
188,297,512,156.20819440733575
36,87,280,157.76247969653622
39,207,230,158.07909412695912
83,44,398,158.3161394173064
87,41,402,161.60754932861275
191,298,521,164.02743672934722
193,255,546,166.652332716947
195,300,524,167.6305461424021
108,47,455,168.86088949191284
116,50,465,170.3907274472411
197,308,522,170.85666507338834
104,344,292,171.40595088852663
47,241,221,171.49344010777787
115,47,465,173.07223925286226
37,215,215,173.4877517290486
38,219,215,173.83325343558406
204,296,535,174.4849563716024
45,240,217,175.17134468856486
42,227,214,175.78680269007683
117,357,303,176.7766952966369
46,243,216,176.81911661356077
205,315,524,176.81911661356077
120,360,306,178.01123560045303
207,307,533,179.02513789968157
121,363,303,182.0604295282201
200,203,574,186.00268815261785
31,122,216,189.69449122207
209,350,509,191.1674658512792
105,358,277,191.4601786273062
210,348,512,191.55155963865187
28,121,209,196.4739168439414
129,384,307,199.21094347449892
194,392,458,202.48456731316588
92,354,251,204.62893246068603
216,295,574,207.95432190748045
123,385,282,211.482859825566
221,301,576,212.47352776287215
112,376,266,212.5088233462319
178,417,372,215.59452683219953
25,129,184,216.6679487141557
109,376,256,218.40329667841556
26,160,166,225.93804460515275
27,177,159,230.36058690670154
24,138,162,234.88720697390056
22,134,162,236.00847442411893
21,135,161,236.68122020980033
227,344,580,238.8053600738476
228,344,581,239.61009995407122
232,283,616,241.96074061715052
229,265,622,242.33241632105268
15,100,167,243.402958075698
16,109,162,244.38698819699874
18,131,153,245.4913440429214
14,106,162,245.5442933566162
242,299,615,246.85623346393342
17,129,152,247.0323865407125
244,299,616,247.7761086142084
13,110,157,248.64633518312712
82,350,188,248.8051446413438
81,350,187,249.6096953245206
34,220,138,250.64716236175505
30,206,136,252.03174403237384
33,215,135,253.33377192944488
10,114,150,253.74790639530408
253,299,623,254.23217734976035
7,109,150,255.5249498581303
211,459,421,259.1100152444903
32,217,128,260.43233286210835
29,206,127,261.03064954139006
60,316,153,261.19150062741323
218,456,458,263.46916328101855
217,457,457,264.1703995530158
222,458,461,266.20480837129895
65,322,150,266.54080363051355
249,414,550,266.8107943843352
61,321,144,271.4719138327205
265,403,582,279.35103364763125
56,321,135,279.58898404622454
240,455,507,279.58898404622454
119,421,214,279.7087771236362
230,462,493,280.40149785619906
67,331,135,283.98943642325855
57,323,131,284.05985284795173
208,486,380,284.1126537132762
64,328,133,284.43101096751036
251,455,518,284.445073784026
206,486,372,284.45034716097643
234,467,492,284.6770099604111
43,293,118,284.9227965607526
199,486,364,285.01228043717697
214,487,417,286.4716390849188
267,412,583,286.574597618142
11,161,101,289.9137802864845
4,149,102,290.8693864950383
107,414,187,292.138665705175
8,158,99,292.3302926485724
113,422,191,295.3116997343654
275,285,672,295.8800432607782
12,167,94,296.0760037557924
250,478,496,296.37813684548325
9,164,93,297.4373883693844
2,143,96,297.90099026354375
6,157,93,298.41246622753545
256,474,511,298.5180061570826
260,473,514,298.8594987615418
3,146,94,299.2858165700473
259,475,511,299.4294574687
122,435,197,301.2806001056158
237,493,468,301.7962889102515
282,316,671,305.09834480049216
270,452,563,305.16389039334257
5,162,84,306.6202863477888
91,405,157,307.52235691084314
285,346,660,307.7661449867415
125,443,196,308.13146544940844
19,190,79,309.23292192132453
277,429,599,309.9193443462347
111,426,172,311.17840542042757
225,509,441,311.5413295214617
293,353,661,311.9775632958242
294,347,665,312.65636088203934
23,200,75,313.0063897111367
263,492,507,313.4661066207956
266,491,510,313.6957124348371
231,512,441,314.49801271232224
287,418,617,314.79675983084707
296,350,666,314.94126436527813
155,470,218,317.37044600907626
233,515,441,317.45550869373807
20,199,67,321.01401838549043
118,438,170,321.27869521647403
126,451,184,321.895945920417
302,350,675,322.9133010577297
243,521,443,323.70665733036753
235,524,431,324.8584307048226
304,347,681,326.9158913237471
306,350,680,327.365239449762
35,260,65,328.16611647152115
246,527,439,328.977202857584
268,509,507,329.2567387313432
309,345,685,329.6331294029773
103,428,147,330.3891644712338
312,361,679,331.60518693168837
0,136,63,331.6338342208165
106,430,147,331.76045575083236
1,138,62,332.2228167961978
139,470,190,333.208643345277
305,277,713,333.54160160315837
316,364,681,334.8029271078734
313,297,710,335.72161086233336
317,351,689,335.86008991840635
185,515,265,336.3004608976919
318,349,691,336.77588987336964
226,539,404,337.37960815674677
320,361,687,338.64730915806786
311,274,719,338.74031351464504
187,520,263,341.68552793467853
97,425,127,343.29287787543745
291,505,552,344.53591975293375
203,535,296,345.4750352775147
319,275,726,345.79329085452196
202,535,292,346.5616828213991
322,280,726,346.88326566728466
328,368,694,348.12641382118653
329,368,695,349.0057306119772
324,285,727,349.0128937446294
325,289,727,349.9857139941572
327,286,731,353.1359511576243
321,470,618,353.16285195359944
280,536,507,354.565931809586
331,303,729,355.64307950528155
332,278,740,360.1110939696249
192,543,260,364.2320688791694
301,534,539,364.72592449673766
326,494,608,365.60087527247526
314,530,557,368.97831914626096
330,502,606,370.84228453616237
340,468,650,373.3630940518894
334,511,604,377.01060993027767
174,521,187,377.04376403807555
341,490,634,378.7611384500791
288,569,482,378.8469347902923
289,571,480,380.2959373961284
347,485,647,383.6274234201721
343,507,624,385.64361786499205
257,588,375,386.21884987659524
223,585,327,387.82728114458376
350,492,647,388.8200097731597
273,589,426,388.8611577414232
300,578,491,389.85253622363416
272,591,421,390.3972335967559
278,597,432,397.44307768534605
354,511,638,397.46823772472686
279,598,431,398.32775449370837
356,499,654,398.7041509691114
212,579,257,399.1115132390946
236,597,324,400.15122141510454
364,424,721,400.2161915765028
362,490,666,400.2848985410267
290,599,447,401.3601873629222
292,599,449,401.6590594023742
368,424,723,401.8818234257429
245,600,332,401.9203901271992
177,536,164,402.15917246781777
370,382,748,402.49223594996215
359,516,645,405.7647101461634
252,606,331,408.0012254883556
248,606,327,408.57924567946424
283,611,423,410.4948233534742
286,611,426,410.7614879708174
201,573,210,411.4911906711977
254,611,328,413.3775513982345
196,571,200,414.13162158907886
357,554,608,415.0951698104906
262,614,337,415.1445531378197
198,574,200,416.8069097315926
255,615,327,417.4805384685614
367,528,650,418.2343840479881
307,616,453,419.07159292894096
181,545,140,423.26469259790616
310,621,451,423.70980635335786
315,622,454,425.154089713365
284,628,400,426.1689805699143
348,602,543,428.981351576033
179,546,130,430.0
180,547,131,430.20227800419656
303,632,423,431.4220671222092
336,624,490,434.15204709870943
308,638,422,437.3236787552213
358,612,551,441.2131004401388
380,485,731,444.67741116454295
323,649,431,449.0634699015274
386,472,748,450.0
375,580,634,450.99889135118724
335,648,455,451.00443456799843
215,614,201,452.45220742085013
333,651,449,453.1247068964569
385,505,725,453.1864958270491
264,645,292,453.28247263709636
389,484,747,456.51396473711515
390,470,758,456.86321804233705
219,618,198,457.33576287012585
190,585,131,461.2352978686692
241,640,240,462.32888726533196
395,465,771,464.6052087525494
394,482,760,465.6006872847161
361,652,508,465.72524088780074
189,585,123,465.74027096655493
396,467,771,465.74027096655493
213,617,171,468.30972656992725
376,622,596,468.6832619157633
392,541,713,469.6232532573318
399,477,773,473.12788968734446
400,477,774,473.9419795713395
281,673,309,477.5793127847981
393,568,695,477.7080698501963
378,634,596,479.4663700406943
403,480,782,482.2032766375608
363,677,479,483.6382945962819
381,631,613,484.42336855275676
384,627,621,484.67927539765924
401,557,719,485.3720222674562
377,656,561,485.84462536905767
402,559,719,486.83672827756124
383,641,604,489.26168866977514
387,639,611,490.60982460607124
382,647,597,491.6360442441136
388,638,618,492.9462445338234
372,681,508,493.8025921357643
373,680,512,493.8218302181466
374,680,523,496.6980974394808
344,700,398,498.1003914874992
351,701,414,499.676895603549
352,701,417,499.84197502810827
404,587,710,501.9053695668139
271,683,243,502.3803340100008
274,688,240,508.0354318352215
247,669,168,516.2257258215634
276,695,234,516.4929815592851
405,599,719,516.884900147025
224,658,144,517.1769523093619
371,720,433,519.950959225964
337,720,338,520.4075326126631
391,700,553,524.6227215819002
345,727,350,526.3734415792651
239,668,143,526.479819176386
238,668,142,526.9459175285449
220,643,99,527.2589496632561
349,731,353,530.1565806438698
346,731,346,530.664677550711
338,730,326,531.6276892713546
379,726,482,532.3645367602917
339,733,324,534.8429676082504
342,735,327,536.4792633457513
355,738,361,536.6796064692602
406,661,669,538.1839834108778
408,675,660,545.6308275748356
258,687,134,547.4860728822241
409,675,665,548.1404929395383
261,689,134,549.2585911936198
295,723,211,550.2453997990351
365,754,364,552.5214927946242
366,755,364,553.5205506573355
369,756,363,554.5637925432925
407,702,628,554.616984954482
360,758,331,558.9141257832011
411,704,635,559.475647369928
412,710,632,563.5601121442148
410,722,614,566.98853603931
397,763,492,570.5584983154663
398,765,489,571.9877621068479
413,688,693,573.7778315689793
297,737,165,579.6153897197693
269,714,114,580.706466297733
298,738,164,580.9234028682267
299,741,166,582.9279543820145
414,724,658,587.6937978233223
353,781,246,596.158535961702
415,705,711,597.7775505988828
