330,502,606,9.219544457292887
326,494,608,17.46424919657298
343,507,624,20.396078054371138
354,511,638,34.0
341,490,634,36.61966684720111
359,516,645,41.30375285612676
357,554,608,43.18564576337837
321,470,618,43.32435804486894
350,492,647,47.01063709417264
367,528,650,49.040799340956916
347,485,647,50.24937810560445
314,530,557,50.695167422546305
356,499,654,51.419840528729765
291,505,552,52.3450093132096
340,468,650,62.96824596572466
362,490,666,65.45991139621256
301,534,539,68.9492567037528
270,452,563,71.84705978674423
375,580,634,75.23961722390672
277,429,599,82.15229759416349
287,418,617,93.90420650854784
266,491,510,96.1041102138717
268,509,507,97.02061636580135
260,473,514,97.6933979345585
263,492,507,98.84331034521254
259,475,511,99.72462083156798
256,474,511,100.08995953640904
280,536,507,100.16985574512923
267,412,583,101.20276676059801
251,455,518,102.62553288534
393,568,695,107.37783756436893
348,602,543,109.55363982999378
265,403,582,110.21796586763884
249,414,550,111.01801655587259
376,622,596,111.28791488746656
240,455,507,112.0044641967453
250,478,496,112.92918134831227
392,541,713,113.05308487608819
358,612,551,114.06138698087096
384,627,621,117.23907198540937
234,467,492,120.33287165193059
381,631,613,120.33702672078948
385,505,725,121.1486689980538
230,462,493,121.33424908079334
378,634,596,123.25988804148737
401,557,719,123.8587905640936
402,559,719,124.61540835707277
388,638,618,127.76932339180638
387,639,611,128.191263352851
380,485,731,129.634100452003
383,641,604,130.0
404,587,710,130.43005788544295
300,578,491,131.36970731489052
288,569,482,135.08515832614626
382,647,597,136.1800279042415
237,493,468,137.18600511714013
289,571,480,137.7534028617805
405,599,719,144.80676779764127
389,484,747,145.52662986546483
364,424,721,145.8012345626744
368,424,723,147.41099009232656
386,472,748,149.18780110987626
377,656,561,151.24152868838638
222,458,461,152.50573759698355
218,456,458,156.01602481796542
217,457,457,156.60459763365824
394,482,760,158.67261893597143
390,470,758,159.3643623900902
336,624,490,160.51479682571323
243,521,443,161.31026005806325
231,512,441,163.00306745579974
225,509,441,163.01226947687098
233,515,441,163.04907236779974
406,661,669,163.47782724271815
246,527,439,165.77394246382633
316,364,681,165.94577427581578
312,361,679,167.70509831248424
293,353,661,167.96725871431016
228,344,581,168.57639217873896
227,344,580,168.71573726241425
328,368,694,168.9644933114647
329,368,695,169.49926253526885
361,652,508,170.57842770995398
320,361,687,171.4322023425004
399,477,773,172.38619434281853
296,350,666,172.52536045462998
396,467,771,172.69916039170545
395,465,771,173.21951391226105
408,675,660,173.29743217947575
400,477,774,173.3666634621547
235,524,431,173.4877517290486
285,346,660,174.24408167854654
294,347,665,174.9771413642365
409,675,665,174.9771413642365
302,350,675,175.96022277776305
306,350,680,178.03651310896873
292,599,449,178.23860412379804
290,599,447,179.98055450520204
403,480,782,180.6792738528689
304,347,681,181.1767093199344
317,351,689,181.1767093199344
318,349,691,183.88311504866346
307,616,453,183.91846019364124
309,345,685,184.70787747142785
315,622,454,186.60385848100785
209,350,509,186.93849255838134
210,348,512,187.17104476921637
374,680,523,187.40864441108366
194,392,458,188.35339126227592
310,621,451,188.43831882077487
214,487,417,188.53381659532593
211,459,421,190.24457942343588
278,597,432,192.3018460649819
373,680,512,192.41881404893857
407,702,628,192.50194804209124
370,382,748,193.33132182861627
279,598,431,193.64400326372103
273,589,426,194.33990840792325
372,681,508,195.2331938989884
411,704,635,195.47378340841516
391,700,553,195.76005721290542
413,688,693,198.11612756158948
272,591,421,199.7223072167954
412,710,632,200.9601950635996
226,539,404,201.9504889818294
335,648,455,202.41047403728888
286,611,426,204.16659863944446
282,316,671,206.1892334725555
283,611,423,206.7873303662485
363,677,479,207.80038498520642
333,651,449,208.86598574205422
410,722,614,211.23683390924037
205,315,524,211.69789795838787
221,301,576,211.85844330590177
242,299,615,212.2851855405836
244,299,616,212.33935103979195
253,299,623,212.8497122384712
207,307,533,216.00231480241132
303,632,423,217.7200036744442
216,295,574,218.07338214463496
197,308,522,218.93606372637652
414,724,658,219.73848092675985
323,649,431,221.29844102478444
415,705,711,221.55134844996994
308,638,422,221.93016919743022
208,486,380,225.39077177204928
195,300,524,225.656819085974
204,296,535,225.80079716422614
232,283,616,228.31557108528537
191,298,521,228.60008748904713
188,297,512,232.93775992741064
206,486,372,233.34309503390068
284,628,400,235.17015116719213
275,285,672,236.00847442411893
313,297,710,238.81373494839028
199,486,364,241.29857024027308
257,588,375,241.59884105682295
331,303,729,242.6705585768492
229,265,622,246.6576574931336
379,726,482,247.2023462671825
178,417,372,250.3197954617253
171,307,455,252.62026838715852
325,289,727,253.7971631047124
324,285,727,257.30332294783915
305,277,713,258.14143410154054
327,286,731,258.36795466930494
186,268,514,259.13124087998347
184,269,509,259.97884529322766
322,280,726,261.2374398894615
193,255,546,262.48809496813374
311,274,719,263.4274093559742
319,275,726,265.6689669494727
352,701,417,266.58769664033633
351,701,414,268.70057685088807
332,278,740,269.7869529832753
371,720,433,270.04073766748604
159,321,408,272.97618943783357
164,301,429,273.3587386567329
156,327,401,273.97992627198073
397,763,492,275.7680184502909
158,307,418,276.06520968785617
157,308,416,276.68212808202844
154,307,416,277.41665415039523
161,294,430,278.14564530116235
398,765,489,278.8207309365643
344,700,398,279.56573466717987
162,284,438,281.2205540141047
163,283,439,281.44093518889537
148,305,412,281.60255680657446
145,322,394,282.5261049885479
160,282,438,282.83740912404073
152,289,427,283.9242856819402
143,305,406,285.72714256787015
144,302,409,285.84261403786525
262,614,337,286.1782661209617
245,600,332,286.1904959987316
151,283,431,286.2044723619811
223,585,327,286.7141433553636
149,283,429,287.4178143400301
150,279,433,288.20999288713085
141,296,412,288.25162618795406
252,606,331,289.05708778717053
140,294,412,289.74644087546613
142,287,419,290.51850199255813
147,276,432,291.2198482246703
136,300,403,291.41379514360676
146,275,431,292.61749776799064
248,606,327,292.8378390850472
236,597,324,292.9095423505352
254,611,328,293.55749011054036
133,307,392,294.2108087749327
132,309,390,294.27877939124323
134,297,402,294.27877939124323
135,296,403,294.3229518742974
137,281,418,295.79722784367
255,615,327,295.8800432607782
131,284,407,300.5628054167714
130,295,394,301.2573650551966
127,297,388,304.059204761178
153,245,455,304.8885042109656
203,535,296,308.93364983439403
165,230,475,309.19573088902763
200,203,574,309.45758998609165
202,535,292,312.9217154497271
124,340,336,317.90721916936707
169,205,508,320.7054723574264
129,384,307,323.0139315880973
168,201,508,324.5242671973854
176,197,521,324.7845439672276
183,190,538,327.7148150450327
355,738,361,332.53270515845503
345,727,350,333.4246541574273
110,296,349,333.54160160315837
349,731,353,333.76788341600513
120,360,306,334.07334524023315
121,363,303,335.41765010207797
281,673,309,336.55460181076114
172,185,519,336.89909468563434
170,185,518,337.1527843574779
175,183,524,337.61516553614706
182,180,536,337.91271062213684
117,357,303,338.10797092053303
337,720,338,338.28538248053223
185,515,265,339.0235979987234
346,731,346,339.0634158973805
264,645,292,339.5585369269929
187,520,263,341.11874765248535
365,754,364,341.5391632009424
114,239,397,341.80842587625017
366,755,364,342.25136961011566
369,756,363,343.6655350773481
102,315,321,344.2455518957362
192,543,260,345.48516610702694
123,385,282,345.77449298639715
99,316,313,350.2941620980858
98,317,311,351.40432552830083
173,167,528,352.29533065313257
212,579,257,353.60005656108143
104,344,292,353.88274894377093
338,730,326,353.89970330589426
342,735,327,356.23728047468586
339,733,324,357.3289800729854
166,168,503,357.56118357562247
167,166,504,359.2005011132362
95,319,300,359.5552808679077
105,358,277,361.0235449385538
112,376,266,363.9629101982783
89,283,320,364.1977484828812
100,207,399,366.6619696668854
360,758,331,368.1548587211637
109,376,256,373.26800023575555
101,191,408,375.2545802518605
93,206,385,375.48102482016316
94,202,388,377.01060993027767
241,640,240,386.18259929727543
92,354,251,386.33922917560415
155,470,218,388.171353914737
90,177,392,395.60080889704966
201,573,210,398.84834210511644
271,683,243,399.88123236781195
119,421,214,400.24992192379
274,688,240,404.7530111067736
79,280,269,406.92259706238974
80,203,337,407.6186943701184
196,571,200,408.431144747802
198,574,200,408.8826237442721
276,695,234,413.2263302356228
125,443,196,413.62785206027894
122,435,197,414.03502267320334
215,614,201,415.9543244155541
139,470,190,416.0252396189443
174,521,187,417.1198868430993
219,618,198,419.8630729178264
138,105,496,420.11903075200007
113,422,191,422.48076879308957
86,161,365,423.8171775659878
126,451,184,424.26406871192853
74,198,317,424.6622187103534
107,414,187,428.1331568566023
88,133,402,428.5883806171138
128,96,482,432.560978360277
96,111,428,437.0080090799252
118,438,170,440.096580309368
62,239,258,440.1136216933077
111,426,172,440.2828636229214
177,536,164,440.70965498840616
59,245,248,444.40072007142385
58,244,248,445.0
213,617,171,445.7858230136979
82,350,188,446.068380408206
295,723,211,446.5344331627741
54,228,258,446.99552570467637
81,350,187,447.0011185668331
353,781,246,448.4016057063132
72,143,334,456.4252403187186
91,405,157,459.396343041605
51,207,258,460.5778978631085
50,208,257,460.6712493742148
49,209,254,462.28129964340974
247,669,168,463.74561992540697
48,227,237,464.05279872014563
106,430,147,464.1228285701965
103,428,147,464.47604889811055
181,545,140,465.2440219927603
47,241,221,468.60324369342555
63,128,330,470.91931368335275
46,243,216,471.55911612437313
45,240,217,472.451055666087
44,206,242,473.3592715897725
180,547,131,474.3680006071236
179,546,130,475.2904375221534
190,585,131,478.7535900648683
116,50,465,481.49974039453025
39,207,230,481.9668038361148
42,227,214,482.44792465094093
224,658,144,482.9171771639522
115,47,465,484.3727903175404
97,425,127,484.69062297510976
38,219,215,486.4000411184193
189,585,123,486.6590182047385
239,668,143,487.0010266929629
108,47,455,487.33663929567206
238,668,142,487.9477431037057
41,155,270,488.15161579165135
37,215,215,488.8118247342222
40,154,270,488.8813762049031
60,316,153,491.35119822790705
65,322,150,491.7692548340126
297,737,165,493.7580379092577
299,741,166,494.7160801914569
298,738,164,495.10503936033615
61,321,144,497.69468552517213
78,59,386,501.8246705772844
258,687,134,501.8724937670922
67,331,135,502.3554518465984
261,689,134,502.57735722971046
84,53,397,502.6062076815208
71,71,357,504.58795070829825
64,328,133,505.30188996282214
56,321,135,506.0247029543123
76,56,382,506.269690975077
69,71,353,506.55799273133573
70,68,357,507.20607251885303
68,70,353,507.42684201764496
85,47,398,507.6731231806545
57,323,131,508.9921413931653
75,57,372,509.8431131240276
73,59,368,509.9019513592785
83,44,398,510.4164965986111
87,41,402,511.57013204447344
55,72,341,511.75189301066587
77,46,388,512.7192214068046
53,70,339,514.4958697599039
66,62,352,514.8834819646091
52,71,336,515.1931676565597
220,643,99,521.9664740191654
269,714,114,530.3857087064092
43,293,118,532.6537336769545
36,87,280,533.6215887686704
34,220,138,549.396942110165
31,122,216,549.4224240054277
33,215,135,554.5962495365435
28,121,209,555.0900827793629
27,177,159,556.4000359453619
30,206,136,558.6134620647805
32,217,128,559.4747536752664
26,160,166,561.2886957707237
29,206,127,566.1748846425457
25,129,184,567.7358540730011
24,138,162,578.3536980084073
22,134,162,580.9414772591126
21,135,161,581.0550748423078
18,131,153,589.7465557339017
17,129,152,591.8006421084722
35,260,65,594.5771606780738
16,109,162,597.4679907744012
14,106,162,599.4906171075575
15,100,167,599.9083263299485
13,110,157,600.5081181799294
10,114,150,603.0961780678103
7,109,150,606.3992084427551
11,161,101,612.7878915252813
23,200,75,613.6464780311218
12,167,94,615.1715207972488
19,190,79,615.3584321352881
8,158,99,616.144463579768
9,164,93,617.6811475186854
4,149,102,618.9087170172998
20,199,67,621.0579683089172
6,157,93,621.6405713915398
5,162,84,626.2595308655989
3,146,94,627.1562803639935
2,143,96,627.2862185637431
1,138,62,657.9460464202213
0,136,63,658.2598271199603
