185,515,265,5.385164807134504
192,543,260,23.194827009486403
202,535,292,32.64965543462902
203,535,296,36.24913792078372
212,579,257,59.30430001273095
155,470,218,67.26812023536856
201,573,210,74.95331880577403
174,521,187,76.00657866263946
196,571,200,81.05553651663777
198,574,200,82.97590011563598
139,470,190,88.48163651289458
223,585,327,91.21951545584969
236,597,324,98.2344135219425
177,536,164,100.2845950283492
125,443,196,102.06860437960343
126,451,184,104.89041900955492
245,600,332,105.64563407921787
199,486,364,106.56922632730333
248,606,327,107.20074626605917
122,435,197,107.61505470890214
252,606,331,109.63576058932597
119,421,214,110.46266337545913
254,611,328,111.83022847155415
215,614,201,112.60550608207397
206,486,372,114.17968295629481
255,615,327,114.54693361238441
219,618,198,117.5967686630887
262,614,337,119.63277142990545
113,422,191,121.60592090848209
208,486,380,121.8400590938793
241,640,240,122.18428704215611
118,438,170,123.98790263570072
181,545,140,125.51493934986385
264,645,292,128.3199127181748
107,414,187,130.43005788544295
111,426,172,130.83195328359201
257,588,375,131.0267148332736
213,617,171,133.6899397860587
180,547,131,134.73306943731373
179,546,130,135.51752654177244
123,385,282,136.33048081775402
226,539,404,142.27438279606065
129,384,307,142.9405470816451
112,376,266,144.03124660989366
109,376,256,144.1700384962146
106,430,147,146.81961721786362
190,585,131,147.13599151805107
103,428,147,148.05404418657398
178,417,372,149.96666296213968
189,585,123,154.35349040433132
91,405,157,156.40012787718558
214,487,417,157.4960316960399
281,673,309,159.76545308670458
121,363,303,162.0154313638056
105,358,277,162.60381299342276
271,683,243,164.2224101637776
120,360,306,165.67739737212196
97,425,127,165.89454481688057
92,354,251,166.43316977093238
117,357,303,167.83622970026465
235,524,431,168.04761230080004
211,459,421,169.36646657470303
274,688,240,169.5670958647343
272,591,421,173.21951391226105
284,628,400,174.4505660638566
246,527,439,176.13914953808538
247,669,168,176.70880000724355
273,589,426,177.00282483621552
276,695,234,177.38658348364456
233,515,441,178.07021087200408
231,512,441,178.1796845883391
225,509,441,178.33956375409244
104,344,292,178.3732042656632
243,521,443,180.00277775634464
224,658,144,182.22239159883728
283,611,423,184.06792224611002
279,598,431,185.22418848519757
278,597,432,185.71483516402236
82,350,188,185.80904176062046
81,350,187,186.2149295840696
286,611,426,186.6815470259447
239,668,143,190.53608582103286
238,668,142,191.1674658512792
124,340,336,194.23954283306992
303,632,423,195.30488985173923
308,638,422,198.00252523642217
290,599,447,200.24235316236172
292,599,449,202.08166665979377
217,457,457,203.9730374338726
95,319,300,204.37710243566914
220,643,99,205.0
218,456,458,205.23401277566055
237,493,468,206.77040407176264
222,458,461,207.48011952955878
98,317,311,208.5976989326584
295,723,211,209.55428890862626
99,316,313,210.03809178337153
258,687,134,211.0213259365034
323,649,431,211.81359729724625
261,689,134,212.60761980700502
307,616,453,212.8755504984074
102,315,321,213.04694318389082
310,621,451,213.41274563624359
337,720,338,213.60009363293827
315,622,454,216.52944372532804
338,730,326,219.24643668712156
339,733,324,221.56263222845138
289,571,480,222.91253890259293
342,735,327,224.32342722060932
288,569,482,224.4147945212169
345,727,350,224.53952881397075
344,700,398,225.0
346,731,346,226.73773395709856
333,651,449,227.50164834567684
65,322,150,227.9758759167294
67,331,135,228.26519664635694
349,731,353,229.3926764306132
335,648,455,230.7552816296953
60,316,153,231.76712450216058
61,321,144,231.86634080866503
64,328,133,231.87065359807826
194,392,458,233.25736858671797
234,467,492,235.05318547086316
300,578,491,235.26155657055403
351,701,414,235.71593073019056
56,321,135,236.61149591682988
250,478,496,236.75514777930383
57,323,131,237.1349826575573
230,462,493,237.2003372678884
156,327,401,237.26145915424192
145,322,394,237.41314201197878
352,701,417,237.64890069175578
297,737,165,238.10291892372928
355,738,361,239.01464390283704
298,738,164,239.42639787625757
110,296,349,239.9416595758227
79,280,269,240.0749882849107
299,741,166,241.3503677229434
89,283,320,243.7580767892625
268,509,507,244.24782496472716
280,536,507,244.5240274492468
269,714,114,244.6160256401857
263,492,507,245.60130292814003
159,321,408,246.22347572885897
132,309,390,246.272207120495
360,758,331,247.52373623553763
266,491,510,248.69660230891776
133,307,392,249.0180716333656
336,624,490,249.68980756130196
259,475,511,252.04959829366916
256,474,511,252.23005372080465
240,455,507,252.50940576540907
365,754,364,254.86663179004034
260,473,514,255.36248745655655
127,297,388,255.64428411368795
366,755,364,255.78506602223672
369,756,363,256.3123094976127
143,305,406,258.21309029559285
130,295,394,260.357446599862
136,300,403,260.76809620810593
157,308,416,261.444066675838
353,781,246,261.5530538915575
148,305,412,261.5836386320826
154,307,416,262.25560051217207
144,302,409,262.37377917772193
371,720,433,262.48809496813374
134,297,402,262.77366686941826
251,455,518,263.1539473388153
158,307,418,263.4274093559742
135,296,403,264.1514716975849
363,677,479,267.02996086581743
141,296,412,269.02973813316623
43,293,118,269.3584971743049
140,294,412,270.6972478618872
164,301,429,274.8035662068453
59,245,248,275.40878707840824
301,534,539,276.3548443577568
58,244,248,276.40730815229904
131,284,407,276.4633791300396
361,652,508,278.29660436304283
142,287,419,280.40149785619906
46,243,216,280.9590717524529
161,294,430,281.0071173475861
62,239,258,281.04448046528154
47,241,221,282.14358046923553
152,289,427,283.2966642938106
45,240,217,283.7534140763772
137,281,418,284.8613697923957
171,307,455,286.76296832052776
149,283,429,289.35272592460575
291,505,552,289.3890115398302
151,283,431,290.5047331800293
348,602,543,291.7601754866486
54,228,258,292.04280508172087
372,681,508,293.16548227920697
162,284,438,293.8043566729398
48,227,237,294.15132160165456
314,530,557,294.17001886664116
150,279,433,294.9254142999548
163,283,439,295.2033197645311
160,282,438,295.4132698441287
373,680,512,295.9746610775997
147,276,432,296.8113879216901
146,275,431,297.06733243492124
42,227,214,297.06901555025894
209,350,509,299.0250825599752
379,726,482,300.66093860027775
358,612,551,302.3375596911505
210,348,512,302.63013729633735
38,219,215,304.8032152061392
374,680,523,305.28675044947494
249,414,550,305.94934221207274
270,452,563,307.61014287568605
37,215,215,308.7539473431878
49,209,254,311.1301978272119
114,239,397,311.3149530620076
50,208,257,312.05768697470023
51,207,258,313.0399335548102
44,206,242,314.701445818096
39,207,230,314.7348090059312
34,220,138,325.0
80,203,337,325.5226566615602
74,198,317,326.49655434629017
35,260,65,326.8088126106761
377,656,561,327.566787083184
33,215,135,330.77031305726337
32,217,128,331.71373200396755
205,315,524,331.8825093312391
398,765,489,333.3181663216093
397,763,492,333.9011829868232
188,297,512,334.26037755019667
197,308,522,334.7013594235912
153,245,455,335.393798392278
93,206,385,336.8679266418814
267,412,583,337.7336228449871
30,206,136,338.71079108879894
265,403,582,339.7793401606401
191,298,521,340.364510488388
334,511,604,341.11874765248535
100,207,399,341.2696880767467
391,700,553,341.32096331752024
195,300,524,341.35172476494097
94,202,388,341.68552793467853
29,206,127,342.18708333307967
330,502,606,343.4719784785944
207,307,533,343.9026024908797
326,494,608,345.9783230203881
357,554,608,346.6713140714126
277,429,599,348.104869256378
376,622,596,348.2714458579687
184,269,509,351.4498541755282
378,634,596,351.9730103289171
204,296,535,352.3634487287238
186,268,514,355.6754138255834
382,647,597,357.33037934102384
27,177,159,358.42014452315595
321,470,618,358.50383540486706
165,230,475,359.22694776422327
101,191,408,359.53581184633055
343,507,624,361.23399618529817
383,641,604,361.8314524747676
227,344,580,362.58102542742085
228,344,581,363.45563690772497
41,155,270,365.0671171168392
40,154,270,366.06693377031473
90,177,392,366.4560000873229
381,631,613,367.17979247229823
387,639,611,367.78390394360656
287,418,617,368.40195439221003
23,200,75,371.1387880564358
341,490,634,372.21096168705185
26,160,166,372.83910739084223
86,161,365,373.20905669610966
384,627,621,373.6482302915404
388,638,618,374.0975808529106
354,511,638,375.10798445247735
375,580,634,375.82043584669526
20,199,67,376.10769734213096
19,190,79,377.8306498948967
221,301,576,382.0078533224154
359,516,645,382.02094183434497
72,143,334,383.6274234201721
216,295,574,383.8567441116542
350,492,647,385.01948002666046
347,485,647,385.59175302384256
367,528,650,387.0826785068017
193,255,546,387.7034949545851
340,468,650,390.4779123074697
12,167,94,391.3693907295255
356,499,654,391.56353252058597
11,161,101,393.8591118661596
9,164,93,394.50728763864424
24,138,162,395.12656200260693
8,158,99,397.4166579296847
63,128,330,397.68454835459727
21,135,161,398.2825630127435
25,129,184,398.9009902218845
22,134,162,398.9949874371857
169,205,508,399.06139878469827
5,162,84,400.2561679724624
31,122,216,400.7655174787372
6,157,93,400.83537768016436
168,201,508,402.2263044605611
28,121,209,402.63755413522966
362,490,666,404.11508261880056
18,131,153,404.2536332551632
4,149,102,404.4279911183201
410,722,614,404.97530788925883
17,129,152,406.45048898974153
407,702,628,407.85904427878023
3,146,94,410.41076983919413
88,133,402,411.2055447096987
2,143,96,412.33239019024444
176,197,521,413.3920657196991
411,704,635,415.0180718956706
412,710,632,415.04337122763445
242,299,615,415.62603383330065
244,299,616,416.473288459176
170,185,518,421.0106887004177
10,114,150,421.4320823098308
172,185,519,421.61712488939537
253,299,623,422.4227740072734
16,109,162,423.22807090267537
13,110,157,423.4808142053191
232,283,616,425.17996189848833
166,168,503,426.03286258221914
14,106,162,426.1419951143046
408,675,660,426.1854056628406
7,109,150,426.2510997053263
175,183,524,426.2510997053263
167,166,504,428.24875948448465
183,190,538,429.563732174866
406,661,669,429.78715662523
15,100,167,430.8317537043898
409,675,665,430.84684053617013
293,353,661,431.6167281280928
1,138,62,431.65379646193315
0,136,63,432.9618920875139
36,87,280,433.33358974351387
285,346,660,433.45703362617155
393,568,695,434.658486630596
182,180,536,436.0378423944417
296,350,666,437.3888430218585
294,347,665,437.6448331695463
229,265,622,440.347589978644
96,111,428,441.02834376035287
173,167,528,441.40004531037374
200,203,574,444.08332551448046
414,724,658,444.5683299561497
312,361,679,445.350423823757
302,350,675,445.69496295111975
316,364,681,446.1614057714988
306,350,680,450.32099662351965
392,541,713,450.48973351231876
404,587,710,451.9933627831276
304,347,681,452.3858972160825
320,361,687,452.83219850182917
55,72,341,454.73948585976126
52,71,336,454.89559241654564
282,316,671,456.1578674099571
53,70,339,456.3726547460967
309,345,685,456.84680145536754
328,368,694,457.0175051351972
401,557,719,457.4986338777418
402,559,719,457.6647244435603
69,71,353,457.93121754254753
329,368,695,457.96069700357475
317,351,689,458.29793802721827
71,71,357,458.73412779081525
68,70,353,458.9117562233506
318,349,691,460.89586676384937
413,688,693,461.6535497534921
70,68,357,461.6708784404752
385,505,725,462.24344235478344
405,599,719,462.7926101397904
66,62,352,466.56725131539184
364,424,721,467.9529890918531
380,485,731,469.30693581066964
368,424,723,469.9106298010293
275,285,672,471.7054165472345
73,59,368,472.80651433752473
75,57,372,475.6574397610112
138,105,496,475.9348694937155
78,59,386,477.12681752339176
128,96,482,477.21797954393963
76,56,382,479.0167011702202
415,705,711,484.69474930104207
389,484,747,485.33699632317337
84,53,397,485.84462536905767
386,472,748,487.36946970445325
77,46,388,490.2050591334202
85,47,398,491.88819867933404
83,44,398,494.7736856381916
390,470,758,497.51884386422995
394,482,760,498.4505993576495
87,41,402,498.7604635493876
313,297,710,499.5377863585497
370,382,748,504.2509295975566
108,47,455,510.4831045196305
396,467,771,510.7572809074776
395,465,771,510.96868788605826
305,277,713,511.4186152263134
116,50,465,511.57013204447344
399,477,773,511.8095348857815
400,477,774,512.8060062050756
331,303,729,514.0476631597502
115,47,465,514.3277165387842
311,274,719,518.1235373923868
325,289,727,518.3213289070786
324,285,727,520.1163331409618
403,480,782,520.5391435809606
322,280,726,521.5064716760473
327,286,731,523.2399067349508
319,275,726,523.8263070904325
332,278,740,534.8766212875638
