52,71,336,58.240879114244144
53,70,339,61.40032573203501
55,72,341,62.81719509815764
63,128,330,64.66065264130884
40,154,270,67.7421582177598
41,155,270,68.73136110975832
31,122,216,72.94518489934754
69,71,353,74.73285756613352
68,70,353,74.95331880577403
66,62,352,76.21679604916491
72,143,334,77.79460135510689
71,71,357,78.64477096412705
28,121,209,78.7210264160726
70,68,357,79.30952023559341
73,59,368,92.34717104492157
75,57,372,96.76776322722355
25,129,184,104.78549517943789
76,56,382,106.60675400742676
78,59,386,109.63576058932597
86,161,365,112.69871339105873
15,100,167,113.7453295744489
77,46,388,115.52056094046635
74,198,317,117.00427342623003
14,106,162,119.5198728245642
16,109,162,120.03332870498926
84,53,397,121.8400590938793
51,207,258,122.0
50,208,257,123.1665539016173
85,47,398,124.59534501738017
49,209,254,124.73972903610141
44,206,242,124.91997438360288
13,110,157,125.13193037750197
83,44,398,125.59060474414477
22,134,162,127.01574705523721
21,135,161,128.3160161476345
24,138,162,128.5496013218244
80,203,337,129.24782396620841
39,207,230,130.0
87,41,402,130.38404810405297
88,133,402,130.38404810405297
7,109,150,131.84839779079607
10,114,150,132.7742444904131
18,131,153,134.40610105199838
17,129,152,134.7145129523913
26,160,166,135.36986370680884
54,228,258,142.70599146496969
37,215,215,143.55835050598765
90,177,392,143.68020044529447
48,227,237,146.4547711752676
38,219,215,147.13599151805107
96,111,428,149.9333185119305
27,177,159,150.8011936292283
62,239,258,153.5838533179839
42,227,214,154.77725931156684
94,202,388,157.76247969653622
93,206,385,158.70097668256489
58,244,248,160.22796260328596
59,245,248,161.20794025109308
47,241,221,164.9151296879701
101,191,408,164.92422502470643
45,240,217,165.46298679765212
46,243,216,168.61791126686393
100,207,399,169.0
108,47,455,179.51323071016242
30,206,136,186.80738743422327
4,149,102,188.4887264533346
116,50,465,188.66372200293304
115,47,465,189.274932307477
114,239,397,191.81501505356664
2,143,96,192.33304448274092
79,280,269,193.31321734428818
33,215,135,193.4140636044856
11,161,101,193.6930561481232
29,206,127,193.82982226685345
8,158,99,194.42736432920137
34,220,138,194.5584745005984
3,146,94,195.13328778042973
6,157,93,199.6722314193939
32,217,128,200.0099997500125
89,283,320,200.0399960007998
128,96,482,202.20039564748632
9,164,93,202.2325394193526
12,167,94,202.47468977627796
5,162,84,209.85947679340097
138,105,496,216.74870241826133
110,296,349,220.0954338463204
0,136,63,222.46348014898985
1,138,62,223.8861317723811
19,190,79,225.85393509965684
99,316,313,231.36551169091732
102,315,321,231.65707414193074
98,317,311,232.07972767995054
95,319,300,232.86047324524614
23,200,75,234.081182498722
131,284,407,234.3885662740399
153,245,455,235.77319610167734
127,297,388,236.1440238498531
130,295,394,237.19190542680835
166,168,503,237.25513693068902
167,166,504,237.52263050075882
137,281,418,238.0756182392477
20,199,67,240.65119987234635
146,275,431,241.13274352522097
165,230,475,241.81397809059757
135,296,403,242.5077318355025
147,276,432,242.53865671269807
134,297,402,242.86621831782205
142,287,419,243.55902775302746
140,294,412,245.50560075077718
150,279,433,245.50560075077718
136,300,403,245.96341191323557
149,283,429,246.2051989702898
133,307,392,246.86838598735156
141,296,412,247.19425559668656
151,283,431,247.42069436488129
132,309,390,247.7579463912308
152,289,427,249.8259394058191
144,302,409,250.7309314783479
160,282,438,250.9760944791356
143,305,406,251.79356624028344
163,283,439,252.3826459961144
162,284,438,252.53316613862822
148,305,412,254.8489748851268
168,201,508,254.91174943497603
161,294,430,255.63450471327224
169,205,508,256.7255343747482
104,344,292,257.2800031094527
170,185,518,257.3868683519033
172,185,519,258.3118270617898
154,307,416,258.6426105652354
124,340,336,259.12352266824405
157,308,416,259.4937378820537
158,307,418,259.6998267230843
173,167,528,260.5839595984373
164,301,429,260.7623439072444
145,322,394,261.19150062741323
60,316,153,261.8587405453559
43,293,118,262.0686932847951
175,183,524,262.20602586515815
176,197,521,264.9169681239765
159,321,408,266.7208278331484
65,322,150,268.5609800399157
92,354,251,268.5702887513807
156,327,401,268.7768591229535
61,321,144,270.65106687393643
117,357,303,270.9778588741154
105,358,277,271.01660465735307
182,180,536,272.3692346796899
120,360,306,274.23530042647684
56,321,135,275.2834902423318
35,260,65,275.9601420495358
121,363,303,276.9566753122228
183,190,538,277.80028797681257
82,350,188,278.6269907959385
81,350,187,278.9587783167972
57,323,131,279.1003403795846
171,307,455,281.1138559374119
64,328,133,282.29417280560364
67,331,135,283.83269720030495
112,376,266,289.33890163612637
109,376,256,289.99482754007875
184,269,509,292.5149568825499
186,268,514,295.83272300406526
123,385,282,298.0067113338221
129,384,307,298.22474746405607
188,297,512,312.92810675936414
193,255,546,314.61087075941924
200,203,574,316.0569568922665
191,298,521,320.31546949843056
195,300,524,323.8904135660702
197,308,522,327.72702055216627
204,296,535,329.70592957967864
205,315,524,333.94610343586885
207,307,533,335.2745143908198
107,414,187,339.9676455193935
119,421,214,340.4585143596794
91,405,157,340.9589418097141
178,417,372,342.58429619584143
113,422,191,346.6208303030849
209,350,509,348.72625367184503
210,348,512,349.20624278497655
194,392,458,353.1416146533852
111,426,172,355.78785814021256
122,435,197,357.76109346881196
216,295,574,360.1388621073821
221,301,576,365.2560745559203
125,443,196,365.7758876689386
103,428,147,366.0191251833707
118,438,170,367.83284247059834
106,430,147,367.88313361718554
97,425,127,371.0161721542607
126,451,184,376.4465433497829
229,265,622,385.5489592775475
155,470,218,387.98582448331797
232,283,616,388.9884317045945
139,470,190,393.4323321741618
227,344,580,395.0303785786607
228,344,581,395.790348543266
242,299,615,396.4454565258631
244,299,616,397.290825466685
211,459,421,397.82533855952414
253,299,623,403.2282232185639
199,486,364,407.74624461789955
206,486,372,409.4691685585131
218,456,458,409.68890636676997
217,457,457,410.1572869034512
208,486,380,411.34049156386243
222,458,461,412.79777131181316
214,487,417,422.8108324061719
249,414,550,424.062495394252
185,515,265,428.2627698037736
230,462,493,431.27021691742175
240,455,507,432.3806193621541
187,520,263,433.33358974351387
234,467,492,435.13676011111727
265,403,582,437.10410659246844
251,455,518,438.25563316402446
275,285,672,439.16739405379354
174,521,187,443.85245296156694
267,412,583,444.3354588596323
250,478,496,446.6956458261038
237,493,468,447.4147963579211
202,535,292,448.160685468951
203,535,296,448.2856232359008
256,474,511,450.6994564008259
260,473,514,451.38896752136066
259,475,511,451.558412611259
225,509,441,451.66912668456763
282,316,671,453.1247068964569
231,512,441,454.47332154924123
192,543,260,456.43838576526406
233,515,441,457.28000174947516
285,346,660,459.8706339830801
270,452,563,461.85928593024954
235,524,431,462.3526792395606
243,521,443,463.6000431406365
177,536,164,463.7423853822292
263,492,507,464.27793400074484
294,347,665,464.5696933722647
293,353,661,464.6686991825466
266,491,510,464.88278092439606
296,350,666,467.08136336188795
277,429,599,467.68044645890427
246,527,439,467.8471972770597
226,539,404,468.7003307018249
287,418,617,472.36638322387
305,277,713,472.85198529772504
302,350,675,474.54609891979936
311,274,719,477.1687332590014
304,347,681,477.91317203023397
313,297,710,478.53944456021594
306,350,680,478.715990959149
181,545,140,478.919617472494
268,509,507,479.1795070743322
309,345,685,480.1968346417956
179,546,130,482.8881858153086
180,547,131,483.5297302131483
319,275,726,484.0041322137653
312,361,679,484.02169372870054
322,280,726,485.96810594935135
317,351,689,486.8028348315157
316,364,681,487.37049561909265
318,349,691,487.4064012710543
324,285,727,488.88955808035007
325,289,727,490.5231900736193
196,571,200,490.5670188669434
320,361,687,490.63734060913055
201,573,210,491.01527471149
212,579,257,492.5373082315694
327,286,731,492.9523303525403
198,574,200,493.52710158612365
332,278,740,498.07730323715816
331,303,729,498.2539513139861
291,505,552,498.70632640863903
223,585,327,500.21295465031693
328,368,694,500.35687264191745
329,368,695,501.1845967305859
280,536,507,503.12026395286443
257,588,375,509.92744581950086
321,470,618,510.8160138445153
236,597,324,511.8945203848152
245,600,332,515.6287424106612
301,534,539,516.6139758078559
190,585,131,519.812466183719
248,606,327,521.1237856786043
252,606,331,521.4997603067523
189,585,123,522.1618523025212
314,530,557,522.4729658078014
288,569,482,522.6164941905297
326,494,608,522.7169406093512
273,589,426,522.8001530221658
272,591,421,523.3516981915699
289,571,480,523.6945674723006
254,611,328,526.1938806181615
330,502,606,527.7319395299095
262,614,337,530.0735797981257
255,615,327,530.0877285883913
340,468,650,531.094153611203
278,597,432,532.1691460428724
279,598,431,532.8433165575036
215,614,201,532.8883560371722
334,511,604,533.6215887686704
300,578,491,534.417439835191
341,490,634,536.4000372856065
219,618,198,537.2941466273386
290,599,447,538.5471195726517
292,599,449,539.1706594391056
213,617,171,541.0924135487394
347,485,647,541.3806424319215
343,507,624,542.8959384633486
283,611,423,543.1620384378864
286,611,426,543.959557320211
350,492,647,546.5473447012619
370,382,748,553.2169556331404
284,628,400,554.1488969582092
241,640,240,554.4447673123086
354,511,638,554.9234181398367
364,424,721,555.0225220655465
356,499,654,556.4350815683713
307,616,453,556.569851860483
368,424,723,556.6129714622181
362,490,666,558.0367371419197
264,645,292,558.1290173427645
310,621,451,560.7111555872596
315,622,454,562.5842159179371
359,516,645,563.2637037835831
303,632,423,563.4483117376429
308,638,422,569.0035149276321
357,554,608,570.6776673394536
367,528,650,575.6570159391788
336,624,490,576.6012486979195
348,602,543,578.2681039102883
323,649,431,581.9321266264649
220,643,99,584.7195909151668
281,673,309,586.7171379804752
224,658,144,586.9727421269237
335,648,455,587.6614671730656
333,651,449,588.7758486894652
358,612,551,590.8180769069274
247,669,168,592.6786650454021
239,668,143,596.9338321790783
271,683,243,597.1473854920575
238,668,142,597.1641315417395
380,485,731,601.5022859474434
274,688,240,602.329643965827
386,472,748,606.0107259776843
375,580,634,606.9308033046271
361,652,508,609.269234411192
276,695,234,609.7376485013862
385,505,725,610.5317354568884
390,470,758,612.5136733167677
389,484,747,612.9420853555415
258,687,134,617.5078946863756
261,689,134,619.4513701655684
395,465,771,619.6490942460903
396,467,771,620.8711621584627
376,622,596,621.3541663174071
394,482,760,621.6309194369276
363,677,479,622.6564060539328
344,700,398,624.2539547331679
392,541,713,627.3794704961265
351,701,414,628.452066589012
399,477,773,628.60878135769
352,701,417,629.0985614353286
400,477,774,629.3933587193306
378,634,596,631.715917165303
377,656,561,634.6038134143223
393,568,695,635.2841883755647
337,720,338,635.651634151915
372,681,508,636.2546659946786
373,680,512,636.7676185234296
403,480,782,637.5366656122611
381,631,613,637.8283468144074
384,627,621,638.6556192503124
295,723,211,639.731975127084
374,680,523,640.8572383924519
383,641,604,641.7881270325901
401,557,719,643.1337341486606
382,647,597,643.4974747425199
387,639,611,643.6342128880348
345,727,350,643.8167441127949
402,559,719,644.596773184601
338,730,326,644.6433122277776
388,638,618,646.4093130517226
346,731,346,647.3731535984482
339,733,324,647.4967181384011
349,731,353,648.1242164894011
269,714,114,648.6023435048628
342,735,327,649.7022394912918
371,720,433,651.2280706480641
355,738,361,656.0198167738532
404,587,710,659.4694837519019
297,737,165,660.0946901770988
298,738,164,661.2541115184086
299,741,166,663.8614313243389
379,726,482,670.1678894127948
391,700,553,671.0424725753206
365,754,364,672.2685475314162
360,758,331,672.9353609374381
366,755,364,673.2607221574715
369,756,363,674.1290677607664
405,599,719,674.4368020800763
406,661,669,693.3952696694721
353,781,246,694.8323538811359
408,675,660,700.102849587116
409,675,665,702.8292822585013
407,702,628,706.632153245237
397,763,492,708.4631253636283
398,765,489,709.4822055555727
411,704,635,711.8384648219004
412,710,632,715.5648118793993
410,722,614,717.4824039654213
413,688,693,729.2256166646918
414,724,658,740.7111447791237
415,705,711,753.4487374732272
