294,347,665,3.1622776601683795
293,353,661,5.830951894845301
285,346,660,7.211102550927978
302,350,675,9.0
306,350,680,14.0
304,347,681,15.297058540778355
312,361,679,17.029386365926403
309,345,685,19.6468827043885
316,364,681,20.518284528683193
317,351,689,23.021728866442675
320,361,687,23.706539182259394
318,349,691,25.019992006393608
328,368,694,33.28663395418648
329,368,695,34.132096331752024
282,316,671,34.36568055487916
275,285,672,65.27633568147036
253,299,623,66.70832032063167
313,297,710,68.8839603971781
244,299,616,71.42128534267638
242,299,615,72.12489168102785
331,303,729,78.60025445251433
232,283,616,83.60023923410746
287,418,617,83.81527307120105
228,344,581,85.21150157109074
227,344,580,86.20904824900923
325,289,727,86.2670273047588
305,277,713,86.82165628459296
370,382,748,88.02272433866155
324,285,727,89.1403387922662
327,286,731,91.21951545584969
322,280,726,92.19544457292888
364,424,721,92.20086767487604
311,274,719,92.65527507918802
368,424,723,93.40770846134703
229,265,622,95.71311299921238
319,275,726,96.04686356149273
265,403,582,99.32270636667126
221,301,576,102.47438704378767
332,278,740,103.24727599312246
277,429,599,103.58571330062848
267,412,583,103.60019305001319
216,295,574,107.18675291284833
340,468,650,119.07980517283357
321,470,618,129.24395537122808
249,414,550,132.48396129343357
347,485,647,136.33048081775402
207,307,533,139.77839604173457
362,490,666,140.0
204,296,535,141.69333082400175
350,492,647,143.26548781894402
341,490,634,143.61058456812992
270,452,563,144.9586147836685
205,315,524,146.24978632463024
386,472,748,146.99659860010368
356,499,654,149.4824404403407
380,485,731,149.83324063771698
197,308,522,150.0
195,300,524,150.5456741324705
390,470,758,151.2084653714864
193,255,546,153.05227865013967
210,348,512,154.01298646542764
191,298,521,154.042202009709
326,494,608,155.24174696260025
395,465,771,155.72411502397438
389,484,747,156.5790535161073
209,350,509,157.0
396,467,771,157.20687007888682
394,482,760,162.04937519163718
343,507,624,162.5207679036744
188,297,512,162.8649747490233
330,502,606,163.41358572652396
354,511,638,163.41664541900252
385,505,725,165.8493292117879
399,477,773,166.06625183943908
400,477,774,166.71232707871366
359,516,645,167.32304085211933
334,511,604,172.52536045462998
186,268,514,172.70784579746226
200,203,574,173.4156855650607
403,480,782,174.22973339817747
184,269,509,176.6635219845908
367,528,650,178.71765441612084
251,455,518,181.46349495146399
240,455,507,190.541334098405
291,505,552,192.40841977418765
260,473,514,195.5326059765992
392,541,713,196.69773765857096
256,474,511,198.4968513604183
259,475,511,199.12307751739877
183,190,538,204.89997559785115
230,462,493,206.08978625831995
234,467,492,209.67832506007863
266,491,510,210.27838690650069
314,530,557,210.4305110957059
176,197,521,210.79373804740976
357,554,608,212.08488866489287
194,392,458,212.19802072592478
250,478,496,212.80037593951755
263,492,507,213.17832910500073
401,557,719,213.67732682715777
182,180,536,214.00934559032697
169,205,508,214.45046047980406
171,307,455,215.3369452741447
402,559,719,215.61539833694624
168,201,508,217.17504460687928
175,183,524,219.20994502987313
393,568,695,219.92044015961773
172,185,519,220.98416232843476
170,185,518,221.65062598603234
301,534,539,223.57325421436258
268,509,507,224.8599564173221
165,230,475,225.5681715136247
173,167,528,229.20078533896867
222,458,461,231.70886905770354
375,580,634,232.2154172315008
218,456,458,233.45235059857504
217,457,457,234.7977853387889
153,245,455,235.6819891294199
163,283,439,236.68122020980033
162,284,438,237.36048533822978
160,282,438,237.92435772740882
404,587,710,241.04978738841484
164,301,429,242.01239637671455
161,294,430,242.55308697272852
150,279,433,243.57750306627253
237,493,468,244.2396364229197
166,168,503,244.3215094910802
151,283,431,244.36448187083164
280,536,507,244.69777277286363
167,166,504,245.15301344262525
147,276,432,245.42208539575245
149,283,429,246.28844877500853
152,289,427,246.661711661944
146,275,431,246.6779276708802
158,307,418,251.70021851400924
157,308,416,253.50345165302977
154,307,416,253.67104683033892
405,599,719,254.57808232446092
142,287,419,254.9078264785136
137,281,418,257.41989045137905
148,305,412,257.9554225055174
159,321,408,259.6247291765559
141,296,412,259.6767220988435
140,294,412,260.0999807766237
144,302,409,261.444066675838
143,305,406,263.86549603917524
156,327,401,265.9962405749375
131,284,407,267.27700986055646
136,300,403,267.7106647109898
211,459,421,268.15294143454776
135,296,403,268.48649872945197
134,297,402,269.2675249635574
145,322,394,273.4373785714016
225,509,441,275.5104353740526
231,512,441,277.2525924134885
133,307,392,277.35356496717327
130,295,394,277.50495491071865
233,515,441,279.0161285660741
132,309,390,279.0286723618202
348,602,543,280.4157627523817
384,627,621,280.6314308839977
376,622,596,280.8629559055448
243,521,443,281.0160137785746
127,297,388,283.0070670495703
214,487,417,284.20063335608523
381,631,613,285.9545418418809
288,569,482,286.0367109306076
358,612,551,286.12759391572143
300,578,491,287.4178143400301
246,527,439,287.8506557227202
289,571,480,288.85463472134217
114,239,397,291.00171820798585
388,638,618,291.97260145431454
235,524,431,292.4055403031892
378,634,596,292.4995726492605
387,639,611,294.1870153490803
383,641,604,297.5315109362368
138,105,496,298.2029510249689
178,417,372,301.53772566629203
100,207,399,302.8828156234685
101,191,408,303.0594001181947
382,647,597,304.9098227345259
406,661,669,311.01446911679204
128,96,482,313.64310928187155
94,202,388,314.94126436527813
93,206,385,315.74831749353785
208,486,380,316.6891220108452
110,296,349,321.56647835245514
226,539,404,323.05572274763995
377,656,561,323.51352367404985
206,486,372,323.9320916488516
90,177,392,324.04474999604605
409,675,665,325.00153845789714
408,675,660,325.05537989702617
336,624,490,325.65626049563366
124,340,336,330.15148038438355
292,599,449,330.2877533303347
199,486,364,331.2099032335839
290,599,447,331.60518693168837
96,111,428,337.2906758272455
273,589,426,338.7048862948393
413,688,693,339.0766874911928
278,597,432,340.2425605358624
307,616,453,340.77118422777477
361,652,508,340.83427057735844
279,598,431,341.65626000411584
88,133,402,341.73820389298004
272,591,421,343.6655350773481
315,622,454,344.8593916366495
310,621,451,345.9277381188158
102,315,321,346.77081768799405
89,283,320,352.4272974671514
407,702,628,354.04519485512014
286,611,426,354.5715724645731
99,316,313,354.63361374804845
411,704,635,355.3547523250533
86,161,365,355.4180636940109
98,317,311,356.5305036038291
283,611,423,356.6090296108611
415,705,711,357.8407467016578
374,680,523,359.6512199339799
120,360,306,360.1388621073821
80,203,337,360.347054934545
129,384,307,360.60643366418185
116,50,465,361.1107863246403
412,710,632,361.6019911449604
117,357,303,363.0674868395682
121,363,303,363.23270777836075
115,47,465,363.60693062701654
373,680,512,364.1647978594307
335,648,455,365.1369606051954
372,681,508,366.7764987018661
95,319,300,367.31049535781034
391,700,553,367.78934187928826
108,47,455,369.2289262774519
333,651,449,371.06603185956
303,632,423,372.2539455801644
104,344,292,374.0481252459368
414,724,658,374.08555171243916
410,722,614,375.6168260341914
257,588,375,375.9321747336878
363,677,479,376.6935093680272
308,638,422,377.46523018683456
323,649,431,380.2972521594128
74,198,317,380.66389374354907
284,628,400,384.7596652457219
123,385,282,385.59175302384256
105,358,277,389.08225351460067
72,143,334,391.24544725785626
84,53,397,400.7118665575054
112,376,266,400.84410934925813
63,128,330,402.715780669196
79,280,269,403.1240503864784
78,59,386,403.832886228945
85,47,398,404.5157598907612
87,41,402,406.41973377285706
83,44,398,406.7677470006687
76,56,382,408.7688833558641
109,376,256,410.8235631022155
77,46,388,411.9465984809196
223,585,327,412.4875755704649
203,535,296,413.67257583746107
92,354,251,415.0192766607354
75,57,372,415.0722828616722
71,71,357,416.3195887776601
73,59,368,416.51530584121394
245,600,332,417.2001917545101
202,535,292,417.25411921274065
70,68,357,418.3359893673983
379,726,482,418.60721446243616
69,71,353,419.2970307550484
68,70,353,419.96309361657006
252,606,331,421.61712488939537
262,614,337,421.82579342662297
236,597,324,421.8684629123158
62,239,258,422.8297529739363
248,606,327,424.8023069617207
54,228,258,425.84973875769845
66,62,352,426.07511074926686
254,611,328,427.0421524861451
55,72,341,427.6786176558281
255,615,327,430.2859514323004
352,701,417,430.35101951778853
53,70,339,430.49854819731974
59,245,248,430.9860786614807
58,244,248,431.2307966738925
351,701,414,432.09373982968094
52,71,336,432.1353954491578
51,207,258,432.3343613454753
50,208,257,432.9491887046331
185,515,265,433.61964900128777
49,209,254,435.4595273960601
371,720,433,437.2516437933653
187,520,263,437.3888430218585
344,700,398,440.82195952561165
41,155,270,441.40797455415327
40,154,270,441.8506535018365
48,227,237,446.28466251933867
44,206,242,447.78566301300896
397,763,492,448.1573384426501
192,543,260,449.53865239821147
398,765,489,451.16959117387336
119,421,214,457.54234776684876
47,241,221,458.15499560738175
39,207,230,458.85182793577275
45,240,217,462.27805485443497
46,243,216,462.5462139073241
155,470,218,463.79305730034383
36,87,280,467.08136336188795
42,227,214,468.436762007424
212,579,257,468.7451333080697
38,219,215,469.6402878799901
37,215,215,470.77170688137153
264,645,292,476.3412642213563
122,435,197,476.6403256125105
82,350,188,478.0
81,350,187,479.0
125,443,196,479.11272160108626
113,422,191,480.42585275981975
281,673,309,481.43327678921406
107,414,187,483.25666058524223
139,470,190,490.893063711436
345,727,350,491.91970889566926
126,451,184,492.4682730897494
349,731,353,493.08214325809854
355,738,361,493.52710158612365
337,720,338,494.453233380064
346,731,346,497.5550220829853
111,426,172,499.8119646427044
118,438,170,503.7459677257973
365,754,364,504.40063441673027
31,122,216,504.4640720606374
366,755,364,505.20193982208735
369,756,363,506.6014212376432
201,573,210,507.6071315495873
174,521,187,508.6079039889176
338,730,326,509.9019513592785
28,121,209,511.1653352879086
91,405,157,511.9628892800727
342,735,327,512.9775823561883
339,733,324,513.4715181974556
60,316,153,514.1254710671316
241,640,240,515.3406640272044
196,571,200,515.748969945651
65,322,150,516.7591315109971
198,574,200,517.0415844011002
61,321,144,522.8049349422785
103,428,147,524.8285434310905
106,430,147,525.1295078359242
360,758,331,527.9100302134825
25,129,184,530.2499410655319
67,331,135,531.3398159370329
56,321,135,531.7913124525447
64,328,133,533.4538405523012
215,614,201,534.7158123713941
26,160,166,534.8831648126533
177,536,164,535.3503525729669
57,323,131,535.680875148628
27,177,159,535.7032760773449
271,683,243,538.3474714345745
219,618,198,539.3032542086131
34,220,138,543.7683330242761
274,688,240,543.8014343489726
97,425,127,544.1929804765953
24,138,162,546.7723475085403
33,215,135,547.8923251880792
22,134,162,548.3356636222014
21,135,161,548.8624600025037
30,206,136,549.2139837986648
43,293,118,550.9564411094583
276,695,234,552.8553156115984
32,217,128,554.1958137698263
18,131,153,557.790283171014
29,206,127,557.9041136252716
15,100,167,558.1227463560323
16,109,162,558.656423931561
17,129,152,559.4970956135519
14,106,162,559.9571412170757
181,545,140,560.9821744048558
213,617,171,562.4179940222397
13,110,157,562.7441692279006
10,114,150,567.4081423455253
7,109,150,569.5059262202633
180,547,131,570.1175317423592
179,546,130,570.7118362185946
190,585,131,584.3372313998142
295,723,211,588.3485361586277
247,669,168,591.4093337105866
189,585,123,591.6705164194004
11,161,101,595.7734468738935
8,158,99,598.6259266019139
4,149,102,598.746189967001
12,167,94,600.5605714663593
353,781,246,601.7981389137059
9,164,93,602.432568840696
6,157,93,604.6304656565032
224,658,144,606.0924021962328
2,143,96,606.4231196120412
3,146,94,607.289058027559
35,260,65,607.7014069425873
19,190,79,608.4151543148806
23,200,75,609.7384685256459
5,162,84,611.6109874748818
239,668,143,612.0890458095129
238,668,142,612.9437168288782
20,199,67,617.7394272668695
258,687,134,629.7563020724763
261,689,134,630.8288198869801
297,737,165,633.0639778095102
298,738,164,634.4667051942126
299,741,166,634.7290760631657
220,643,99,638.2303659338061
0,136,63,639.8476381139498
1,138,62,640.1249877953524
269,714,114,661.2110101926615
