214,487,417,28.284271247461902
217,457,457,36.05551275463989
218,456,458,37.12142238654117
222,458,461,40.01249804748511
208,486,380,49.09175083453431
225,509,441,53.85164807134504
206,486,372,55.94640292279746
231,512,441,56.64803615307419
237,493,468,58.008620049092706
233,515,441,59.464274989274024
199,486,364,63.071388124885914
178,417,372,64.53681120105021
235,524,431,65.76473218982953
243,521,443,65.7875368135941
246,527,439,70.3420215802759
234,467,492,71.449282711585
230,462,493,72.06247289678588
194,392,458,76.53757247260981
250,478,496,77.3692445355388
226,539,404,81.78630692236935
240,455,507,86.09297300012354
256,474,511,91.2414379544733
259,475,511,91.41115905621152
263,492,507,92.11405973031478
260,473,514,94.04786015641186
266,491,510,94.57801012920498
251,455,518,97.082439194738
268,509,507,99.4786409235671
280,536,507,115.43396380615195
288,569,482,125.78155667664477
289,571,480,126.58988901172162
273,589,426,130.09611831257686
272,591,421,132.0
156,327,401,133.5065541462291
129,384,307,136.4587849865299
249,414,550,136.6235704408284
257,588,375,136.95619737711763
300,578,491,138.06158046321215
278,597,432,138.43771162512041
159,321,408,138.61096637712328
291,505,552,138.84163640637487
279,598,431,139.35924798878617
145,322,394,139.6352391053204
301,534,539,139.8177385026664
209,350,509,140.089257261219
270,452,563,142.1724305201258
290,599,447,142.3938200906205
292,599,449,142.772546380598
210,348,512,143.5339681051144
124,340,336,146.23952953972466
203,535,296,146.2908062729849
202,535,292,149.7230777134908
157,308,416,151.08275877809487
120,360,306,151.74320413119
283,611,423,152.0131573252789
158,307,418,152.029602380589
154,307,416,152.08221460775746
286,611,426,152.08221460775746
121,363,303,152.11837495845134
132,309,390,153.16984037335808
314,530,557,153.4177303964571
148,305,412,154.26276284314372
143,305,406,154.72879499304582
133,307,392,154.74172029546526
171,307,455,155.7562197795003
117,357,303,155.97435686676192
223,585,327,157.20050890502867
144,302,409,157.45793088949188
123,385,282,157.47063218263906
164,301,429,158.2024020045208
136,300,403,160.01562423713506
307,616,453,160.22796260328596
134,297,402,163.11039206623224
141,296,412,163.24827717314508
135,296,403,163.99085340347492
310,621,451,164.75436261295178
140,294,412,165.24527224704494
161,294,430,165.24527224704494
127,297,388,165.32694880145826
185,515,265,165.74679484080528
130,295,394,166.20770138594662
315,622,454,166.30694513459142
245,600,332,166.73931749890306
236,597,324,168.6801707374047
267,412,583,168.6801707374047
187,520,263,169.36646657470303
152,289,427,170.10584939971935
284,628,400,170.29973576021777
265,403,582,170.46113926640288
142,287,419,172.01162751395617
252,606,331,172.3629890666787
104,344,292,172.81782315490494
303,632,423,173.0115603073968
248,606,327,174.4849563716024
102,315,321,175.31685600648902
131,284,407,175.55910685578235
112,376,266,175.82377541163197
162,284,438,175.82377541163197
105,358,277,175.88916964952674
149,283,429,176.1817243643619
151,283,431,176.28386199536246
262,614,337,176.2980430974774
163,283,439,176.91806012954132
205,315,524,177.04519197086375
160,282,438,177.81451009408653
137,281,418,178.02527910383964
110,296,349,178.1937148162078
254,611,328,178.1937148162078
336,624,490,178.84630272946657
308,638,422,179.00279327429502
99,316,313,179.20100446147057
98,317,311,179.62182495454164
150,279,433,180.3995565404749
277,429,599,180.5103875127412
192,543,260,181.59570479501986
197,308,522,181.6645259812713
255,615,327,182.1318203939114
147,276,432,183.3303030052588
146,275,431,184.27153876819935
109,376,256,184.69975636150687
95,319,300,185.04323819042943
188,297,512,185.80904176062046
348,602,543,187.97074240423694
207,307,533,188.80677953929515
195,300,524,189.44656238633627
191,298,521,189.52836199366047
330,502,606,189.9315666233499
334,511,604,190.24457942343588
326,494,608,190.24720760105785
323,649,431,190.26297590440447
335,648,455,192.03385118254542
333,651,449,194.03092537015846
227,344,580,196.22945752358385
228,344,581,197.0406049523803
321,470,618,197.3068675946177
204,296,535,198.90952717253137
92,354,251,199.81241202688085
287,418,617,200.24235316236172
358,612,551,200.7710138441304
89,283,320,202.9211669589942
212,579,257,203.2141727340886
155,470,218,203.29781110479277
343,507,624,208.5976989326584
184,269,509,209.3895890439637
357,554,608,209.74746720759228
119,421,214,210.459022139703
361,652,508,211.7026216181557
186,268,514,212.43822631532208
341,490,634,215.24404753674375
153,245,455,216.68410186259626
114,239,397,221.30521909796886
221,301,576,221.33458834985552
354,511,638,223.14345161801185
216,295,574,224.28776159211185
122,435,197,225.28204544525957
125,443,196,225.5681715136247
363,677,479,225.58368735349637
264,645,292,226.35591443565153
347,485,647,227.4906591488978
350,492,647,228.39658491317246
340,468,650,229.17678765529462
359,516,645,231.1384866265244
139,470,190,231.26175645791503
113,422,191,232.95707759155977
79,280,269,234.8297255459794
165,230,475,235.28068344001383
356,499,654,236.40854468483155
126,451,184,237.1349826575573
107,414,187,238.28764130772709
372,681,508,238.4386713601634
373,680,512,239.00209204105306
376,622,596,239.15267090291925
367,528,650,239.1693960355296
193,255,546,239.25091431382242
201,573,210,239.82702099638396
281,673,309,241.5367466867102
377,656,561,241.6795398870165
352,701,417,242.03305559365234
174,521,187,242.0743687382041
344,700,398,242.09502266672067
351,701,414,242.10121850168372
374,680,523,243.402958075698
375,580,634,244.9693858423946
362,490,666,246.9534369066363
378,634,596,247.48737341529164
196,571,200,247.759964481754
198,574,200,249.13048789740688
111,426,172,251.17722826721374
242,299,615,251.46769176178478
118,438,170,251.87695408671274
244,299,616,252.23996511258878
100,207,399,252.9584946191766
93,206,385,255.54842985234717
241,640,240,255.9726547895302
82,350,188,257.2353008434107
382,647,597,257.52669764511796
253,299,623,257.68973592287296
381,631,613,257.7750957714884
383,641,604,258.0949437706985
81,350,187,258.14143410154054
94,202,388,259.1100152444903
384,627,621,261.19724347703215
371,720,433,261.27571643763605
387,639,611,261.72504656604804
293,353,661,262.36615635405417
232,283,616,262.68041419184647
285,346,660,264.3671689147501
388,638,618,266.1766330841233
296,350,666,268.15294143454776
177,536,164,268.28715958837836
101,191,408,268.31511325305553
294,347,665,268.47718711279737
169,205,508,268.48649872945197
215,614,201,269.1189328159578
80,203,337,269.4290259047826
91,405,157,269.46613887462746
168,201,508,272.27375929384016
62,239,258,273.80467490530543
219,618,198,273.87953556262653
337,720,338,273.87953556262653
379,726,482,273.87953556262653
391,700,553,274.781731561616
59,245,248,275.1817581163403
106,430,147,275.53039759707093
103,428,147,275.74807342935327
58,244,248,275.9601420495358
312,361,679,275.98550686584974
302,350,675,276.40007235889067
316,364,681,276.81221071332817
345,727,350,277.24537868105216
229,265,622,279.35103364763125
349,731,353,280.3711825420009
176,197,521,280.4353757998445
74,198,317,280.95729212818094
306,350,680,281.00177935379696
346,731,346,282.15066896961275
54,228,258,282.71894170713074
304,347,681,283.09715646752795
320,361,687,283.4783942384322
90,177,392,283.4872131155125
355,738,361,285.3786957710754
271,683,243,286.11186623417075
338,730,326,287.1689398246266
309,345,685,287.5621671917222
328,368,694,287.76726707532254
282,316,671,288.00868042473996
329,368,695,288.71612355391585
317,351,689,288.9429009337312
170,185,518,290.66303514551004
339,733,324,290.66303514551004
172,185,519,290.99828178186897
318,349,691,291.547594742265
342,735,327,291.5681738461864
274,688,240,291.8938163099726
183,190,538,293.3428028774526
181,545,140,293.86561554560956
175,183,524,294.5929394944828
393,568,695,294.8847232394381
213,617,171,295.7431317883815
47,241,221,295.84455377782433
97,425,127,295.9594566828369
48,227,237,296.10808837314795
46,243,216,297.7935526501539
200,203,574,298.23648334836565
45,240,217,299.2941696725815
50,208,257,299.82828418946735
51,207,258,300.12164200537086
365,754,364,300.45631962067296
49,209,254,300.647634283059
276,695,234,301.10629352439645
366,755,364,301.43821920917725
182,180,536,301.77143668677456
364,424,721,302.03476621077914
166,168,503,302.33259830855155
369,756,363,302.61031046545656
180,547,131,303.05775027212223
86,161,365,303.2160945596391
392,541,713,303.29523570277195
65,322,150,303.66099519036027
179,546,130,303.7268509697488
60,316,153,303.7647115778921
368,424,723,304.02138082707273
167,166,504,304.52914474644297
275,285,672,305.41283535568704
385,505,725,307.46056657724415
61,321,144,309.4721312170128
44,206,242,309.9193443462347
42,227,214,310.9228200052225
173,167,528,310.98713799769916
380,485,731,311.08841187032345
397,763,492,312.18103722039234
360,758,331,312.2515011973521
67,331,135,313.3368794125581
398,765,489,313.4645115479582
401,557,719,313.7004941022567
402,559,719,314.33103569326397
404,587,710,316.07752213657966
190,585,131,316.1898164078027
39,207,230,316.2040480449294
38,219,215,316.28468189275304
64,328,133,316.39374203672236
56,321,135,317.5531451584128
407,702,628,319.2146613174276
37,215,215,319.3305497443049
406,661,669,319.85621769789
57,323,131,320.30610359467084
408,675,660,322.1443775700579
189,585,123,323.5428874198906
411,704,635,325.3013987058771
409,675,665,325.8711401766042
410,722,614,326.2177187094533
88,133,402,326.553211590393
389,484,747,326.95718374123544
386,472,748,327.2583077631491
72,143,334,327.75753233144775
412,710,632,327.9054741842533
247,669,168,328.7993308995625
405,599,719,329.24762717444145
313,297,710,331.30801378777426
370,382,748,335.9434476217686
390,470,758,337.17947743004765
295,723,211,337.33662712489433
41,155,270,339.43629741086914
394,482,760,339.7793401606401
40,154,270,340.3321906608307
224,658,144,341.07183993991646
63,128,330,343.2812258192982
305,277,713,344.07557309405155
331,303,729,345.2535300326414
43,293,118,345.4924022319449
239,668,143,347.80023001717524
96,111,428,348.0703951789063
238,668,142,348.6000573723418
325,289,727,350.051424793558
395,465,771,350.051424793558
396,467,771,350.09141663285607
311,274,719,350.75490017959834
324,285,727,352.0113634529431
399,477,773,352.4599268001967
400,477,774,353.45862558438154
322,280,726,353.6467163710134
327,286,731,355.0056337581138
414,724,658,355.51933843322786
413,688,693,355.5629339512205
319,275,726,356.2035934686791
403,480,782,361.6102874642811
138,105,496,361.8577068406862
353,781,246,366.4819231558359
258,687,134,366.54194848611803
332,278,740,366.77240899500606
261,689,134,367.78934187928826
128,96,482,368.0896629898753
34,220,138,370.4186820342624
220,643,99,370.86385642173326
33,215,135,375.9414848084739
297,737,165,377.91533443352097
298,738,164,379.3283538044579
32,217,128,380.0171048781883
299,741,166,380.1960020831361
415,705,711,380.2841043220187
30,206,136,381.09578848368295
27,177,159,384.92596690792374
29,206,127,387.87240169932176
26,160,166,392.9707368240032
71,71,357,393.2429274634192
69,71,353,393.91369613152574
31,122,216,394.45405309110464
68,70,353,394.89872119316874
55,72,341,395.1822364428847
70,68,357,396.2032306783982
52,71,336,397.20146021886677
53,70,339,397.54873915030845
36,87,280,397.82533855952414
28,121,209,398.98370894060326
269,714,114,399.09146821248885
78,59,386,401.52833025827704
66,62,352,402.9516099980245
73,59,368,403.49597271843993
76,56,382,404.88269906233336
75,57,372,404.97530788925883
25,129,184,406.28684448305734
84,53,397,406.70874099286334
35,260,65,407.8443330487749
116,50,465,411.3599397121698
24,138,162,412.4584827591742
85,47,398,412.6414908852477
108,47,455,413.40053217188773
77,46,388,414.3163042893678
115,47,465,414.34285320251394
21,135,161,415.42267631895106
22,134,162,415.5791140083919
83,44,398,415.63686073302017
87,41,402,418.43159536535956
18,131,153,423.5658154289602
17,129,152,425.74757779698524
23,200,75,432.20018509945135
19,190,79,435.1149273467873
16,109,162,435.40900312235163
11,161,101,437.2687960511246
13,110,157,437.6037019953099
14,106,162,437.8241656190302
12,167,94,438.39822079930934
10,114,150,438.70947106257006
20,199,67,439.22203951987655
15,100,167,439.76925767952446
8,158,99,440.7777217600726
9,164,93,441.14510084551546
7,109,150,442.6522337004525
4,149,102,444.8156921692399
6,157,93,445.85647914996144
5,162,84,449.1970614329528
3,146,94,452.6566027354511
2,143,96,453.3001213324347
1,138,62,481.5828070020773
0,136,63,482.17527933314875
