44,154,270,32.69556544854363
45,155,270,33.61547262794322
39,87,278,37.33630940518894
66,128,329,46.17358552246078
67,128,331,48.16637831516918
73,143,334,54.42425929675111
31,123,214,69.00724599634447
29,121,208,75.05997601918082
76,197,318,80.95677859203639
56,207,257,86.97700845625813
71,71,353,87.80091115700337
70,70,353,88.40814442120137
55,208,255,88.54377448471462
54,208,253,89.19641248391103
86,161,365,89.96110270555825
49,206,242,91.67878707749138
72,68,357,92.80086206496145
69,61,352,93.43446901438462
48,206,238,93.53608929178085
81,202,336,94.30270409696638
42,206,228,98.73702446397704
26,129,183,100.12492197250393
74,59,367,106.21205204683694
57,227,257,106.23088063270491
75,57,372,111.40017953306898
40,215,217,112.4144118874444
53,227,236,113.21660655575224
41,219,215,116.8289347721702
65,239,258,117.6860229593982
17,100,167,118.45674315968678
77,56,380,118.46096403457132
87,133,402,119.33985084622823
89,177,392,121.2023102090055
80,59,386,121.79490958164057
16,107,162,122.18837915284743
22,133,161,122.3315167894194
27,160,166,122.41323457861898
23,135,161,122.494897852931
24,138,161,122.80065146407001
60,243,248,124.04031602668546
15,107,160,124.16923934694937
46,228,213,125.36347155371855
61,245,248,125.96031120952345
14,110,157,126.77539193392383
19,131,153,130.18832512940628
78,45,387,130.60245020672468
93,206,385,130.87398519186308
18,130,152,131.13733259449805
94,205,387,131.82184947875675
52,241,220,132.8834075421006
11,114,150,133.37541002748594
50,240,217,133.46160496562297
8,109,150,133.843191832831
28,177,157,136.69308687713507
51,243,215,137.05838172107534
84,47,397,137.56816492197603
100,192,405,139.6710420953463
82,43,397,139.84634424968
102,190,407,140.470637501223
101,206,398,141.24092891226678
96,111,428,145.58159224297555
79,280,267,156.81836627130127
114,239,397,161.92899678562824
88,283,319,163.0245380303223
32,206,136,168.32409215557945
34,215,135,173.738308959193
35,220,138,173.89939620366712
30,206,127,176.23847480048164
33,217,128,180.75950874020432
5,149,102,182.7183625145541
111,296,352,185.32404053441098
12,161,101,185.72291188757515
9,158,99,187.11493793922494
106,48,454,187.128298234126
3,143,95,188.95766721676048
4,146,94,190.2761151589973
92,316,299,192.66551326067673
7,157,93,192.84449693989197
13,167,94,193.82982226685345
97,316,311,194.03092537015846
10,164,93,194.164878389476
104,316,321,195.72429588581997
99,318,310,195.86985475054604
116,49,464,195.92345444075858
115,47,464,196.69773765857096
2,146,84,200.21238722916223
129,96,482,200.9601950635996
128,297,388,202.37094653136353
132,284,407,202.4252948620799
6,162,83,203.57799488156869
131,297,393,205.00975586542216
138,281,417,206.4097865896867
135,296,402,209.15305400591214
154,245,454,209.4803093371785
136,299,401,211.06634028191232
145,287,419,212.2851855405836
141,293,412,212.60761980700502
149,276,432,212.8497122384712
148,277,431,212.8685040112792
134,307,392,213.00234740490538
137,300,403,213.01643129110957
139,102,495,213.13845265460665
20,188,78,214.75800334329801
144,296,412,215.0
153,279,433,215.6965461012299
152,283,429,215.8633827215723
151,288,425,216.9331694324314
98,341,284,217.00230413523263
155,283,431,217.22108553268947
143,304,405,217.4488445588985
156,285,430,218.01376103356412
146,302,409,218.08255317654368
169,230,474,218.44221203787512
0,136,62,221.32555207205516
165,282,438,221.33458834985552
1,139,62,221.50846484954022
150,305,412,222.26560687609768
167,283,439,222.74873737015884
166,284,438,222.76669409945464
125,341,335,223.14345161801185
171,168,502,223.37636401374252
164,294,429,224.0892679268688
140,322,389,224.58851261807672
25,201,72,224.61077445216202
172,166,504,224.95555116511352
159,307,416,226.22555116520326
147,322,394,226.99118925632334
160,308,416,227.03523955544875
163,307,418,227.40712389896672
168,301,427,228.17756243767704
21,198,64,231.16444363266598
157,321,404,231.19256043393784
63,316,153,231.87065359807826
161,321,406,232.24555969921147
91,354,250,232.35533133543547
118,357,304,233.94443784796422
158,327,400,234.30322234233142
47,292,119,234.77648945326703
121,359,305,236.02754076590298
108,360,277,236.07625886564705
170,314,424,236.60304309116566
119,361,302,237.76038357977134
68,322,150,238.52253562294695
173,201,509,238.75719884434898
174,204,508,238.79907872519107
122,362,306,239.10876186371758
64,321,144,241.1016383187804
177,204,511,241.6278129686233
175,185,518,242.78797334299736
178,185,519,243.75602556654883
83,350,187,245.5442933566162
85,351,188,246.07722365143832
37,274,87,246.81166909204273
58,320,133,246.81166909204273
38,277,89,247.07286374670934
181,183,524,248.11690792850052
180,167,528,248.74484919290288
176,307,455,251.14338533992887
62,325,132,251.40007955448223
59,323,129,251.6286947071021
183,197,524,251.81342299408902
112,376,266,252.57276179350774
109,376,256,253.44230112591703
36,262,66,257.1633721975196
188,180,536,259.12352266824405
124,385,282,261.0019157017818
130,385,304,261.84346468835156
189,184,538,261.9637379485947
190,198,537,264.5600120955546
191,190,540,265.33940529065785
192,204,536,265.34694269955327
193,266,509,266.9082239272518
194,269,509,268.5162937328013
133,392,305,268.9014689435519
196,268,514,272.2076413328619
198,272,516,276.0307953834137
199,297,512,287.0017421549911
206,255,546,293.8196725884773
202,298,521,294.8219801846531
207,300,524,298.4241947295829
211,199,574,300.5095672353877
209,308,522,301.62393804205925
215,295,534,303.71368095625854
120,421,212,305.3686296920494
107,414,187,305.4766766874355
185,417,374,306.8061277093403
216,314,524,306.8892308309303
90,405,157,307.95616571194023
218,307,533,309.8209160143969
113,421,192,310.6283953536766
205,390,457,317.855312996338
219,350,509,319.6122650963195
220,348,512,320.3388830597997
123,435,195,323.21045775160184
110,427,170,323.3852192045889
126,443,194,331.1827290182868
117,438,170,333.7139493638227
103,428,145,333.8562564937192
105,430,145,335.67841753678476
232,295,574,337.5233325268047
95,424,122,340.4717315725345
127,451,182,342.24260401066374
240,301,576,342.31272252138103
162,470,219,351.86929391465804
142,470,189,358.54148992829266
248,283,614,367.2083877037669
250,266,624,369.3846233940985
246,344,580,369.60654756105174
210,485,363,369.7580289865252
247,345,580,370.20264720825537
217,485,372,371.80909079795236
236,456,458,375.2985478255944
259,299,615,375.2985478255944
235,457,457,375.71931012392747
260,299,616,376.18346587802074
239,458,460,378.00132274900835
267,299,622,381.5049147783027
228,486,414,384.974025097798
230,487,414,385.91449830240896
227,497,399,390.6212999824766
195,515,265,391.41410296513334
266,415,550,394.9303736103365
197,520,263,396.50472884948044
241,496,422,397.1208883954608
256,453,506,397.4543999001647
249,462,493,397.9246159764435
254,467,492,401.6590594023742
268,455,518,405.93841897509526
242,507,418,406.09604775225284
179,520,185,407.9460748677452
281,403,582,408.95231995918544
212,534,291,410.07804135310636
251,490,468,410.0987685911773
214,534,294,410.1475344312093
265,478,496,413.14041196668234
283,413,583,416.5585192983094
273,474,511,417.71282000915414
275,473,514,418.5235955116509
274,475,511,418.5510721524913
204,543,258,419.74516078211076
292,285,672,421.00118764678086
182,535,162,428.44136121527765
278,492,506,430.2940854810812
280,491,509,431.00464034624963
287,452,563,431.2586231021937
245,539,403,432.00115740585693
300,316,671,432.90645640831
303,346,660,437.50771421770384
296,429,599,439.1821945388952
309,353,659,440.2465218488387
312,351,664,443.4974633523849
284,508,507,444.5582076623937
305,418,617,444.9629198034371
187,546,139,445.8923636933021
184,546,130,448.8797166279626
186,547,131,449.480811603788
203,567,200,450.7083314073526
319,350,673,450.75048530201275
282,534,474,452.306312138135
213,573,209,455.05713926934493
225,579,257,455.7422517169107
323,350,679,455.9517518334588
324,347,681,456.2159576341012
325,277,713,456.40880797811076
208,573,199,456.7898860526577
329,360,678,460.1315029423654
332,297,710,460.714662236834
331,273,719,460.75698583960724
335,294,712,461.45530661159376
243,585,326,463.0010799123475
336,363,680,463.38968482261237
308,504,551,464.9989247299396
338,351,689,465.15051327500436
339,349,691,465.9281060421232
328,442,626,467.73176073471853
341,275,726,468.0277769534625
342,361,687,468.3855249684815
298,536,507,468.95628794163747
343,278,726,469.00426437293726
345,292,721,469.1140586254051
347,283,727,471.61106857239895
271,587,375,472.0519039258289
337,443,631,472.0857972868915
349,289,727,473.66760497209435
253,596,325,473.86495966678103
350,368,690,474.5366160793074
351,368,692,476.2530839795161
340,450,631,476.84378993544624
353,286,732,477.3311219688069
354,368,694,477.97175648776573
261,600,332,478.5154124999528
356,302,729,480.20828814171875
344,470,618,481.602533215929
357,278,740,482.24993519958093
264,605,330,483.2908027264744
321,534,539,483.359079774033
263,606,327,484.0041322137653
291,589,426,486.4915209949707
200,583,121,486.7494221876386
289,591,421,486.96303761168565
201,586,129,486.9907596659304
302,570,479,487.16732238523554
307,569,482,487.4689733716393
269,611,328,489.0746364308826
334,530,557,489.80812569821666
352,494,608,492.4682730897494
277,614,336,492.8579917176955
270,615,326,492.87929556839777
223,603,165,493.32038271289787
222,602,160,493.57167665902386
295,597,430,495.31606071275337
231,613,199,496.1622718425898
297,598,431,496.56822290597694
355,501,607,497.09657009478553
221,604,150,498.08533405431643
233,616,198,499.2884937588688
320,578,491,499.3796151226039
359,510,604,502.032867449931
310,600,446,503.1351707046527
311,600,448,503.7866611969793
369,470,651,505.11384855297723
229,617,172,505.34146871199874
224,614,156,506.190675536403
304,611,426,507.56083379236424
301,613,422,508.37191110445906
368,492,634,508.55186559484764
226,617,155,509.3456586641335
374,485,647,512.6568052801016
372,507,624,512.8060062050756
377,492,647,517.6098917138273
257,640,240,517.7885668880687
306,629,401,518.6029309597084
234,628,159,519.029864266017
279,644,294,520.1163331409618
327,616,453,520.5420252006556
317,626,423,521.1564064654679
238,631,159,521.9434835305448
330,621,451,524.6265338314486
380,511,638,525.1609277164476
333,621,453,525.2704065526631
322,631,422,525.7090450049343
383,499,654,527.5092416252061
388,490,666,529.7593793412251
392,424,722,531.7151493045877
396,382,748,531.7790894723108
326,638,421,532.202968800438
386,517,643,532.962475226915
395,424,724,533.367603065653
258,653,204,534.8663384435405
384,554,608,539.0037105623671
362,623,491,540.6153900879996
375,602,543,544.1360124086624
346,648,430,544.2288121737033
393,528,650,545.8067423548375
299,673,309,549.615320019375
237,642,97,550.3816857418132
361,648,454,551.1959724090879
244,658,144,551.7943457484863
358,651,447,551.9284373902109
360,651,449,552.5260174869596
382,611,549,554.9099025968089
262,669,166,557.4172584339311
285,682,233,560.2356646983482
288,683,243,560.4292997336952
252,666,139,560.8029957123981
255,667,138,562.0266897577018
290,687,238,564.7955382260026
409,438,754,566.0715502478463
294,692,245,569.2697076079141
293,693,234,571.105944637245
387,652,508,573.9416346633166
410,484,730,573.9416346633166
401,577,636,574.2978321393874
416,471,747,579.4005522952149
414,505,722,581.2761822060147
272,687,132,582.8979327463771
417,506,724,583.4423707616717
418,505,726,584.3030035863242
276,689,132,584.8298897970246
420,483,746,585.8754133772811
370,699,396,585.9982935128736
422,461,763,586.4887040685438
402,620,596,586.5023444113416
389,677,479,586.7069114984074
421,470,757,586.8492140235003
376,700,413,590.4879338309971
378,700,416,591.1556478627266
404,625,600,592.8659207611785
428,463,771,594.1927296761548
316,717,241,594.485491833064
427,482,759,595.6005372730955
430,467,771,596.4838639896304
363,719,338,597.5366097570926
407,634,596,598.3886696788301
398,679,510,599.6282181485458
403,656,561,600.2566117919902
425,542,714,600.4040306327065
399,681,508,600.7278918112593
367,722,350,601.7416389115847
366,724,344,603.0928618380423
434,477,772,603.1003233293777
435,477,773,603.9114173452924
400,680,521,604.7974867672649
411,631,613,604.9371868219047
373,725,352,604.9479316437076
314,725,210,605.4172115161576
426,568,695,605.7061994069402
415,627,621,606.0140262403173
364,730,326,607.5236620906218
413,641,604,608.547450902557
365,732,323,609.3143687785476
412,647,597,610.0204914590985
436,550,723,612.4344862922075
371,735,327,612.5822393768856
438,480,782,612.9738983023666
419,638,618,613.5315802792877
437,552,723,613.8273372863089
286,714,112,614.2808803796518
397,720,433,614.5860395420644
381,737,360,617.8171250459152
313,737,165,624.2539547331679
315,738,164,625.4254551903049
405,712,497,625.7315718421119
406,714,497,627.6113447030734
348,749,224,627.7786234015937
318,741,164,628.3709095749102
439,587,710,629.8396621363249
385,756,330,633.7452169444753
408,726,482,634.0386423554955
390,753,363,634.0670311568012
391,754,364,635.1857995893799
424,700,553,636.1414936946026
394,756,363,637.0431696517905
440,598,717,642.6756569219033
379,780,245,657.0996880230579
441,649,679,657.6024634990353
442,661,669,661.3357694847602
444,675,660,667.6301371268377
445,675,665,670.4662556758543
432,763,488,671.0782368695918
433,763,491,672.0007440472071
443,702,628,673.1337162852564
449,670,681,675.6626377120464
447,704,635,678.4570730709497
423,790,415,678.9550795155744
448,710,632,682.053516961829
446,722,614,683.4946963949318
429,800,415,688.7670143089026
431,803,416,691.9031724164878
451,645,752,701.0007132663989
450,724,658,707.5485849042453
452,705,711,721.6266347634349
