97,316,311,2.23606797749979
92,316,299,11.180339887498949
104,316,321,11.180339887498949
125,341,335,33.97057550292606
98,341,284,34.713109915419565
88,283,319,36.138621999185304
118,357,304,39.45883931389772
121,359,305,41.30375285612676
119,361,302,43.73785545725808
122,362,306,44.181444068749045
111,296,352,47.41307836451879
108,360,277,53.41348144429457
79,280,267,57.38466694161429
130,385,304,67.26812023536856
91,354,250,69.9714227381436
124,385,282,72.61542535852834
112,376,266,72.80109889280519
133,392,305,74.16872656315464
140,322,389,79.1012010022604
109,376,256,79.2464510246358
128,297,388,80.77747210701756
134,307,392,82.73451516749222
147,322,394,84.09518416651456
131,297,393,85.61541917201598
158,327,400,90.44888059008801
136,299,401,92.9623579735368
157,321,404,94.04786015641186
65,239,258,94.57801012920498
135,296,402,94.59386872308374
137,300,403,94.72592042308166
61,245,248,95.77577981932593
143,304,405,96.0260381354974
161,321,406,96.04686356149273
60,243,248,97.30878685915265
146,302,409,100.2845950283492
132,284,407,102.7861858422619
150,305,412,102.82509421342633
144,296,412,104.34557968596465
141,293,412,105.01904589168576
57,227,257,105.30906893520614
160,308,416,106.47065323364932
159,307,416,106.56922632730333
163,307,418,108.55873986004075
138,281,417,113.21660655575224
145,287,419,113.3225485064645
170,314,424,114.0701538527936
53,227,236,117.29023829799307
114,239,397,117.51595636338071
185,417,374,117.88553770501282
168,301,427,118.2285921425101
52,241,220,118.44407963254221
151,288,425,118.84864324004712
81,202,336,118.87808881370864
51,243,215,121.03718436910205
76,197,318,121.26417442921878
50,240,217,121.37956994486346
164,294,429,121.39604606411199
55,208,255,122.98373876248843
56,207,257,123.00406497347964
54,208,253,123.89108119634763
152,283,429,124.04031602668546
156,285,430,124.45481107614924
155,283,431,125.96031120952345
85,351,188,126.38433447227548
83,350,187,127.09445306542689
148,277,431,127.75758294520134
149,276,432,129.0271289303145
153,279,433,129.0348790056394
49,206,242,131.0267148332736
46,228,213,132.32157798333574
166,284,438,132.43866504914644
165,282,438,132.9661611087573
48,206,238,133.1465358167459
167,283,439,133.6637572418193
93,206,385,134.79243302203577
94,205,387,136.74063039199433
41,219,215,137.20787149431334
40,215,217,138.77319625922004
42,206,228,138.80922159568507
120,421,212,142.1724305201258
101,206,398,142.43595051811886
176,307,455,145.41664278891878
107,414,187,156.02884348735012
113,421,192,156.6301375853319
63,316,153,157.01273833673497
100,192,405,157.8005069700348
68,322,150,160.04999218994044
102,190,407,160.60199251565965
154,245,454,161.4465855941215
89,177,392,163.11039206623224
205,390,457,163.68567438844488
123,435,195,164.05486887014357
64,321,144,166.02710622064097
86,161,365,166.35504200354134
45,155,270,167.83622970026465
44,154,270,168.80758276807353
126,443,194,170.53152201279386
210,485,363,175.20844728494114
90,405,157,176.00568172647155
73,143,334,176.63804799646084
58,320,133,177.01129907438113
162,470,219,177.15812146215595
110,427,170,177.4288589829738
62,325,132,178.13758727455584
217,485,372,178.13758727455584
59,323,129,181.06904760339356
117,438,170,184.39088914585776
127,451,182,184.58873205046942
169,230,474,186.11824198610947
66,128,329,190.9476368012969
67,128,331,191.15700353374447
47,292,119,192.7615106809448
142,470,189,194.28072472584614
43,124,283,195.86985475054604
228,486,414,197.5854245636555
35,220,138,197.9595918363139
103,428,145,198.3053201505194
230,487,414,198.4363877921587
105,430,145,199.42166381815193
227,497,399,199.90497742677644
219,350,509,201.55644370746373
195,515,265,202.07424378183381
235,457,457,202.3116407921205
236,456,458,202.35612172603032
34,215,135,203.0615670184784
199,297,512,203.08865059377396
220,348,512,204.215572373901
194,269,509,204.9438947614688
239,458,460,205.1828452868319
193,266,509,205.6817930688081
87,133,402,206.6131651178114
32,206,136,206.92993983471797
197,520,263,207.3957569479183
28,177,157,208.06249061279644
33,217,128,208.1465829649865
196,268,514,210.03809178337153
241,496,422,210.304541082688
198,272,516,211.07344693257843
202,298,521,211.94574777522666
209,308,522,212.235718011837
27,160,166,213.7755832643195
216,314,524,214.03737991294886
30,206,127,214.55302374937528
207,300,524,214.75567512873786
95,424,122,215.82400237230334
214,534,294,216.59178193089414
212,534,291,216.8340379184043
31,123,214,217.34994824015948
242,507,418,217.68095920406083
29,121,208,221.84003245582164
218,307,533,223.27113561766106
38,277,89,224.770994570029
215,295,534,225.17770760001977
37,274,87,227.29936207565564
26,129,183,227.705950734714
174,204,508,228.47319317591726
173,201,509,230.8462691922917
204,543,258,230.93072554339753
177,204,511,231.07790893982056
249,462,493,232.86262044390037
39,87,278,233.20591759215716
251,490,468,233.5551326774901
24,138,161,233.66856870362346
254,467,492,235.2126697267815
23,135,161,235.9872877932199
22,133,161,237.54157530840786
179,520,185,237.54788990854033
256,453,506,237.9936973955403
96,111,428,238.27085428142487
245,539,403,239.77072381756702
171,168,502,243.64728605096343
19,131,153,244.1679749680535
206,255,546,244.2642012248213
265,478,496,245.34873140083687
18,130,152,245.57687187518292
183,197,524,245.83937845674765
172,166,504,246.45486402179202
175,185,518,246.88661365088225
178,185,519,247.72969139770066
268,455,518,249.06424873915566
36,262,66,250.3437636531016
71,71,353,250.7149776140229
70,70,353,251.70021851400924
181,183,524,253.02371430362015
192,204,536,253.12447530809817
72,68,357,254.37963754986365
273,474,511,254.4346674492295
274,475,511,255.04901489713697
275,473,514,256.20499604808646
190,198,537,256.76643082770767
16,107,162,257.73047937719747
14,110,157,258.2111539031573
266,415,550,258.8609665438187
15,107,160,258.88414397177746
11,114,150,259.26048676958084
69,61,352,260.40929322894755
17,100,167,260.71632093139084
12,161,101,261.4000765110829
278,492,506,262.09158704544484
182,535,162,262.6651861210389
8,109,150,263.2128416320146
191,190,540,263.21854038042227
13,167,94,263.54695976239225
280,491,509,263.68541863364385
189,184,538,264.4617174564213
188,180,536,264.8018126826174
9,158,99,264.8037008804824
232,295,574,265.0
180,167,528,265.1886121235224
74,59,367,265.1980392084376
25,201,72,265.2036952985384
20,188,78,265.9398428216426
10,164,93,266.092089322475
225,579,257,266.32686683847726
240,301,576,266.54267950930483
243,585,326,267.47897113605023
5,149,102,268.00186566514793
75,57,372,268.26293072282647
80,59,386,269.92035862453946
7,157,93,270.20362691866296
77,56,380,271.189970316013
282,534,474,271.20471972294285
246,344,580,271.2489631316588
247,345,580,271.34664177026406
203,567,200,272.21498856602295
284,508,507,273.69508581631493
21,198,64,273.70787347096905
213,573,209,274.2735860413831
6,162,83,275.4360179787676
4,146,94,276.1159176867571
271,587,375,276.7417568781408
3,143,95,277.2183255125822
208,573,199,278.11148843584294
253,596,325,278.40438214941946
129,96,482,280.8344708186657
261,600,332,282.85685425670704
78,45,387,283.6511942509673
2,146,84,284.0070421662111
139,102,495,284.3958508839396
84,47,397,284.6225570821821
281,403,582,284.9719284420836
187,546,139,285.0
287,452,563,286.29530209208815
264,605,330,287.69602013236124
82,43,397,288.4337012209218
263,606,327,288.5012998237616
283,413,583,289.05708778717053
211,199,574,289.58073140317885
184,546,130,290.4892424858449
186,547,131,290.6578744847626
269,611,328,293.5523803344132
298,536,507,293.82477771624366
289,591,421,294.7032405658275
291,589,426,294.7829710142701
277,614,336,297.13969778540195
270,615,326,297.4306641891518
302,570,479,303.42214816983943
295,597,430,303.71203466441693
307,569,482,304.27783356662707
308,504,551,304.4289736539543
297,598,431,305.026228380446
259,299,615,305.5912302406599
1,139,62,305.8512710452582
106,48,454,306.0
248,283,614,306.00816982557836
260,299,616,306.5893018355337
0,136,62,307.6166445431716
296,429,599,309.58359129643804
116,49,464,309.9629010059107
115,47,464,311.70017645166644
267,299,622,312.57799026802894
310,600,446,313.0814590485997
311,600,448,313.9554108468271
321,534,539,314.79675983084707
304,611,426,315.12695854210887
231,613,199,315.1920049747455
301,613,422,315.54555930958685
320,578,491,316.79804292324786
250,266,624,318.27660925679095
233,616,198,318.35200643313055
223,603,165,319.7655391063896
222,602,160,321.1790777743781
305,418,617,322.8761372415125
201,586,129,323.39604202896487
306,629,401,324.04012097269685
200,583,121,325.49347151671105
334,530,557,325.5042242429428
279,644,294,326.39240187234753
221,604,150,327.7132893246778
317,626,423,328.0746866187637
229,617,172,329.3098844553561
257,640,240,329.520864286315
327,616,453,330.53441575727027
322,631,422,332.4349560440358
224,614,156,333.66450215748154
330,621,451,334.20053859920694
333,621,453,335.0492501110844
226,617,155,336.78776699874356
326,638,421,338.7048862948393
328,442,626,339.45839214843403
344,470,618,343.4646997873289
337,443,631,344.479317231093
234,628,159,344.82024302526094
352,494,608,346.09247319177575
340,450,631,347.08068226278453
238,631,159,347.51978360950903
355,501,607,348.8524043202225
309,353,659,350.7506236630236
303,346,660,351.1182137115647
346,648,430,351.14099732158877
359,510,604,351.14099732158877
258,653,204,351.370175171428
362,623,491,354.6632205346362
299,673,309,355.00140844791025
312,351,664,355.53480842246654
361,648,454,360.04999652825995
358,651,447,360.0805465447974
360,651,449,360.84622763720284
300,316,671,361.00554012369395
292,285,672,363.5010316353999
319,350,673,364.4077386664559
372,507,624,366.4928375834922
375,602,543,367.3486082728503
368,492,634,367.7662300973269
323,350,679,370.3849348988158
329,360,678,370.3889847174184
288,683,243,371.098369708087
285,682,233,372.05510344571275
324,347,681,372.1316971181036
336,363,680,372.7264412407577
369,470,651,373.34300582708124
290,687,238,375.9587743356976
374,485,647,376.10902674623486
382,611,549,378.1137395017536
244,658,144,378.35961729550365
377,492,647,379.26903380054637
262,669,166,379.39030035044385
342,361,687,379.44433056773954
294,692,245,379.6063750781854
384,554,608,380.13155617496426
338,351,689,380.4339627320358
380,511,638,380.5693103759156
339,349,691,382.2590744508232
293,693,234,382.623836162882
350,368,690,383.275357934736
351,368,692,385.2583548737133
354,368,694,387.2415266987775
237,642,97,387.7434718986253
252,666,139,387.7434718986253
386,517,643,387.9304061297593
387,652,508,388.2782507429434
383,499,654,388.711975632344
255,667,138,389.08225351460067
370,699,396,390.58545799863055
388,490,666,395.3732413808502
376,700,413,395.6425154100605
378,700,416,396.43410549547826
389,677,479,396.7896167996335
393,528,650,399.6248240537617
332,297,710,400.5508706768717
363,719,338,401.9763674645563
335,294,712,402.715780669196
316,717,241,404.9222147524139
325,277,713,405.0802389650722
367,722,350,405.9753687109601
366,724,344,407.4211580171064
373,725,352,409.16133737194673
272,687,132,409.68890636676997
331,273,719,411.4681032595358
276,689,132,411.4911906711977
345,292,721,411.82156330138906
364,730,326,412.31056256176606
398,679,510,412.69964865504795
399,681,508,413.488814842675
365,732,323,414.2040559917298
402,620,596,415.9326868617084
401,577,636,416.3616216703936
371,735,327,417.3463789228319
343,278,726,417.91865237148727
349,289,727,418.0071769718793
341,275,726,418.2164511350552
347,283,727,418.4662471454538
400,680,521,419.00477324250136
314,725,210,419.1049987771561
356,302,729,419.30537797648145
397,720,433,420.396241657796
403,656,561,421.0047505670215
381,737,360,421.97274793521916
404,625,600,422.3138643236805
353,286,732,423.2115310338318
392,424,722,425.41744204957087
407,634,596,426.20652270935506
395,424,724,427.35465365431554
357,278,740,431.8564576337837
411,631,613,435.63516846094967
405,712,497,436.1249820865574
412,647,597,436.58905162635494
413,641,604,436.76652802155064
406,714,497,437.9326432226764
390,753,363,438.2168413011987
415,627,621,438.40848531934233
385,756,330,438.45638323555056
391,754,364,439.33131006109727
348,749,224,439.49630260105715
394,756,363,441.19496823966614
396,382,748,442.6511041441103
286,714,112,442.74145954495833
408,726,482,442.77307957914513
313,737,165,443.3801980242239
419,638,618,444.14412075361304
315,738,164,444.6526734429919
318,741,164,447.4874299910557
410,484,730,451.6148801800047
414,505,722,452.45220742085013
424,700,553,452.73943941300274
417,506,724,454.686705325766
418,505,726,456.0975772792484
426,568,695,459.04792778096714
409,438,754,459.9304295216832
425,542,714,461.9437195157003
416,471,747,463.00971912045213
420,483,746,466.17700500989963
379,780,245,466.5501044903966
421,470,757,472.13663276640585
436,550,723,473.70138272966864
437,552,723,474.68410548490033
422,461,763,475.03473557204217
427,482,759,478.01359813294016
432,763,488,479.27966783497084
433,763,491,480.40191506695726
439,587,710,482.0383802146879
428,463,771,483.2659723175221
423,790,415,483.53800264301873
430,467,771,484.4811657845948
434,477,772,488.5949242470699
435,477,773,489.5406009719725
429,800,415,493.3041658044254
440,598,717,494.0131577195085
441,649,679,495.7035404352081
431,803,416,496.44838603826685
442,661,669,496.5178748041202
443,702,628,498.57797785301346
438,480,782,499.02705337486464
444,675,660,499.94899739873466
445,675,665,503.4620144559071
447,704,635,504.59984145855617
446,722,614,505.60063291099624
448,710,632,507.2947860958163
449,670,681,511.414704520705
450,724,658,534.7335785229875
451,645,752,549.8117859777108
452,705,711,557.288076312422
