333,621,453,2.0
327,616,453,5.385164807134504
311,600,448,21.213203435596427
310,600,446,21.587033144922902
304,611,426,26.92582403567252
361,648,454,27.16615541441225
317,626,423,28.442925306655784
360,651,449,30.066592756745816
301,613,422,30.083217912982647
358,651,447,30.265491900843113
297,598,431,30.479501308256342
322,631,422,30.675723300355934
295,597,430,31.89043743820395
346,648,430,34.20526275297414
326,638,421,34.48187929913333
362,623,491,40.049968789001575
291,589,426,40.607881008493905
289,591,421,42.42640687119285
306,629,401,50.635955604688654
302,570,479,58.180752831155424
320,578,491,58.728187440104094
307,569,482,60.53924347066124
389,677,479,62.609903369994115
387,652,508,64.88451279003334
398,679,510,82.73451516749222
399,681,508,82.75868534480233
271,587,375,83.2586331859946
378,700,416,86.4060183089118
376,700,413,87.66413177577246
282,534,474,89.98888820293314
400,680,521,91.54780172128658
375,602,543,93.94147114027967
245,539,403,95.01578816175763
370,699,396,95.44108130150245
382,611,549,98.50888284819801
397,720,433,100.62305898749054
298,536,507,101.78899744078434
405,712,497,101.96568050084302
406,714,497,103.75451797391764
408,726,482,109.48059188732951
277,614,336,115.2128465059344
403,656,561,115.43396380615195
242,507,418,118.68024266911489
261,600,332,120.83873551142449
264,605,330,122.05326705991938
269,611,328,123.40583454602137
321,534,539,123.7457069962429
263,606,327,124.90396310766124
270,615,326,125.14391715141412
284,508,507,126.11502686040232
241,496,422,128.3199127181748
253,596,325,128.4562182223967
424,700,553,129.0155029444136
243,585,326,130.080744155313
251,490,468,132.09844813622905
227,497,399,134.46189051177288
230,487,414,139.01438774457844
334,530,557,139.70325694127536
228,486,414,139.97856978837868
278,492,506,140.2355161861645
280,491,509,142.35167719419397
367,722,350,142.8355697996826
373,725,352,143.58621103713267
402,620,596,145.00344823486094
407,634,596,145.58159224297555
432,763,488,146.74126890551273
381,737,360,147.4347313220328
433,763,491,147.52626884728022
412,647,597,148.29699929533302
366,724,344,148.51935900750448
404,625,600,149.05368160498418
363,719,338,149.57606760441325
265,478,496,149.91330828182
299,673,309,151.22169156572744
308,504,551,153.91231269784754
413,641,604,154.30165261590687
217,485,372,157.2800050864699
274,475,511,157.84802817900513
390,753,363,158.64425612041552
279,644,294,158.67577004697347
273,474,511,158.7734234687909
391,754,364,158.927656498169
254,467,492,159.3643623900902
275,473,514,160.85086260259843
394,756,363,161.14899937635357
210,485,363,161.9876538505327
411,631,613,162.30834852218786
239,458,460,163.24827717314508
235,457,457,164.1097193952875
249,462,493,164.45364088398895
236,456,458,165.14841809717706
364,730,326,165.8493292117879
419,638,618,167.86303941010956
371,735,327,168.43990026119107
365,732,323,169.42549985170473
415,627,621,170.10584939971935
384,554,608,170.6985647274165
423,790,415,172.7917822120022
256,453,506,176.77386684688435
268,455,518,179.0111728356641
214,534,294,179.49373248110922
385,756,330,181.289823211343
212,534,291,182.12358441453978
429,800,415,182.58422713914803
431,803,416,185.33483212823216
359,510,604,189.02380802428036
401,577,636,190.16045856065872
446,722,614,191.75505208468434
443,702,628,194.65353837010002
355,501,607,196.8146336022807
225,579,257,198.4943324127921
448,710,632,201.69779374103229
447,704,635,201.8539075668341
352,494,608,201.9356333092305
287,452,563,202.74368054269902
372,507,624,207.18349355100662
204,543,258,208.16579930430456
257,640,240,211.85372312045877
197,520,263,213.41274563624359
195,515,265,214.0840956259946
444,675,660,215.8633827215723
380,511,638,216.9539121564762
288,683,243,217.04377438664304
294,692,245,217.89217516927954
185,417,374,218.04815981796315
386,517,643,218.3575050232989
393,528,650,219.65882636488797
445,675,665,220.70795182774907
442,661,669,221.63934668736056
290,687,238,222.9910312097776
368,492,634,223.8972978845435
344,470,618,225.1443981093023
285,682,233,226.37358503146962
266,415,550,228.55415113272392
293,693,234,228.63289352147035
441,649,679,229.71286424577966
316,717,241,230.9025768587263
205,390,457,231.07790893982056
450,724,658,231.2098613813866
377,492,647,234.6422809299296
449,670,681,235.16164653276266
383,499,654,236.83960817397076
374,485,647,238.5623608199751
296,429,599,242.42112119202815
283,413,583,246.34934544260514
213,573,209,246.71440979399642
340,450,631,248.276056034407
258,653,204,249.06424873915566
426,568,695,249.68980756130196
328,442,626,250.33177984426987
369,470,651,250.60127693210185
388,490,666,251.76576415390556
231,613,199,252.1269521491108
233,616,198,253.04940229133123
337,443,631,253.14817795117546
281,403,582,254.33245958783948
208,573,199,256.5306999171834
203,567,200,256.7430622236948
379,780,245,260.2249027283899
348,749,224,260.6012279326404
439,587,710,261.22212769977966
305,418,617,262.23081436017395
314,725,210,262.4823803610444
440,598,717,266.9925092582187
133,392,305,271.58240001885247
452,705,711,273.23250172700904
425,542,714,274.60881267723363
162,470,219,276.81221071332817
219,350,509,277.1371501621535
130,385,304,278.03776721877193
229,617,172,279.0286723618202
220,348,512,279.7320146139873
437,552,723,280.6153951585693
436,550,723,281.1138559374119
179,520,185,284.52943608702424
223,603,165,286.5658737533135
262,669,166,289.01384049903214
124,385,282,290.27056344038743
222,602,160,291.61961525247233
234,628,159,292.083892058429
238,631,159,292.1711826994579
414,505,722,294.7829710142701
224,614,156,295.0830391601659
226,617,155,296.0270257932542
417,506,724,296.23301639081353
122,362,306,296.82654867784316
158,327,400,298.390683500675
418,505,726,298.46440323763903
119,361,302,299.6681497923995
121,359,305,299.93332592427936
221,604,150,301.4796842243271
182,535,162,301.5244600359977
451,645,752,301.95529470436514
118,357,304,302.1671722738921
142,470,189,302.39874338363245
125,341,335,303.07754783223385
161,321,406,303.35622624235026
157,321,404,303.65934861288235
147,322,394,304.38462510448846
247,345,580,304.65882557378836
140,322,389,305.3604427557702
246,344,580,305.56505035753025
112,376,266,307.001628660175
170,314,424,308.18500936937215
313,737,165,308.62922739105574
244,658,144,309.2216033850158
315,738,164,309.932250661334
410,484,730,310.82149217838844
318,741,164,311.0771608459869
120,421,212,311.64242329952447
126,443,194,312.6227758817326
109,376,256,313.12936623702353
108,360,277,313.68296096536704
176,307,455,314.02547667346994
160,308,416,314.95078980691574
252,666,139,315.22848856028224
216,314,524,315.55982000248383
163,307,418,315.729314445143
159,307,416,315.94461539959815
255,667,138,316.36213427020624
123,435,195,316.4364075134213
127,451,182,318.2153358969363
150,305,412,318.3975502418321
134,307,392,319.49491388752966
143,304,405,320.3201523476161
187,546,139,320.887830869293
168,301,427,320.8987379221053
209,308,522,320.95170976332247
146,302,409,321.7530108639234
201,586,129,323.8965884352597
218,307,533,324.530430006186
137,300,403,324.56894491001447
420,483,746,325.68236059080635
272,687,132,325.75604368913866
136,299,401,325.8588651548397
98,341,284,326.0199380406051
276,689,132,326.16713507035007
113,421,192,327.23233336576016
144,296,412,327.33163611236847
164,294,429,327.7392256047481
186,547,131,328.4448203275552
135,296,402,328.67308986286054
131,297,393,329.15042154006125
207,300,524,329.1959902550455
184,546,130,329.64526388225266
199,297,512,329.6922807710244
128,297,388,330.06817477606046
141,293,412,330.31046002208285
202,298,521,330.49810892045963
104,316,321,331.54939300200806
416,471,747,331.83730953586274
200,583,121,332.1806737304264
151,288,425,334.0134727821619
91,354,250,334.20053859920694
99,318,310,334.20053859920694
392,424,722,335.0373113550191
117,438,170,335.3356527421443
107,414,187,335.47727195743084
145,287,419,335.5294323900662
97,316,311,335.5964838909967
215,295,534,336.40005945302687
156,285,430,336.65561037950937
395,424,724,336.6570955735227
166,284,438,337.25064862799
427,482,759,337.91271062213684
167,283,439,338.21295066865787
155,283,431,338.5911989405513
152,283,429,338.7152196167158
309,353,659,339.24622326563934
165,282,438,339.24917096435183
111,296,352,339.7440212866151
132,284,407,339.8602654032978
92,316,299,340.77705321808276
421,470,757,341.2286623365628
110,427,170,341.4630287454265
138,281,417,341.69577111811026
153,279,433,342.47335662792807
240,301,576,343.5476677260377
312,351,664,343.9026024908797
148,277,431,344.58090486850836
336,363,680,344.97101327502867
303,346,660,345.4070062983668
149,276,432,345.52279230175253
329,360,678,345.90461112855957
350,368,690,348.037354317033
232,295,574,348.4322028745334
351,368,692,349.4137948049561
319,350,673,350.3212811120672
422,461,763,350.63371201297804
354,368,694,350.7962371519968
342,361,687,351.1353015576759
286,714,112,351.5252480263687
434,477,772,351.81955602268613
435,477,773,352.7321930303499
409,438,754,353.97457535817455
323,350,679,354.1539213392956
237,642,97,354.6223343220221
198,272,516,355.00140844791025
430,467,771,355.12814588539726
194,269,509,356.7464085313264
428,463,771,356.88093252512107
324,347,681,357.7373338079211
196,268,514,358.57774610257115
193,266,509,359.70682506730395
438,480,782,359.78048863160996
338,351,689,359.92221381848606
105,430,145,360.7173408640067
259,299,615,361.3585477057378
103,428,145,361.7803200838874
260,299,616,361.8134878635676
339,349,691,362.7450895601483
88,283,319,362.86085487415147
267,299,622,364.58880948268285
90,405,157,364.81776272544624
248,283,614,375.2505829442507
154,245,454,376.0119678946403
300,316,671,376.06515392947534
85,351,188,376.9204160031664
206,255,546,378.1282851096966
83,350,187,378.3345080745345
396,382,748,381.22172026263144
95,424,122,383.4709897762802
114,239,397,385.7978745405423
79,280,267,387.4751604941922
169,230,474,391.6758864163072
250,266,624,394.9101163556082
292,285,672,402.16538886383546
332,297,710,414.79754097631775
101,206,398,418.3706490661122
335,294,712,418.3897704294406
93,206,385,420.21542094501956
174,204,508,420.87765443178375
94,205,387,420.89428601490897
177,204,511,421.2944338583172
356,302,729,423.1370936233315
173,201,509,423.985848820453
68,322,150,424.2664257279852
192,204,536,425.57490527520537
345,292,721,425.60662588827256
63,316,153,426.4141179651537
61,245,248,427.29966065982313
65,239,258,427.98714933979034
60,243,248,429.0606017802147
64,321,144,429.24235578516715
183,197,524,430.2383060583983
100,192,405,431.45915218013397
190,198,537,431.65379646193315
349,289,727,431.7406628984581
325,277,713,432.41184072594496
102,190,407,433.240118179284
81,202,336,434.4951092935339
62,325,132,435.1746775721216
347,283,727,436.3714014460618
353,286,732,437.2482132610721
58,320,133,437.86413417862855
59,323,129,438.73454388730323
57,227,257,439.17194810233497
331,273,719,439.2356998241377
211,199,574,439.5600072800072
343,278,726,439.6293893724577
191,190,540,440.09317195339446
175,185,518,441.1178980726128
178,185,519,441.2708918566916
341,275,726,441.97398113463646
181,183,524,444.04166471177
76,197,318,444.3703410444941
52,241,220,444.7032718566393
189,184,538,445.5760316713636
51,243,215,445.6231591827337
50,240,217,447.1207890492233
89,177,392,447.9028912610411
357,278,740,448.5197877463156
53,227,236,448.8440709199577
188,180,536,449.1169112825746
171,168,502,455.8618211695294
55,208,255,457.1487722831595
56,207,257,457.20017497809425
54,208,253,458.00982522212337
172,166,504,458.07641283960476
46,228,213,459.44858254216
180,167,528,460.483441613268
49,206,242,464.6568626416702
41,219,215,466.1544808322666
48,206,238,466.46972034634786
47,292,119,467.4023962283463
86,161,365,467.9700845139569
40,215,217,468.60644468466285
42,206,228,471.1199422652367
87,133,402,490.4538714293119
73,143,334,492.1107598904946
38,277,89,499.3796151226039
45,155,270,499.9169931098562
44,154,270,500.8492787256462
37,274,87,502.8966096525209
67,128,331,507.3943239729826
66,128,329,507.8710466250267
35,220,138,508.6944072820145
96,111,428,510.51836401837693
34,215,135,514.4822640286058
33,217,128,517.2475229520196
139,102,495,520.8617858895007
32,206,136,521.0086371644908
43,124,283,524.6265338314486
129,96,482,525.9144417108167
36,262,66,526.4085865561085
30,206,127,526.4988129141414
28,177,157,532.5147885270418
27,160,166,541.9833945795757
31,123,214,551.5188120091644
29,121,208,555.9217570845739
71,71,353,558.6626889277644
70,70,353,559.6472103030623
26,129,183,560.2570838463357
72,68,357,560.9322597248263
39,87,278,561.3243269269558
24,138,161,563.3728782964263
25,201,72,565.7216630110606
80,59,386,565.7464096218375
23,135,161,565.946993984419
22,133,161,567.6653944006099
74,59,367,568.242905807015
69,61,352,568.6835675487731
77,56,380,569.4435880752368
75,57,372,569.5059262202633
20,188,78,571.5050305990316
116,49,464,572.1477082013
106,48,454,573.0078533493237
21,198,64,573.3218991107875
19,131,153,573.5015257172382
115,47,464,574.147193670752
18,130,152,574.8756387254551
84,47,397,576.5344742511066
13,167,94,577.5508635609508
12,161,101,578.013840664737
78,45,387,579.5446488407947
82,43,397,580.5170109479997
10,164,93,580.5282077556611
9,158,99,581.6124138977779
7,157,93,586.054604964418
5,149,102,587.0136284618952
6,162,83,588.3068927014199
14,110,157,589.5396509141688
11,114,150,589.6185207403173
16,107,162,589.6753344002104
15,107,160,590.6581075376855
17,100,167,593.3776200700529
8,109,150,593.923395733827
4,146,94,594.2003029282298
3,143,95,596.0033556952511
2,146,84,600.2616096336664
1,139,62,619.3908297674418
0,136,62,621.7282364506216
