110,427,170,25.553864678361276
103,428,145,25.942243542145693
105,430,145,27.730849247724095
107,414,187,31.32091952673165
117,438,170,35.4682957019364
113,421,192,38.48376280978771
95,424,122,39.824615503479755
123,435,195,48.41487374764082
127,451,182,52.354560450833695
126,443,194,53.03772242470448
120,421,212,57.28001396647874
85,351,188,62.26556030423239
83,350,187,62.64982043070834
142,470,189,72.44998274671983
68,322,150,83.2946576918352
62,325,132,83.81527307120105
64,321,144,85.0
59,323,129,86.64871608973787
58,320,133,88.32326986700618
63,316,153,89.08984229416954
162,470,219,89.8276126811795
109,376,256,103.16006979447037
91,354,250,106.06601717798213
112,376,266,112.79184367674819
179,520,185,118.35962149314267
47,292,119,119.21828718783037
124,385,282,126.58988901172162
108,360,277,128.16005617976296
182,535,162,130.09611831257686
187,546,139,142.1442928857856
98,341,284,142.21462653327893
184,546,130,143.56183336806478
186,547,131,144.3606594609487
38,277,89,144.9413674559475
130,385,304,148.35430563350698
37,274,87,148.52945835759317
133,392,305,148.56984889270097
119,361,302,151.52887513606112
195,515,265,154.1557653803451
118,357,304,154.63828762631846
121,359,305,154.983870128475
122,362,306,155.08062419270823
197,520,263,156.40012787718558
79,280,267,166.50825805346713
92,316,299,167.5857989210303
203,567,200,167.60966559241146
36,262,66,169.49926253526885
204,543,258,171.011695506477
51,243,215,172.06975329789952
208,573,199,173.17043627594174
50,240,217,175.57049866079439
52,241,220,175.6843760839307
213,573,209,175.86358349584486
99,318,310,176.00568172647155
97,316,311,177.867928531256
200,583,121,181.60396471443016
201,586,129,183.15294155431957
61,245,248,184.06792224611002
46,228,213,185.64751546950473
60,243,248,185.80904176062046
35,220,138,185.9731163367437
212,534,291,186.00268815261785
104,316,321,186.59314028120113
214,534,294,188.1754500459611
125,341,335,189.15602025840997
33,217,128,190.22355269524328
34,215,135,191.2694434560837
65,239,258,194.31160541768986
53,227,236,194.74342094150447
41,219,215,194.83326204732086
222,602,160,197.02284131541703
223,603,165,198.16155025635018
221,604,150,199.12307751739877
40,215,217,199.24858845171275
32,206,136,200.10497245196083
225,579,257,200.6888138387389
30,206,127,201.2486024796197
88,283,319,202.8003944769339
57,227,257,204.16659863944446
224,614,156,209.00239233080563
42,206,228,211.28653530218153
226,617,155,212.00943375236866
231,613,199,212.19802072592478
229,617,172,212.52999788265186
48,206,238,214.85343841791317
233,616,198,214.94650497274898
49,206,242,216.39316070523117
185,417,374,217.33154395991392
54,208,253,219.14607000811125
55,208,255,220.0295434708712
210,485,363,220.9886874932742
25,201,72,221.0
56,207,257,221.81974664127628
234,628,159,223.00896842952304
111,296,352,223.39650847763937
238,631,159,226.00884938426637
21,198,64,226.93170778892932
28,177,157,228.0
217,485,372,229.40139493908924
20,188,78,230.9328906847182
237,642,97,244.47699278255203
27,160,166,245.16525039246488
13,167,94,246.19707553096563
140,322,389,246.4000811688178
243,585,326,246.9028148887736
257,640,240,249.22680433693324
10,164,93,249.35316320431951
12,161,101,250.3437636531016
147,322,394,251.11352014576994
258,653,204,252.41434190631878
244,658,144,253.33377192944488
9,158,99,253.71834777958017
6,162,83,254.01771591761076
253,596,325,254.37177516383377
134,307,392,254.61539623518448
128,297,388,255.0
158,327,400,255.2116768488464
7,157,93,256.12496949731394
227,497,399,258.897663179875
131,297,393,259.53805116013336
157,321,404,260.8926982496827
252,666,139,261.6199533674754
5,149,102,261.8415551435639
261,600,332,262.01145013147806
255,667,138,262.68802789621
161,321,406,262.78698597913865
76,197,318,263.0304164920856
263,606,327,263.2508309578528
262,669,166,264.15336454416024
264,605,330,264.4409196777231
136,299,401,266.03007348794233
4,146,94,266.5520587052368
24,138,161,267.02996086581743
137,300,403,267.4714938082187
269,611,328,267.72560579817537
143,304,405,267.7778930382417
135,296,402,268.15294143454776
2,146,84,269.09106265351886
3,143,95,269.23595599399425
228,486,414,269.462427807663
270,615,326,269.5570440556136
230,487,414,269.7647122957337
23,135,161,270.0296280040396
81,202,336,270.64737205448716
22,133,161,272.02941017470886
146,302,409,272.237029075767
150,305,412,273.9069184960467
19,131,153,274.02919552485645
45,155,270,274.3519637254306
18,130,152,275.04545078950133
277,614,336,275.17630711963557
44,154,270,275.26351011349107
279,644,294,275.4813968310746
160,308,416,276.56825558982723
159,307,416,276.9205662279348
26,129,183,277.22193275424655
144,296,412,277.3193105429191
132,284,407,277.74268667239465
141,293,412,278.5121182282739
163,307,418,278.792037189013
245,539,403,280.12854192316786
241,496,422,280.1892217769984
242,507,418,280.22312538404105
170,314,424,282.0815484926301
1,139,62,282.4553061990516
272,687,132,283.10598722033416
271,587,375,283.9859151436916
276,689,132,285.0982286861846
0,136,62,285.2823163114041
285,682,233,287.2368360778262
145,287,419,287.34648075102643
31,123,214,287.70297183032363
138,281,417,288.05555019822134
29,121,208,288.54289109246827
168,301,427,289.3371735536241
288,683,243,290.99828178186897
11,114,150,291.08418026406036
114,239,397,291.81500989496755
151,288,425,292.42605903031284
290,687,238,293.4024539774676
164,294,429,293.7771264070775
14,110,157,295.0
8,109,150,296.08275870100914
15,107,160,298.0151002885592
16,107,162,298.04194335697116
152,283,429,298.10736320996836
293,693,234,298.1157493323692
156,285,430,298.20965779129284
155,283,431,299.93332592427936
294,692,245,300.18827425467504
205,390,457,300.3747659175118
148,277,431,302.42354405700627
93,206,385,302.63013729633735
153,279,433,303.4007251144928
149,276,432,303.75318928366823
235,457,457,304.473315743761
94,205,387,304.7950130825634
17,100,167,305.16389039334257
236,456,458,305.29002604081256
166,284,438,305.9444394003591
165,282,438,306.7409330363328
167,283,439,307.25884853003015
239,458,460,307.6003901167877
43,124,283,307.95616571194023
299,673,309,308.1038785864274
286,714,112,312.25950746134214
101,206,398,312.54119728445403
176,307,455,313.7004941022567
73,143,334,316.18507238641104
86,161,365,320.62439083762797
251,490,468,322.4065756153246
289,591,421,322.94271937914937
316,717,241,323.10988842807024
314,725,210,324.3593686021725
291,589,426,325.909496639788
66,128,329,326.0567435278712
100,192,405,326.91436187478826
67,128,331,327.11618730964693
89,177,392,327.42785464892876
102,190,407,329.73474187595093
306,629,401,331.2280181385627
313,737,165,332.0963715550051
315,738,164,333.073565447635
295,597,430,333.75589882427545
297,598,431,335.1492204973779
318,741,164,336.0729087564185
301,613,422,336.8812847280181
154,245,454,337.3558951611784
304,611,426,338.8170597830044
39,87,278,340.2425605358624
254,467,492,340.6890077475351
249,462,493,340.8005281686048
282,534,474,342.24260401066374
317,626,423,345.8279919266224
265,478,496,346.77081768799405
322,631,422,348.28293096274473
310,600,446,348.63447907514825
311,600,448,350.2941620980858
348,749,224,350.46397817750113
326,638,421,352.115038020247
256,453,506,352.28539566663846
219,350,509,356.2709642954362
220,348,512,359.54693713060607
278,492,506,359.6804137008297
273,474,511,360.6618915272308
274,475,511,360.85454133209964
302,570,479,361.8134878635676
169,230,474,362.0966721747108
280,491,509,362.3534186398688
363,719,338,362.43206259932356
275,473,514,363.4184915493432
327,616,453,363.5065336414189
307,569,482,364.0343390396021
268,455,518,364.44615514503647
330,621,451,364.81776272544624
284,508,507,364.84106128559597
346,648,430,365.48324174987835
87,133,402,366.072397211262
364,730,326,366.31407289373965
333,621,453,366.43143969916116
365,732,323,366.7219655270188
366,724,344,369.77019890737546
199,297,512,371.06468438804575
367,722,350,371.13070473891
371,735,327,371.2142238654117
298,536,507,373.7124563083227
373,725,352,374.73323845103465
320,578,491,376.14491888100787
194,269,509,377.35924528226417
209,308,522,377.6691673938978
216,314,524,378.1137395017536
193,266,509,378.4507894033252
370,699,396,378.88916585196785
202,298,521,379.40084343606827
358,651,447,380.2841043220187
207,300,524,381.72503192743335
360,651,449,381.81147180251145
196,268,514,382.38462312179865
198,272,516,382.8446159997552
361,648,454,383.74210089590116
379,780,245,385.18696758846863
71,71,353,387.26218508912024
70,70,353,388.124979871175
218,307,533,388.5614494516923
381,737,360,389.1439322410154
376,700,413,390.59057848340376
385,756,330,391.3182847759609
72,68,357,391.8788077964921
378,700,416,392.5633706804546
215,295,534,392.7200020370748
266,415,550,393.1272058761642
69,61,352,395.42508772206145
362,623,491,398.84834210511644
96,111,428,399.8462204398086
321,534,539,403.1935019317648
390,753,363,404.40079129497263
174,204,508,404.47744065645986
74,59,367,404.74189306272706
391,754,364,405.77087130546965
308,504,551,406.2474615305307
173,201,509,406.8414924758781
394,756,363,406.98525771826183
177,204,511,407.0835295120646
287,452,563,408.71138961374686
75,57,372,409.05867549778236
77,56,380,414.16180412973864
80,59,386,414.9180642006323
206,255,546,416.9184572551328
171,168,502,418.5618233905238
397,720,433,418.80902569070787
334,530,557,419.0763653560052
172,166,504,421.34309060431974
389,677,479,421.50682082262915
183,197,524,421.8447581753269
175,185,518,422.75406562208246
178,185,519,423.60830964465276
281,403,582,425.0047058562999
283,413,583,426.07511074926686
78,45,387,427.20018726587654
247,345,580,427.2341278502924
246,344,580,427.375712927162
181,183,524,428.92073859863666
192,204,536,429.00116549958227
387,652,508,429.19692449969864
84,47,397,431.003480264371
232,295,574,431.26442004876776
240,301,576,431.7140257160983
190,198,537,432.722774995724
375,602,543,433.36474245143665
82,43,397,434.33167050078214
191,190,540,439.21976276119454
189,184,538,440.45658128809924
188,180,536,440.75616841968304
180,167,528,440.7777217600726
296,429,599,442.6511041441103
382,611,549,442.83179650969055
399,681,508,446.51651705172117
398,679,510,446.8612760130374
129,96,482,448.4484362777955
139,102,495,453.9306114374751
400,680,521,456.2028057783073
408,726,482,456.7997373029017
405,712,497,458.09278536121917
359,510,604,459.1666364186318
406,714,497,459.4355232238796
352,494,608,459.6977267727131
355,501,607,460.1260696809082
305,418,617,460.1836589884521
423,790,415,463.4533417723946
106,48,454,464.38992237127627
211,199,574,465.1075144523038
344,470,618,465.55987799637546
116,49,464,470.0904168348893
259,299,615,470.1063709417263
328,442,626,470.45722441046644
260,299,616,471.08067249676037
115,47,464,471.60682777076073
429,800,415,471.79338698205595
248,283,614,473.00422831091055
431,803,416,474.8526087113769
384,554,608,474.9757888566532
337,443,631,475.5207671595427
403,656,561,475.6227496661614
340,450,631,476.13128441638867
267,299,622,476.92871584755727
372,507,624,478.0094141332365
368,492,634,484.86905448791015
250,266,624,487.24737043928724
432,763,488,487.5705077217038
402,620,596,488.82103064414076
433,763,491,489.61209135396155
380,511,638,492.5413688209347
424,700,553,493.8025921357643
404,625,600,494.62005620476003
407,634,596,495.13836450026776
374,485,647,496.4876634922564
377,492,647,497.66354095915045
369,470,651,498.2579653151568
386,517,643,498.738408386601
412,647,597,502.1593372625864
309,353,659,504.686041019563
413,641,604,505.4750241109841
383,499,654,505.811229610415
303,346,660,506.4484179065031
393,528,650,508.1121923355117
411,631,613,508.93221552580064
401,577,636,508.9449872039217
312,351,664,509.8676298805407
415,627,621,514.3734052223151
388,490,666,516.0484473380382
419,638,618,516.5365427537533
319,350,673,518.922922985678
300,316,671,521.6483489861729
329,360,678,522.9397670860383
336,363,680,524.6837142507856
323,350,679,524.8895121832784
324,347,681,527.2001517450465
292,285,672,528.7958017987662
342,361,687,531.8232789188529
350,368,690,534.2826967065282
338,351,689,534.7335785229875
351,368,692,536.2779130264456
339,349,691,536.9283006137784
354,368,694,538.2731648521966
446,722,614,556.1816250111109
443,702,628,556.8213357981176
426,568,695,562.1503357643754
332,297,710,563.4474243440998
447,704,635,563.8129122324177
448,710,632,564.4909210961679
392,424,722,565.3193787585916
335,294,712,565.9911660087992
395,424,724,567.3182528352141
325,277,713,570.5436004373373
444,675,660,570.8844016085918
442,661,669,572.4334022399462
425,542,714,573.6009065543743
414,505,722,573.7813172280883
345,292,721,575.2086577929787
445,675,665,575.2947070849862
417,506,724,575.9253423838892
441,649,679,576.2117666275134
331,273,719,577.2936860905374
418,505,726,577.7205206672168
410,484,730,578.4202624389986
356,302,729,581.1996214726915
349,289,727,581.6837628815163
439,587,710,582.179525576089
347,283,727,582.9099415861767
343,278,726,583.0008576323023
341,275,726,583.6617170930435
436,550,723,584.2781871677223
437,552,723,584.7777355542873
353,286,732,587.1848090678096
449,670,681,587.1975817388897
396,382,748,591.4473772027399
440,598,717,592.3250796648746
416,471,747,593.6800485109803
450,724,658,593.9377071713834
420,483,746,594.1422388620422
357,278,740,596.6724394506588
409,438,754,597.9113646687107
421,470,757,603.5105632878351
427,482,759,606.9044405835239
422,461,763,608.5819583260746
428,463,771,616.7333297301193
430,467,771,617.122354156775
434,477,772,619.2002906976062
435,477,773,620.1935181860578
438,480,782,629.4839156007085
452,705,711,630.012698284725
451,645,752,641.5800807381726
