404,587,710,24.20743687382041
402,559,719,25.632011235952593
401,557,719,26.40075756488817
392,541,713,32.449961479175904
405,599,719,39.20459156782532
367,528,650,60.207972893961475
375,580,634,62.16912416947821
385,505,725,69.77822009767804
359,516,645,72.13875518748573
356,499,654,80.26207074328447
354,511,638,80.61017305526642
362,490,666,83.21658488546619
357,554,608,88.11923740024082
350,492,647,89.88882021697692
380,485,731,90.47098982546837
343,507,624,93.60555539069249
384,627,621,94.64142856064674
347,485,647,95.88013350011565
406,661,669,96.56603957913983
389,484,747,98.79271228182775
341,490,634,99.02019995940222
381,631,613,103.40696301506973
388,638,618,104.06248123122954
334,511,604,107.37783756436893
394,482,760,107.80074211247342
340,468,650,109.65856099730654
386,472,748,109.65856099730654
387,639,611,109.98636279102969
330,502,606,110.80162453682708
409,675,665,111.12605455067681
408,675,660,112.57886124845996
376,622,596,112.76967677527502
326,494,608,114.21471008587291
390,470,758,116.50321883965266
383,641,604,116.66190466471906
378,634,596,118.98319209031165
399,477,773,119.85407794480753
413,688,693,120.01666550941998
400,477,774,120.50726119201282
403,480,782,123.7457069962429
321,470,618,124.63145670335399
382,647,597,125.87692401707312
396,467,771,126.40015822774906
395,465,771,128.00390619039717
415,705,711,137.93114224133723
314,530,557,143.13629868066312
364,424,721,146.32839779072276
368,424,723,146.696966567138
411,704,635,148.64723340849636
407,702,628,149.81655449248592
358,612,551,150.57224179774968
412,710,632,155.3479964466874
348,602,543,155.7562197795003
291,505,552,156.26259949200897
301,534,539,159.66214329013624
377,656,561,160.31219541881399
414,724,658,160.3277892319357
277,429,599,168.92897915988246
287,418,617,169.06803364326444
410,722,614,174.0028735394907
270,452,563,175.72706109191037
280,536,507,190.70395905696347
267,412,583,192.04166214652486
370,382,748,193.40372281835735
391,700,553,193.8762491900439
268,509,507,197.0406049523803
265,403,582,199.98499943745782
329,368,695,200.0
328,368,694,200.0024999843752
266,491,510,200.38463014912097
263,492,507,202.78066969018522
300,578,491,204.24495097798624
260,473,514,204.41624201613726
316,364,681,204.47982785595258
361,652,508,205.0
374,680,523,205.25106577068
259,475,511,206.1674077054858
256,474,511,206.6204249342257
320,361,687,207.15453169071634
312,361,679,207.6174366473105
251,455,518,209.99523804124703
249,414,550,211.52068456772733
336,624,490,212.5111761766896
288,569,482,213.00234740490538
373,680,512,214.55302374937528
289,571,480,215.02092921387907
317,351,689,217.0829334609241
293,353,661,217.671771252039
250,478,496,218.4055860091495
372,681,508,218.4902743830947
306,350,680,218.51544567833184
302,350,675,218.91550881561588
318,349,691,219.03652663425797
240,455,507,219.3467574412715
296,350,666,219.92044015961773
304,347,681,221.44299492194375
294,347,665,223.02690420664499
309,345,685,223.22410264126944
285,346,660,224.7420743875076
234,467,492,226.73773395709856
230,462,493,228.12277396174193
237,493,468,239.06902768865731
363,677,479,241.9442084448396
307,616,453,246.71440979399642
315,622,454,246.9757073074192
292,599,449,247.94555854057964
310,621,451,249.68980756130196
290,599,447,249.92999019725505
228,344,581,251.34040662018512
227,344,580,251.79555198613022
335,648,455,252.98221281347034
282,316,671,253.14027731674784
243,521,443,256.3454700204394
222,458,461,258.5652722234755
246,527,439,259.26241532470533
233,515,441,259.47061490658245
333,651,449,259.6247291765559
231,512,441,260.0999807766237
225,509,441,260.7623439072444
218,456,458,262.1316463153581
217,457,457,262.6118809193522
278,597,432,264.59402865522117
379,726,482,265.2036952985384
279,598,431,265.69907790581436
331,303,729,267.1722290957651
235,524,431,267.64155133312164
273,589,426,269.8184574857695
313,297,710,271.4148116813082
286,611,426,272.41512439657237
272,591,421,274.96363395911106
283,611,423,275.3779221361074
323,649,431,276.14670014323906
253,299,623,278.4690287985362
303,632,423,279.42798714516766
244,299,616,280.36048223670895
242,299,615,280.6439024814186
325,289,727,280.8291295432153
397,763,492,281.48534597737057
308,638,422,281.83150994876354
275,285,672,283.9330907097656
327,286,731,284.2885857715712
324,285,727,284.80344099044873
398,765,489,285.0350855596553
210,348,512,286.16254122438875
209,350,509,286.5658737533135
214,487,417,289.56001105124994
322,280,726,289.66359798911566
305,277,713,291.556169545424
221,301,576,292.31831964486935
226,539,404,292.4414471308744
332,278,740,293.47061181658376
319,275,726,294.63536787018626
211,459,421,294.8847232394381
311,274,719,294.9779652787645
194,392,458,295.2033197645311
232,283,616,295.7465130817268
216,295,574,298.6134625230417
284,628,400,301.0398644698074
371,720,433,302.89932320822373
205,315,524,305.3686296920494
207,307,533,307.18886698576824
352,701,417,308.1768972522113
351,701,414,310.8858311341963
229,265,622,311.66969695496545
197,308,522,312.2963336320169
204,296,535,315.56932677305633
195,300,524,317.90721916936707
257,588,375,320.62439083762797
191,298,521,321.21021154378013
344,700,398,325.0123074592715
208,486,380,325.4980798714487
188,297,512,327.00152904841286
206,486,372,333.2461552666437
199,486,364,341.0058650522011
193,255,546,346.6554485364394
186,268,514,350.3726587506508
184,269,509,352.13207749365864
171,307,455,354.5715724645731
178,417,372,356.5529413705628
262,614,337,360.9432088293115
245,600,332,364.4077386664559
252,606,331,365.9781414237741
223,585,327,368.3924537772184
254,611,328,369.51048699597146
248,606,327,369.95675422946397
255,615,327,370.98921817217274
236,597,324,372.1316971181036
355,738,361,374.77459892580765
164,301,429,376.88857769903296
159,321,408,378.65287533570904
349,731,353,378.85749299703707
365,754,364,379.6801285292661
345,727,350,379.87629565425635
156,327,401,380.1539161971109
366,755,364,380.1710141502111
158,307,418,380.5916446797013
161,294,430,381.1836827567518
157,308,416,381.36727704405894
369,756,363,381.53374686913344
154,307,416,382.04973498224024
162,284,438,383.020887158912
163,283,439,383.0939832469312
160,282,438,384.50617680344226
200,203,574,384.53348358758046
346,731,346,385.1882656571978
148,305,412,386.33922917560415
152,289,427,386.86560974064366
337,720,338,388.0115977648091
151,283,431,388.48552096571115
145,322,394,388.73770077006935
149,283,429,389.84740604498063
150,279,433,390.0833244321013
144,302,409,390.57905729826325
143,305,406,390.7556781417258
141,296,412,392.5213369996592
147,276,432,392.9796432386797
142,287,419,393.8743454453463
140,294,412,393.9098881724093
146,275,431,394.3919370372574
136,300,403,396.34328554928237
137,281,418,398.87090643465086
135,296,403,399.0588928967753
134,297,402,399.1115132390946
133,307,392,399.9124904275934
281,673,309,400.0262491387284
132,309,390,400.13247806195386
203,535,296,400.3623358908777
153,245,455,402.40402582479214
338,730,326,402.995037190286
165,230,475,403.29145788126976
342,735,327,404.120031673759
202,535,292,404.3488592787174
131,284,407,404.4749683231337
339,733,324,406.0369441319349
130,295,394,406.36190766359977
169,205,508,408.3356462519529
183,190,538,409.3079525247463
127,297,388,409.49969474958095
176,197,521,409.7767684971904
264,645,292,410.29014124153656
360,758,331,410.6044325138247
168,201,508,411.895617845104
182,180,536,419.3149174546501
175,183,524,421.2671361499731
172,185,519,421.50326214633264
170,185,518,421.921793701155
124,340,336,425.28225921145594
129,384,307,429.4182110716778
185,515,265,433.25396709089694
173,167,528,434.3846221955837
187,520,263,434.658486630596
192,543,260,435.71779858068686
212,579,257,438.1381060807197
110,296,349,440.1136216933077
120,360,306,441.1178980726128
121,363,303,442.36749428501184
166,168,503,443.6935879635855
114,239,397,443.8975106936285
167,166,504,445.06741062450305
117,357,303,445.1797389819083
102,315,321,451.5362665390234
123,385,282,451.7277941415604
99,316,313,457.6330407651965
98,317,311,458.7559263922375
241,640,240,460.6614809163015
104,344,292,461.06940909151626
271,683,243,466.4000428816447
100,207,399,466.83723073465336
95,319,300,466.93254330791723
105,358,277,467.7862759850913
112,376,266,470.00531911883724
274,688,240,470.5581791872287
89,283,320,471.00955404322747
101,191,408,473.81219908313886
93,206,385,476.59626519728414
94,202,388,477.7080698501963
276,695,234,478.17360864020924
109,376,256,479.15028957520207
201,573,210,485.02577251111103
155,470,218,486.96303761168565
92,354,251,492.88132445853535
90,177,392,494.6615004222584
196,571,200,495.00909082561304
198,574,200,495.036362300791
215,614,201,496.1370778323265
353,781,246,496.960763038693
219,618,198,499.50875868196744
119,421,214,502.9612311103113
138,105,496,503.95436301316016
295,723,211,508.21353779685955
174,521,187,510.16957964974745
80,203,337,511.2621636694818
79,280,269,514.2178526655798
125,443,196,514.4181178768881
139,470,190,514.4210337845839
122,435,197,515.4541686706976
128,96,482,517.8349157791506
86,161,365,523.9742360078403
126,451,184,524.2232348913963
88,133,402,524.4749755708083
113,422,191,524.7208781819149
213,617,171,526.2860438962826
74,198,317,528.9461220200031
96,111,428,529.2806438931997
107,414,187,530.8295394945537
177,536,164,531.9633446018626
247,669,168,536.5910919871853
118,438,170,540.8558033339385
111,426,172,541.9344978869678
62,239,258,547.0009140760187
59,245,248,551.487080537704
82,350,188,551.881327823292
58,244,248,552.0733646898752
81,350,187,552.8001447177813
54,228,258,553.6867345349715
181,545,140,555.476372134765
297,737,165,556.2921894112841
299,741,166,556.569851860483
298,738,164,557.549100976766
72,143,334,557.6253222370734
224,658,144,558.3018896618566
239,668,143,560.9848482802365
238,668,142,561.9688603472616
91,405,157,562.1503357643754
190,585,131,564.256147507495
180,547,131,564.3908220373538
106,430,147,565.1088390743857
179,546,130,565.4281563558716
103,428,147,565.6005657705798
116,50,465,566.7662657568815
51,207,258,566.8244878266993
50,208,257,566.9603160715924
49,209,254,568.6492767954603
115,47,465,569.5094380253939
48,227,237,571.0035026162274
63,128,330,571.6861026822324
189,585,123,572.2525666172237
258,687,134,573.4823449767221
108,47,455,573.6209549868275
261,689,134,573.9006882728056
47,241,221,575.8515433686013
46,243,216,578.8488576476592
45,240,217,579.7137224527293
44,206,242,579.8732620150718
97,425,127,585.724337892835
39,207,230,588.6815777650936
42,227,214,589.6117366538763
41,155,270,592.6162333247378
40,154,270,593.3135764500927
38,219,215,593.4652475082261
84,53,397,595.0033613350432
78,59,386,595.451089511137
37,215,215,595.8263169750057
60,316,153,597.7189975230835
65,322,150,597.9473220945137
269,714,114,599.0634357061028
85,47,398,599.7082624076477
76,56,382,600.0941592783586
220,643,99,600.7004245045945
71,71,357,601.0432596743765
83,44,398,602.3163620556892
87,41,402,602.9742946428148
69,71,353,603.3017487128642
70,68,357,603.526304314899
61,321,144,603.8294461186867
68,70,353,604.12581471081
75,57,372,604.5246066125018
73,59,368,604.9876031787759
77,46,388,605.5848412898064
67,331,135,608.086342553424
55,72,341,609.3701666474984
64,328,133,611.1006463750468
66,62,352,611.2977997670203
56,321,135,612.0531022713634
53,70,339,612.1601097752123
52,71,336,613.0986869990834
57,323,131,614.9154413413279
36,87,280,635.2841883755647
43,293,118,639.1822901176158
31,122,216,654.4898776910152
34,220,138,656.7746950058292
28,121,209,660.3067468987425
33,215,135,661.9735644268584
27,177,159,663.4583634260706
30,206,136,665.976726320072
32,217,128,666.8508079023374
26,160,166,668.0606259913841
29,206,127,673.5488104064916
25,129,184,673.6779646092041
24,138,162,684.8277155606364
22,134,162,687.3463464658847
21,135,161,687.4918181331324
18,131,153,696.2276926408487
17,129,152,698.2621284302909
35,260,65,701.2588680366189
16,109,162,703.3988910994956
14,106,162,705.3601916751469
15,100,167,705.5551006122768
13,110,157,706.5465306687169
10,114,150,709.3243263839187
7,109,150,712.5349114253981
11,161,101,720.0590253583382
23,200,75,720.988210721923
12,167,94,722.4970588175429
19,190,79,722.7309319518572
8,158,99,723.4058335402059
9,164,93,724.9965517159375
4,149,102,726.0922806365593
20,199,67,728.385200288968
6,157,93,728.9204346154661
5,162,84,733.5918483734671
3,146,94,734.3602658096365
2,143,96,734.4562614614978
1,138,62,765.2378715144723
0,136,63,765.5377195148519
