400,477,774,8.54400374531753
399,477,773,9.486832980505138
396,467,771,17.029386365926403
395,465,771,18.601075237738275
394,482,760,22.090722034374522
390,470,758,26.0
386,472,748,34.92849839314596
389,484,747,35.22782990761707
380,485,731,51.24451190127583
385,505,725,62.24146527838174
368,424,723,81.34494452638098
364,424,721,82.80700453464067
392,541,713,92.09777413162601
401,557,719,99.48869282486326
402,559,719,101.04454463255303
370,382,748,103.73041983911952
362,490,666,116.43023662262307
393,568,695,123.7457069962429
404,587,710,128.96898852049665
356,499,654,129.40247292845683
340,468,650,132.54433220624713
405,599,719,134.6476884316994
347,485,647,135.09256086106296
350,492,647,135.5322839769182
367,528,650,140.4563989286355
359,516,645,141.65097952361643
329,368,695,141.82030884185804
328,368,694,142.43595051811886
354,511,638,147.29901561110313
341,490,634,148.33745312630927
320,361,687,152.2694979304785
316,364,681,153.8083222715858
312,361,679,157.3848785620779
317,351,689,159.02829936838285
318,349,691,159.5054857990784
343,507,624,160.29036153181514
321,470,618,164.30459518832697
306,350,680,165.23922052587878
309,345,685,166.23477373883
304,347,681,167.0029939851379
302,350,675,168.37161280928564
296,350,666,174.22973339817747
326,494,608,174.56230979223437
293,353,661,175.41379649275024
287,418,617,176.26400653565094
294,347,665,177.1383639983163
330,502,606,177.36967046256808
375,580,634,178.61690849412886
334,511,604,180.6792738528689
285,346,660,181.2181006411887
331,303,729,184.76471524617463
357,554,608,189.08199279677586
277,429,599,189.97368238785077
313,297,710,196.65451939886864
282,316,671,198.03282556182447
325,289,727,198.76116320851014
327,286,731,200.59162494979694
324,285,727,202.6079958935481
332,278,740,206.32013958894075
322,280,726,207.69207977195472
267,412,583,210.2974084481309
319,275,726,212.5111761766896
406,661,669,213.37759957408838
265,403,582,214.3105223734943
305,277,713,214.40615662802222
311,274,719,215.41819793137256
384,627,621,218.01376103356412
270,452,563,220.7826985975124
275,285,672,223.8861317723811
413,688,693,226.24102192131292
381,631,613,226.63186007267382
409,675,665,227.40712389896672
388,638,618,227.72790781983662
408,675,660,230.0195643852931
314,530,557,230.4886114323222
291,505,552,231.3547060251855
387,639,611,233.49946466748057
376,622,596,234.00854685246006
415,705,711,235.9364321167886
383,641,604,240.01041644062033
253,299,623,240.91907354960503
249,414,550,241.20530674095875
378,634,596,241.4787775354182
228,344,581,242.68704126920332
227,344,580,243.51591323771842
244,299,616,245.5951953927438
242,299,615,246.272207120495
301,534,539,248.92770034690795
382,647,597,249.22680433693324
232,283,616,257.6140524117425
251,455,518,265.18107021429716
358,612,551,266.05450569385215
411,704,635,267.9272289260649
229,265,622,268.00186566514793
260,473,514,268.09140232390894
348,602,543,268.337474088134
407,702,628,270.1851217221259
259,475,511,271.0461215365385
256,474,511,271.0664125265246
266,491,510,272.2223356008834
221,301,576,272.90474528670256
414,724,658,273.70056631289606
412,710,632,274.5906043549196
263,492,507,275.26169366622736
240,455,507,276.1340254296815
268,509,507,276.5248632582611
216,295,574,278.3684608571883
280,536,507,280.6439024814186
377,656,561,282.51902590799085
250,478,496,286.0069929215018
230,462,493,289.56001105124994
234,467,492,290.2912330746487
410,722,614,294.59803122220626
210,348,512,300.53951487283666
209,350,509,302.3722870899382
207,307,533,303.19960422137757
205,315,524,306.2498979591667
300,578,491,307.05862632402955
204,296,535,308.00162337234525
197,308,522,311.7434842943794
288,569,482,312.92331328937445
237,493,468,314.2689930616764
195,300,524,314.5854414940399
289,571,480,315.41242841714404
391,700,553,317.55471969410246
191,298,521,318.190194694934
222,458,461,321.7530108639234
361,652,508,323.5119781399137
218,456,458,324.8876728963412
336,624,490,325.5764119219941
217,457,457,325.8128297044179
193,255,546,326.06901110041105
188,297,512,326.17326683834773
374,680,523,327.23233336576016
194,392,458,335.7379930838927
373,680,512,336.00595232822883
372,681,508,339.8190695061123
243,521,443,341.4703501037828
186,268,514,341.7133301467767
225,509,441,342.2309161954834
231,512,441,342.49817517762045
233,515,441,342.79148180781857
184,269,509,345.03622998172233
246,527,439,346.2051414985052
200,203,574,346.4000577367157
292,599,449,353.62409420173844
235,524,431,353.7470847936418
290,599,447,355.50808710914015
307,616,453,356.00140449161154
315,622,454,357.41852218372793
310,621,451,359.78048863160996
363,677,479,361.41112323778856
211,459,421,361.6102874642811
214,487,417,365.0671171168392
335,648,455,367.63160908714036
278,597,432,369.0379384290997
171,307,455,369.94323888942745
279,598,431,370.3039292257105
273,589,426,372.3130403303113
333,651,449,374.33941817553756
272,591,421,377.6797585256589
183,190,538,378.9934036365277
286,611,426,379.3375805268969
283,611,423,382.15441905072873
226,539,404,382.57678967757573
176,197,521,384.98051898764953
182,180,536,387.96391584785306
379,726,482,387.96391584785306
169,205,508,388.2022668661274
323,649,431,389.56642565806413
303,632,423,389.85253622363416
168,201,508,391.0460330958492
308,638,422,393.14628320766303
175,183,524,393.41199778349414
172,185,519,395.2138661535043
163,283,439,395.5477215204254
164,301,429,395.790348543266
170,185,518,395.8800323330289
165,230,475,395.9153950025182
162,284,438,395.9191836726278
160,282,438,396.9130887234635
161,294,430,398.1205847478877
208,486,380,402.0447736260229
151,283,431,402.5046583581363
153,245,455,402.6834985444524
150,279,433,402.7430942921306
158,307,418,403.01985062773275
173,167,528,403.0942817753683
152,289,427,403.12032943030795
149,283,429,404.2499226963439
157,308,416,404.40079129497263
154,307,416,404.82712359722143
147,276,432,405.1123301011708
397,763,492,405.2024185515185
159,321,408,406.39512792355174
146,275,431,406.4800118086989
398,765,489,408.7468654314061
148,305,412,409.2981798151563
284,628,400,409.66815839164263
206,486,372,410.0439000887588
156,327,401,410.5727706509529
142,287,419,411.11798793047234
141,296,412,413.2263302356228
144,302,409,413.2952939485278
140,294,412,414.12075533592855
143,305,406,414.7300326718575
178,417,372,414.8120056121809
137,281,418,414.8457544678504
199,486,364,418.04305998305966
166,168,503,418.5510721524913
145,322,394,418.9367494025799
167,166,504,419.38049549305464
136,300,403,419.57240138026236
257,588,375,421.0855020064215
135,296,403,421.3039282987995
134,297,402,421.768894064036
131,284,407,423.1323669964282
371,720,433,423.55755216971403
133,307,392,426.64856732444326
352,701,417,426.69192633561744
132,309,390,427.6739412215806
351,701,414,429.26099287030496
130,295,394,429.84764742871397
127,297,388,434.42490720491617
344,700,398,442.55621111899444
114,239,397,454.2092029010421
262,614,337,464.7375603499248
245,600,332,465.72524088780074
223,585,327,466.9582422444217
124,340,336,467.4569498895059
252,606,331,468.27022113305475
100,207,399,470.33817620941636
110,296,349,470.4731660785767
138,105,496,471.61530933590353
248,606,327,472.12392440968296
254,611,328,472.521957161781
101,191,408,472.6489183315667
236,597,324,472.70815520784066
255,615,327,474.60509900337144
94,202,388,482.2032766375608
93,206,385,482.3743359674103
129,384,307,484.60396201434423
128,96,482,487.29457210192686
203,535,296,489.10223880084624
102,315,321,489.6386422659061
120,360,306,490.893063711436
202,535,292,493.0770730829005
121,363,303,493.08214325809854
355,738,361,493.7661389767427
90,177,392,493.8714407616622
117,357,303,494.5401904800054
99,316,313,496.84705896281605
349,731,353,497.0331980864055
345,727,350,497.627370629872
98,317,311,498.4074638285426
365,754,364,499.799959983992
366,755,364,500.348878283943
369,756,363,501.7339932673488
89,283,320,502.24794673547444
346,731,346,503.08746754416376
337,720,338,504.7137802755142
95,319,300,508.17811837976654
104,344,292,508.52335246279495
123,385,282,508.9449872039217
281,673,309,510.86005911599705
96,111,428,511.3482179493735
88,133,402,514.5959580097768
264,645,292,517.0348150753487
185,515,265,518.1833652289506
105,358,277,519.5276701004481
338,730,326,520.0346142325528
187,520,263,520.5391435809606
342,735,327,521.5841255253077
339,733,324,523.2332175999533
80,203,337,524.1698198103359
86,161,365,525.0238089839355
192,543,260,525.7879800832271
112,376,266,526.3762912593993
360,758,331,529.7971309850592
116,50,465,534.2181202467771
212,579,257,534.2527491740216
109,376,256,536.1828046478179
115,47,465,536.6358169186996
108,47,455,542.6029856165555
74,198,317,543.8280978397494
92,354,251,545.7444456886392
79,280,269,550.6078459302955
72,143,334,560.6005708166912
155,470,218,564.0886455159331
241,640,240,565.1229954620499
119,421,214,571.0560392816103
63,128,330,572.8944056281227
84,53,397,574.9382575546699
271,683,243,575.960068060278
62,239,258,576.7642499323272
78,59,386,577.9766431266925
85,47,398,578.7443304257935
201,573,210,579.511000758398
274,688,240,580.5411268807749
87,41,402,580.6212190404343
83,44,398,580.9922546815922
54,228,258,581.4464721709128
76,56,382,582.9030794222998
59,245,248,583.4218028150816
58,244,248,583.8253163404273
77,46,388,586.1672116384539
122,435,197,586.7282164682384
125,443,196,587.1669268615186
276,695,234,588.6671385426572
196,571,200,589.0713029846218
75,57,372,589.0916736807608
198,574,200,589.542195266802
71,71,357,589.8355703075222
73,59,368,590.4549093707326
51,207,258,590.8510810686564
50,208,257,591.2774306533271
70,68,357,591.9197580753662
139,470,190,592.0844534354875
69,71,353,592.7242191778568
68,70,353,593.4146947961434
49,209,254,593.4854673873658
113,422,191,593.8392038254127
215,614,201,596.2524633072805
174,521,187,596.4109321600334
107,414,187,598.6493130372739
126,451,184,598.7027643163175
66,62,352,599.6865848090985
219,618,198,600.0833275470999
55,72,341,600.7869838803101
48,227,237,600.8610488290949
53,70,339,603.6132867987583
52,71,336,605.1421320648564
44,206,242,605.537777516812
41,155,270,606.439609524312
40,154,270,606.9761115562951
82,350,188,608.0592076434663
81,350,187,609.0361237233798
47,241,221,609.7884879201968
111,426,172,612.3854995017435
118,438,170,613.4394835678577
46,243,216,613.616329639295
45,240,217,613.8607333915405
353,781,246,614.7332754943399
39,207,230,615.8189669050475
177,536,164,620.5320297937891
295,723,211,620.556202128381
42,227,214,621.7981987751332
38,219,215,624.1874718383892
37,215,215,625.8705936533526
213,617,171,626.1709031885783
91,405,157,629.4839156007085
106,430,147,636.9654621720082
103,428,147,637.125576319143
36,87,280,637.5366656122611
247,669,168,642.4305409925652
181,545,140,645.2821088485252
60,316,153,650.0284609153664
65,322,150,651.4506888475904
180,547,131,654.4386907877621
179,546,130,655.3319769399324
97,425,127,657.3051041943916
61,321,144,657.5142584005308
190,585,131,659.4133756605185
224,658,144,662.3654580365736
67,331,135,663.9352378056161
239,668,143,666.0818268050856
56,321,135,666.2507035643565
64,328,133,666.562075128791
238,668,142,667.0412281111265
189,585,123,667.3125204879644
297,737,165,668.3846198110786
299,741,166,669.0119580396154
57,323,131,669.664094901317
298,738,164,669.6924667337986
31,122,216,669.716357871002
28,121,209,676.1730547722233
258,687,134,680.2595093050886
261,689,134,680.870766004827
43,293,118,689.8296891262364
27,177,159,692.7755769367162
25,129,184,693.4010383609185
26,160,166,694.158483345122
34,220,138,694.504139656489
33,215,135,699.1666468017478
30,206,136,701.7064913480565
220,643,99,702.1808883756379
32,217,128,704.9007022269165
269,714,114,707.7994066117885
24,138,162,708.0706179471084
29,206,127,710.0007042250029
22,134,162,710.0112675162276
21,135,161,710.398479728103
18,131,153,719.33441458059
17,129,152,721.1802825923626
16,109,162,722.5240480426932
15,100,167,722.9280738773394
14,106,162,724.0690574800169
13,110,157,726.3091628225545
10,114,150,730.3286931238564
7,109,150,732.8471873453565
35,260,65,749.9926666308145
11,161,101,752.0119679898718
8,158,99,755.0980068838746
12,167,94,755.8524988382323
4,149,102,756.2810324211497
9,164,93,758.0085751493845
23,200,75,760.426853813041
19,190,79,760.4663043159769
6,157,93,760.9533494242601
2,143,96,764.3068755414935
3,146,94,764.7875521999557
5,162,84,767.0254233074677
20,199,67,768.235640933171
0,136,63,797.0552051144261
1,138,62,797.097233717443
