74,59,367,5.385164807134504
77,56,380,8.06225774829855
80,59,386,14.142135623730951
72,68,357,18.601075237738275
78,45,387,19.209372712298546
69,61,352,20.396078054371138
70,70,353,23.021728866442675
71,71,353,23.600847442411894
84,47,397,26.92582403567252
82,43,397,28.653097563788805
96,111,428,77.79460135510689
87,133,402,81.70679286326198
67,128,331,81.98780397107853
106,48,454,82.49242389456137
66,128,329,83.00602387778854
116,49,464,92.34717104492157
115,47,464,92.5418824100742
73,143,334,94.02127418834527
39,87,278,98.67117106835208
86,161,365,104.23531071570709
43,124,283,111.40017953306898
129,96,482,116.70903992407786
89,177,392,121.6552506059644
139,102,495,130.97327971765844
102,190,407,137.5281789307195
100,192,405,138.97481786280562
44,154,270,140.75865870347016
45,155,270,141.4496376806954
94,205,387,148.75819305167698
81,202,336,149.40214188558343
93,206,385,149.56603892595405
76,197,318,150.05332385522155
101,206,398,151.25144627407698
171,168,502,170.94151046483705
172,166,504,171.18703221914913
31,123,214,171.23083834403195
29,121,208,176.0454486773231
114,239,397,183.7090090333079
56,207,257,189.01058171435798
180,167,528,190.8821626030049
55,208,255,191.02355875650522
54,208,253,192.25503894566717
175,185,518,194.164878389476
178,185,519,194.91793144808406
181,183,524,197.43353311937665
49,206,242,197.73972792537162
173,201,509,198.75864761061342
174,204,508,200.26232796010336
48,206,238,200.39211561336438
169,230,474,200.83077453418338
26,129,183,202.24984548819808
177,204,511,202.3116407921205
188,180,536,205.0
154,245,454,205.10485123467947
57,227,257,205.24375751773792
183,197,524,206.64946164943183
42,206,228,207.21245136332902
189,184,538,209.0095691589263
17,100,167,209.4612135933524
191,190,540,214.27319011019554
65,239,258,214.75567512873786
16,107,162,215.87033144922904
190,198,537,217.03916697223107
53,227,236,217.70622407271685
15,107,160,217.81643647805828
192,204,536,220.238507078122
40,215,217,221.33458834985552
14,110,157,221.43622106602163
60,243,248,223.54417907876734
22,133,161,224.26992665089986
23,135,161,224.95555116511352
61,245,248,225.21101216414795
41,219,215,225.59476944291063
24,138,161,226.01327394646538
149,276,432,227.0704736419951
148,277,431,227.7740108089595
8,109,150,228.00877176108818
138,281,417,228.47538160598398
11,114,150,229.20078533896867
132,284,407,229.68238939892626
153,279,433,230.2281477143922
27,160,166,230.31500168247834
19,131,153,231.16444363266598
18,130,152,231.79516819813134
88,283,319,232.13142829009604
152,283,429,233.0772404161333
46,228,213,233.49946466748057
155,283,431,233.57439928211312
165,282,438,234.48027635602958
145,287,419,234.75306174787156
156,285,430,235.26155657055403
167,283,439,235.72229423624742
166,284,438,236.40008460235373
151,288,425,237.00210969525145
52,241,220,238.66294224282078
141,293,412,239.3658288060349
50,240,217,239.8207664069148
111,296,352,239.83536019528063
128,297,388,240.53274205396653
135,296,402,240.87548650703334
131,297,393,240.91699815496622
144,296,412,242.32416305436814
51,243,215,243.402958075698
136,299,401,243.73140954747709
164,294,429,243.7580767892625
137,300,403,244.9693858423946
28,177,157,246.22144504490262
79,280,267,246.48326515201796
211,199,574,246.9169900999119
146,302,409,247.77812655680484
143,304,405,249.19470299346253
193,266,509,249.899979991996
168,301,427,250.12197024651792
134,307,392,250.79872407968904
150,305,412,251.20509548972132
194,269,509,252.41434190631878
159,307,416,253.84247083575278
163,307,418,254.19677417308034
196,268,514,254.33245958783948
160,308,416,254.82739256210272
198,272,516,258.7682360723588
170,314,424,262.20793275566626
176,307,455,263.41791890454226
206,255,546,263.59059163786554
104,316,321,263.97348351681086
140,322,389,265.5447231635379
147,322,394,265.91163945942645
157,321,404,265.9323222175146
97,316,311,266.08645211660064
161,321,406,266.18038996139444
99,318,310,268.26293072282647
92,316,299,269.09106265351886
158,327,400,271.4479692316743
199,297,512,277.8488797889961
32,206,136,279.1003403795846
202,298,521,283.3407842157567
34,215,135,284.83855076165514
35,220,138,285.17538463198395
5,149,102,285.243755409299
125,341,335,286.40006983239374
207,300,524,286.6234463542716
30,206,127,286.7507628586191
215,295,534,287.9027613622349
3,143,95,290.0431002454635
12,161,101,290.27056344038743
9,158,99,291.08418026406036
33,217,128,291.78073959739015
4,146,94,291.89895511974686
209,308,522,292.4055403031892
7,157,93,296.37982387470305
98,341,284,297.3213749463701
218,307,533,297.3566881709574
216,314,524,298.58499627409276
10,164,93,298.8143236192
13,167,94,298.97157055479374
2,146,84,301.43821920917725
6,162,83,307.4833328816377
118,357,304,307.61014287568605
121,359,305,309.3428518650463
119,361,302,311.9551249779365
122,362,306,312.0592892384394
232,295,574,312.166622174761
108,360,277,317.5436977803212
240,301,576,318.0440221101475
0,136,62,319.90779921721196
1,139,62,320.6618156251224
91,354,250,321.0809866684728
20,188,78,321.86487848163864
220,348,512,322.92568804602706
219,350,509,323.44705903748763
250,266,624,327.3912033027155
248,283,614,331.1193138432127
25,201,72,332.77019097268914
130,385,304,334.9746259047094
112,376,266,336.15026401893545
21,198,64,338.74031351464504
63,316,153,339.17841912480225
109,376,256,339.43629741086914
124,385,282,340.12350697945004
133,392,305,341.6343074107166
259,299,615,342.94751785076386
260,299,616,343.6568055487917
205,390,457,343.6771741038383
47,292,119,345.30276569989996
68,322,150,345.70073763299956
83,350,187,346.51695485214
85,351,188,346.8313711301214
267,299,622,347.9425239892359
64,321,144,348.82660448996717
246,344,580,354.44745731913497
247,345,580,355.2576529787923
58,320,133,355.37304343464206
37,274,87,358.20943594495105
38,277,89,358.4536232206337
62,325,132,359.7554725087584
185,417,374,360.0055555126893
59,323,129,360.2846097184835
36,262,66,368.32187010819763
292,285,672,376.807643234582
300,316,671,395.5780580365903
120,421,212,397.61287705505714
266,415,550,399.8099548535529
107,414,187,402.0870552504768
281,403,582,404.74189306272706
325,277,713,405.80906840532776
113,421,192,406.0738849027354
303,346,660,408.0012254883556
236,456,458,408.1629576529453
331,273,719,408.7358560244012
235,457,457,408.93153461184676
90,405,157,409.05867549778236
239,458,460,410.5423242492788
309,353,659,412.2923719886168
283,413,583,413.83209155405046
312,351,664,414.36698710201324
335,294,712,414.45023826751503
332,297,710,414.5407097017131
341,275,726,415.74030355499576
343,278,726,417.3212192065005
123,435,195,417.388308413161
256,453,506,418.0574123251494
319,350,673,420.05951959216446
345,292,721,420.74457809934995
347,283,727,420.8336963694804
110,427,170,421.5495225949141
249,462,493,422.6890109761549
324,347,681,423.76998477947916
268,455,518,423.9339571206817
349,289,727,424.08607616850617
323,350,679,424.3795471037689
126,443,194,425.0647009573954
353,286,732,426.6626301892398
254,467,492,427.20018726587654
217,485,372,428.0
210,485,363,428.0946157101255
357,278,740,429.26099287030496
329,360,678,430.6332546378647
228,486,414,431.0510410612646
117,438,170,431.2365939945264
230,487,414,432.04629381583635
338,351,689,432.3482392701513
339,349,691,432.46387132337424
356,302,729,432.9826786373792
336,363,680,434.1658669218482
103,428,145,434.93677701477486
296,429,599,435.7900870832195
305,418,617,436.2866030489591
105,430,145,436.64401976896465
127,451,182,437.4197069177382
342,361,687,437.7682035050056
287,452,563,438.75505695091425
265,478,496,438.88153299039595
273,474,511,439.55659476340475
275,473,514,439.56796971571987
162,470,219,440.42933598932757
274,475,511,440.50539156745856
227,497,399,440.8276307129579
241,496,422,441.83820568167255
251,490,468,443.5143740624423
95,424,122,444.059680673668
350,368,690,444.79770682862113
351,368,692,446.22976144582736
354,368,694,447.66617026529934
142,470,189,451.7277941415604
242,507,418,452.3450010777172
280,491,509,455.1098768429444
278,492,506,455.1713962893538
328,442,626,461.23854999338465
337,443,631,464.8408329740407
195,515,265,470.33286085494814
340,450,631,470.669735589617
284,508,507,470.77170688137153
197,520,263,475.6574397610112
344,470,618,480.71301209765477
308,504,551,481.5080477001397
245,539,403,482.99585919550077
214,534,294,483.335287352372
212,534,291,483.82848200576205
282,534,474,487.78376356742336
352,494,608,496.65380296540565
396,382,748,496.99195164509456
298,536,507,497.6605268654527
369,470,651,498.4074638285426
204,543,258,499.1913460788358
179,520,185,499.3375611748029
355,501,607,502.3554518465984
321,534,539,505.3889591196072
392,424,722,507.1380482669388
368,492,634,507.80803459575156
334,530,557,507.8917207437034
395,424,724,508.520402737196
374,485,647,508.73273926493073
359,510,604,508.95284653885176
377,492,647,514.6357935472425
372,507,624,515.7557561481985
182,535,162,522.0957766540541
388,490,666,523.3784481615573
307,569,482,523.6831102871278
302,570,479,524.0400748034448
383,499,654,524.2976253999249
380,511,638,526.1862788024788
243,585,326,530.0
271,587,375,530.0084904980297
386,517,643,533.8923112388865
320,578,491,534.417439835191
225,579,257,534.5175394690057
291,589,426,534.7335785229875
289,591,421,536.2434148779824
203,567,200,538.2230021097204
409,438,754,539.5229374178637
253,596,325,541.0452846111867
213,573,209,541.1330705103875
187,546,139,541.6733332923081
295,597,430,543.1058828626329
297,598,431,544.2076809454273
208,573,199,544.2288121737033
261,600,332,544.4713031923721
184,546,130,545.6051685972192
186,547,131,546.0595205652952
393,528,650,546.9232121605372
310,600,446,548.0191602489825
311,600,448,548.2928049865327
264,605,330,549.6071324136906
384,554,608,550.1863320730532
263,606,327,550.8411749315768
269,611,328,555.7445456322536
304,611,426,556.6255473835171
410,484,730,557.2189874726093
277,614,336,558.1621628165062
301,613,422,558.2436743931811
416,471,747,558.588399449899
270,615,326,559.8928468912601
422,461,763,562.2250439103544
421,470,757,564.6184552421219
327,616,453,564.8380298811333
420,483,746,566.8791758390847
414,505,722,568.5103341189147
428,463,771,569.2424790895353
330,621,451,569.5059262202633
333,621,453,569.7868022339584
417,506,724,570.5304549276927
418,505,726,570.9816109122955
375,602,543,571.1969887875811
317,626,423,571.2810166634281
430,467,771,572.1022635858034
306,629,401,572.734668061922
427,482,759,574.7990953367968
322,631,422,576.1735849550897
362,623,491,578.3744461851682
434,477,772,580.0
435,477,773,580.6901066834185
382,611,549,581.588342386606
201,586,129,582.142594215541
231,613,199,582.2928816326025
200,583,121,582.8181534578346
326,638,421,583.0626038428463
401,577,636,583.1775029954431
223,603,165,583.922083843384
222,602,160,584.7811556471361
233,616,198,585.4545242800674
438,480,782,589.0916736807608
221,604,150,590.3329568980542
279,644,294,592.1596068628795
425,542,714,593.4551373103109
346,648,430,593.8392038254127
229,617,172,594.6427498927402
361,648,454,596.6615456018596
224,614,156,597.4152659582779
257,640,240,597.756639444515
358,651,447,598.7161263904623
360,651,449,598.9699491627272
226,617,155,600.5738922064462
426,568,695,604.5246066125018
436,550,723,605.1859218455102
402,620,596,605.9249128398667
437,552,723,606.8162819173526
234,628,159,609.4341637945809
387,652,508,610.3449844145522
404,625,600,612.0522853482372
238,631,159,612.2458656454937
407,634,596,618.9547640983144
299,673,309,619.2132104533946
258,653,204,619.2253224796286
415,627,621,622.0136654447392
411,631,613,622.5407617176566
403,656,561,628.1098630016886
413,641,604,628.3947803729754
439,587,710,628.6048043087167
389,677,479,629.1653200868592
419,638,618,630.9334354747733
412,647,597,631.4467515159137
398,679,510,637.1247915440114
399,681,508,638.648573160545
288,683,243,639.153346232342
285,682,233,640.2702554390606
400,680,521,640.5700586196642
440,598,717,641.6432030342097
370,699,396,642.4484415110679
244,658,144,642.79467950505
290,687,238,644.0931609635364
376,700,413,644.305828004062
378,700,416,644.5036850166181
262,669,166,645.7398857125057
237,642,97,646.4131805586889
294,692,245,647.5754782262836
293,693,234,650.7995082972943
252,666,139,652.0506115325711
255,667,138,653.3421768108959
363,719,338,662.872536767062
367,722,350,665.3638102572156
397,720,433,665.800270351402
405,712,497,666.8208155119335
441,649,679,666.8680529160173
366,724,344,667.5874474553876
424,700,553,667.9895208758892
373,725,352,668.2993341310464
406,714,497,668.7854663492622
316,717,241,672.8751741593682
442,661,669,673.0713186579859
272,687,132,674.1661516273269
364,730,326,674.5702335561509
276,689,132,676.0355020263358
365,732,323,676.7761816139808
408,726,482,677.9830381359109
371,735,327,679.4917218038789
381,737,360,680.1058741107887
444,675,660,681.8122908836419
445,675,665,683.9393247942394
449,670,681,686.476510887299
314,725,210,687.3630772743035
443,702,628,693.9459633141474
390,753,363,696.0581872228787
391,754,364,697.0459095353763
447,704,635,698.4110537498673
394,756,363,699.0579375130504
451,645,752,700.102849587116
385,756,330,700.260665752404
448,710,632,702.8577380949861
286,714,112,706.5755444395171
348,749,224,707.6496308202245
446,722,614,707.6644685159769
313,737,165,710.8086943756387
315,738,164,712.0568797504874
318,741,164,714.9265696559332
432,763,488,715.4662815255517
433,763,491,715.9587976971859
450,724,658,725.7306662943216
452,705,711,731.3173045949344
379,780,245,734.0694790004554
423,790,415,734.2601718737031
429,800,415,744.2432398080617
431,803,416,747.2964605830808
