206,486,372,8.0
208,486,380,16.0
214,487,417,53.009433122794285
211,459,421,63.071388124885914
226,539,404,66.40030120413611
178,417,372,69.46221994724903
235,524,431,77.02596964660685
225,509,441,80.36168241145776
231,512,441,81.27115109311545
233,515,441,82.28000972289685
203,535,296,83.81527307120105
246,527,439,85.47514258543241
243,521,443,86.4060183089118
202,535,292,87.09190547921202
217,457,457,97.41663102366043
218,456,458,98.67117106835208
222,458,461,100.96038827183659
257,588,375,102.59142264341595
185,515,265,103.16006979447037
237,493,468,104.23531071570709
223,585,327,105.6882207249228
187,520,263,106.56922632730333
129,384,307,116.84605256490268
236,597,324,117.98728745080972
245,600,332,118.40608092492548
192,543,260,118.59595271340417
272,591,421,119.47384651043926
273,589,426,120.22063050907694
252,606,331,124.45481107614924
248,606,327,125.57467897629681
234,467,492,129.40247292845683
254,611,328,130.080744155313
123,385,282,130.09611831257686
278,597,432,130.17296186228538
279,598,431,130.51053597315428
262,614,337,130.8166656049603
230,462,493,131.21356637177422
250,478,496,132.24220203853233
194,392,458,132.93607486307093
255,615,327,134.2013412749664
121,363,303,137.2953021774598
283,611,423,138.2244551445221
120,360,306,138.70832707519762
286,611,426,139.5313584826006
290,599,447,140.2069898400219
292,599,449,141.40014144264495
212,579,257,141.76741515595182
117,357,303,142.6954799564443
263,492,507,143.1258187749506
289,571,480,143.80890097626084
288,569,482,144.26711336961034
268,509,507,144.83784035948617
266,491,510,146.08559134972896
240,455,507,146.32156368765337
284,628,400,146.4923206178399
155,470,218,146.87409574189726
112,376,266,147.32277488562318
259,475,511,147.41099009232656
256,474,511,147.48898263938224
124,340,336,148.66068747318505
260,473,514,150.56227947264878
280,536,507,151.48927354766738
109,376,256,154.1557653803451
105,358,277,154.76756766196203
300,578,491,156.82155464093577
251,455,518,157.08914666519772
303,632,423,157.47063218263906
307,616,453,157.54681843820268
104,344,292,159.21055241409096
310,621,451,160.60510577189007
308,638,422,162.68988905276197
315,622,454,163.0828010551695
156,327,401,163.24827717314508
119,421,214,163.47782724271815
145,322,394,166.7213243709394
159,321,408,170.76592165886026
125,443,196,173.4156855650607
92,354,251,173.761330565808
264,645,292,174.54225849346628
122,435,197,174.61385970191483
139,470,190,174.73408368146153
323,649,431,176.23280057923384
102,315,321,176.32356620712955
201,573,210,176.87566254292872
98,317,311,177.11578134090706
99,316,313,177.48521065147935
95,319,300,178.84350701101786
132,309,390,178.89941307897016
174,521,187,180.42727066604982
133,307,392,181.1767093199344
301,534,539,181.46349495146399
126,451,184,183.3712082089225
113,422,191,184.45866745696716
196,571,200,184.7187050625897
157,308,416,185.44001725625458
333,651,449,185.60711193270586
143,305,406,185.80904176062046
335,648,455,185.80904176062046
198,574,200,186.11824198610947
154,307,416,186.40010729610646
336,624,490,186.86893802876924
158,307,418,186.96791168540125
148,305,412,187.25650856512306
291,505,552,188.95766721676048
144,302,409,189.42280749687984
136,300,403,190.04473157654226
127,297,388,190.51771571168914
110,296,349,190.59118552545917
107,414,187,191.08375127153016
134,297,402,192.78226059469267
130,295,394,193.3416664870767
135,296,403,193.96133635340834
281,673,309,194.92049661336284
141,296,412,195.96938536414305
164,301,429,196.08671551127577
241,640,240,197.71696942852427
140,294,412,197.9090700296477
314,530,557,197.9520143873257
209,350,509,198.79889335708083
249,414,550,199.44924166313595
118,438,170,199.8499437077729
171,307,455,200.8033864256278
111,426,172,201.15665537088253
270,452,563,201.8836298465034
210,348,512,202.35612172603032
161,294,430,203.02709178826356
177,536,164,206.15528128088303
142,287,419,206.46065000382035
131,284,407,206.52602741543257
152,289,427,206.82843131445927
215,614,201,207.2510554858527
89,283,320,207.7137453323684
137,281,418,211.9929244102265
219,618,198,212.08488866489287
149,283,429,213.15252754776333
348,602,543,213.30025785263365
151,283,431,213.77090541044166
162,284,438,215.1278689523977
163,283,439,216.41164478835236
344,700,398,216.68410186259626
160,282,438,217.00691233230336
150,279,433,218.19715855161817
361,652,508,219.75440837443966
147,276,432,220.7351353998724
351,701,414,220.73740054644117
146,275,431,221.38202275704322
352,701,417,221.43622106602163
91,405,157,222.28360263411244
82,350,188,222.4230203913255
363,677,479,222.9484245290825
81,350,187,223.21514285549716
106,430,147,224.1093483101497
103,428,147,224.61745257214542
358,612,551,225.48835890129672
79,280,269,226.85017081765665
267,412,583,231.16444363266598
271,683,243,231.19256043393784
181,545,140,231.639806596362
213,617,171,233.25951213187426
265,403,582,233.2659426491574
205,315,524,234.1815535006974
337,720,338,235.44001359157284
274,688,240,237.0232056149777
197,308,522,238.00840321299583
188,297,512,240.05207768315609
180,547,131,240.85265205099984
334,511,604,241.29857024027308
345,727,350,241.40629652103112
179,546,130,241.56986567036876
277,429,599,241.81397809059757
372,681,508,242.40668307618913
330,502,606,242.52834885843757
371,720,433,243.9610624669437
373,680,512,244.00819658363937
326,494,608,244.13111231467406
97,425,127,244.72433471152803
191,298,521,244.9346851713738
349,731,353,245.246814454337
195,300,524,245.34873140083687
346,731,346,245.66033460858105
276,695,234,246.13207836444238
207,307,533,246.1747346906258
338,730,326,246.94128856876083
114,239,397,249.19470299346253
339,733,324,250.2179050347916
374,680,523,250.83261350948763
342,735,327,251.7339865810733
355,738,361,252.01785651020842
190,585,131,253.16002844051033
357,554,608,253.29824318380102
321,470,618,254.503438090726
204,296,535,255.6188568944005
153,245,455,257.6082296822056
227,344,580,258.49564793241683
228,344,581,259.33183375744676
377,656,561,260.2095309553438
189,585,123,260.5417432965397
343,507,624,260.8466982731428
184,269,509,260.98658969380017
287,418,617,261.9790067925291
186,268,514,264.6204829562519
379,726,482,267.43971283263073
59,245,248,267.46401627134816
365,754,364,268.0
247,669,168,268.1510768205118
58,244,248,268.36542251191753
62,239,258,268.78430013674534
376,622,596,268.92378102354576
366,755,364,269.0
65,322,150,269.6145396672813
369,756,363,270.0018518455012
341,490,634,270.0296280040396
60,316,153,270.96309711840837
360,758,331,273.99452549275503
61,321,144,275.0
354,511,638,275.138147118861
378,634,596,275.18720900506986
67,331,135,276.5248632582611
54,228,258,278.9265136196271
165,230,475,279.0286723618202
224,658,144,279.25615481131297
64,328,133,279.8660393831306
93,206,385,280.7863956818421
100,207,399,281.18677067031444
221,301,576,281.3698633471609
295,723,211,282.0957284327432
56,321,135,282.25166075685013
359,516,645,282.59688604087626
347,485,647,283.0017667789373
350,492,647,283.0635970943632
382,647,597,283.21370023358685
47,241,221,283.6793965024601
216,295,574,283.86792703650053
80,203,337,284.28506819739937
57,323,131,284.35541141325234
46,243,216,284.5224068504975
94,202,388,285.01228043717697
391,700,553,285.5118211212979
383,641,604,285.70089254323307
375,580,634,285.8950856520622
239,668,143,286.29530209208815
340,468,650,286.5658737533135
45,240,217,286.574597618142
238,668,142,287.0679362102288
381,631,613,288.1423259432741
48,227,237,288.4614358974177
367,528,650,289.0674661735561
356,499,654,290.2912330746487
387,639,611,290.5477585527033
74,198,317,291.8098696069069
384,627,621,293.1381926668717
193,255,546,294.0833215264001
388,638,618,296.00675667964066
50,208,257,297.8808486626826
49,209,254,298.04194335697116
101,191,408,298.2633064927699
51,207,258,298.45770219580527
42,227,214,299.3008519867593
362,490,666,302.026488904533
397,763,492,305.14422819381656
44,206,242,305.4242950388852
258,687,134,305.45212390815027
398,765,489,305.7220960284029
38,219,215,305.761344842673
261,689,134,306.7719022335651
220,643,99,308.01623333843946
37,215,215,309.2604080706096
39,207,230,309.5109044928789
90,177,392,310.26601489689455
43,293,118,312.6739515853535
242,299,615,313.0015974400131
244,299,616,313.80407900471914
169,205,508,315.74831749353785
353,781,246,317.7247236209357
168,201,508,319.3133257476111
253,299,623,319.4526568992658
297,737,165,320.31546949843056
298,738,164,321.7203754815663
299,741,166,322.84516412670644
232,283,616,323.5938812771342
86,161,365,325.00153845789714
293,353,661,325.41972896553153
285,346,660,327.438543852125
176,197,521,328.89207956410263
296,350,666,331.2099032335839
294,347,665,331.5448687583628
170,185,518,338.10797092053303
269,714,114,338.3548433228051
172,185,519,338.5646171707847
312,361,679,338.89526405661087
302,350,675,339.43629741086914
316,364,681,339.66601242985735
229,265,622,339.7131142596647
393,568,695,341.0058650522011
407,702,628,341.10408968524547
175,183,524,342.6499671676622
183,190,538,343.35404468274436
410,722,614,343.7964514069335
306,350,680,344.02325502791234
41,155,270,344.0886513676381
72,143,334,344.3094538347735
40,154,270,345.05072090925995
304,347,681,346.13581149600805
320,361,687,346.3437598687177
166,168,503,347.0518693221519
411,704,635,347.80023001717524
34,220,138,349.0444097819073
167,166,504,349.28498393145964
412,710,632,349.28498393145964
328,368,694,350.46255149445
309,345,685,350.6023388398885
282,316,671,350.9259181080816
182,180,536,351.0270644836378
408,675,660,351.1936787586018
329,368,695,351.40432552830083
406,661,669,351.63901945034485
317,351,689,351.9232870953555
200,203,574,352.40459701882435
392,541,713,353.3072317403084
318,349,691,354.53913747286066
33,215,135,354.79853438254224
88,133,402,355.0394344294729
409,675,665,355.4180636940109
32,217,128,357.8505274552491
173,167,528,358.687886608957
63,128,330,359.6109008358896
404,587,710,360.4400088780379
30,206,136,361.08724707472015
385,505,725,361.4996542183685
401,557,719,362.0303854650877
364,424,721,362.3437594329451
402,559,719,362.42792386900874
368,424,723,364.3144246389374
29,206,127,366.836475830853
380,485,731,367.0013623952914
275,285,672,367.78390394360656
27,177,159,370.81801466487576
405,599,719,372.550667695013
35,260,65,374.80261471873433
414,724,658,378.2591704109763
96,111,428,380.42213395122
26,160,166,381.41840542899865
389,484,747,383.00522189651673
386,472,748,384.2551235832777
413,688,693,386.0634662850138
31,122,216,392.93765408777
313,297,710,394.2549936272209
390,470,758,394.3247392695518
394,482,760,396.02020150492325
28,121,209,396.547601177967
370,382,748,397.8341362930034
25,129,184,399.8112054457704
24,138,162,402.3779318004406
138,105,496,403.21830315599516
21,135,161,405.47503005733904
22,134,162,405.8423339179884
23,200,75,406.5919330237628
305,277,713,406.79478856052225
396,467,771,407.4432475817951
128,96,482,407.4604275264041
395,465,771,407.54140893901814
36,87,280,407.74624461789955
331,303,729,408.306257605734
399,477,773,409.0990100208017
400,477,774,410.0987685911773
415,705,711,410.3291361821629
19,190,79,410.90266487332497
18,131,153,412.9721540249415
20,199,67,413.01089574005186
325,289,727,413.01089574005186
311,274,719,413.48397792417546
55,72,341,414.6383966783588
324,285,727,414.93372964848254
71,71,357,415.05903194605946
69,71,353,415.1457575358322
17,129,152,415.20236030157633
52,71,336,415.94350577933056
68,70,353,416.14540727971513
322,280,726,416.50930361757827
53,70,339,416.75052489469044
12,167,94,417.9246343540902
327,286,731,417.95813187447374
403,480,782,418.04305998305966
70,68,357,418.05860833141566
11,161,101,418.08372367266344
319,275,726,419.00477324250136
9,164,93,420.86221023037933
8,158,99,421.6740447312355
66,62,352,424.16977732978575
6,157,93,426.2417154620134
4,149,102,426.86414700698396
73,59,368,427.0187349519925
78,59,386,427.56636911712314
16,109,162,427.7066751875636
5,162,84,428.22424032275427
75,57,372,429.074585590897
10,114,150,429.1619740843776
13,110,157,429.2143986401202
332,278,740,429.6975680638651
14,106,162,430.35334319603004
76,56,382,430.37657928841804
15,100,167,433.36474245143665
7,109,150,433.50317184537414
3,146,94,434.1658669218482
84,53,397,434.25568505202097
2,143,96,435.2849641326932
85,47,398,440.3146602147151
77,46,388,440.65405932545315
83,44,398,443.30576355378014
87,41,402,446.6195248754806
116,50,465,447.54552841023894
108,47,455,448.33246592233314
115,47,465,450.46864485777473
1,138,62,460.76892256314335
0,136,63,461.62863862633134
