387,652,508,33.61547262794322
333,621,453,38.05259518088089
327,616,453,38.63935817272331
330,621,451,40.049968789001575
361,648,454,44.654227123532216
320,578,491,45.0
311,600,448,48.76474136094644
360,651,449,50.47771785649585
310,600,446,50.53711507397311
358,651,447,52.15361924162119
302,570,479,54.3415126767741
307,569,482,54.74486277268398
389,677,479,55.31726674375732
375,602,543,56.08029957123981
398,679,510,59.135437767890075
382,611,549,59.22837157984339
399,681,508,60.440052945046304
400,680,521,64.41273166075166
297,598,431,65.0
346,648,430,65.92419889539804
304,611,426,66.09841147864296
295,597,430,66.30987860040162
317,626,423,68.06614430096654
322,631,422,69.46221994724903
301,613,422,69.72087205421343
326,638,421,71.58910531638176
291,589,426,73.35529974037323
289,591,421,76.96752561957543
403,656,561,77.38862965578342
298,536,507,88.45903006477066
405,712,497,89.20201791439474
306,629,401,90.19977827023745
282,534,474,90.60905032059435
406,714,497,91.19758768739445
424,700,553,98.85848471426213
321,534,539,101.11874208078342
408,726,482,103.39245620450265
402,620,596,105.04284840006957
407,634,596,105.57461816175325
378,700,416,107.48953437428223
412,647,597,108.6830253535482
404,625,600,109.01834707974616
376,700,413,109.60383204979651
397,720,433,113.01769772916099
334,530,557,114.03946685248927
413,641,604,114.42464769445436
284,508,507,116.1077086157504
271,587,375,121.45781160551181
245,539,403,121.6552506059644
370,699,396,121.65936051122412
411,631,613,122.2620137246234
419,638,618,127.88275880665071
415,627,621,130.06152390311286
278,492,506,131.85598204101322
280,491,509,133.2216198670471
308,504,551,133.27040181525678
251,490,468,134.97407158413796
384,554,608,135.83077707206124
242,507,418,137.05838172107534
433,763,491,140.0
432,763,488,140.03213916812098
241,496,422,144.53373308677806
265,478,496,145.08618128546908
274,475,511,149.34523762075577
273,474,511,150.3362896974646
275,473,514,151.75308893067054
401,577,636,152.12166183683374
277,614,336,155.2610704587599
254,467,492,156.00320509528
227,497,399,156.01281998605114
230,487,414,156.28499608087785
228,486,414,157.15597347857954
446,722,614,157.8923684032892
443,702,628,158.14550262337528
359,510,604,159.80613254815975
261,600,332,160.65490966665163
249,462,493,161.01242188104618
264,605,330,162.00308639035245
269,611,328,163.44112089679268
263,606,327,164.87874332369228
270,615,326,165.19382555047267
447,704,635,165.21803775617238
448,710,632,165.6804152578089
239,458,460,167.88686666919483
253,596,325,168.1814496310458
355,501,607,168.34488409215172
243,585,326,169.31922513406445
235,457,457,169.44615663980107
268,455,518,170.1558109498468
236,456,458,170.2292571798397
256,453,506,170.66048165876012
367,722,350,172.28464818433474
373,725,352,172.40939649566667
381,737,360,173.65770930194836
352,494,608,174.1551032843999
372,507,624,176.47946056127893
444,675,660,176.81911661356077
366,724,344,178.35358140502814
363,719,338,180.62391868188442
445,675,665,181.60396471443016
442,661,669,182.0109886792553
217,485,372,182.22239159883728
390,753,363,182.43903091169938
391,754,364,182.45547402037573
423,790,415,183.48024416813925
394,756,363,184.58873205046942
380,511,638,184.8053029542172
393,528,650,185.21878954360974
386,517,643,185.31055015837603
287,452,563,185.53975315279473
210,485,363,188.22327167489146
299,673,309,188.74321179846442
441,649,679,189.7893569197177
429,800,415,192.62658175859323
368,492,634,193.93297811357408
431,803,416,195.0
450,724,658,195.1665955024066
449,670,681,195.7268504830137
364,730,326,196.65706191235543
279,644,294,198.11612756158948
371,735,327,198.59506539690256
344,470,618,198.84164553734712
365,732,323,200.26232796010336
377,492,647,203.70812453115363
383,499,654,204.80478510034868
374,485,647,208.2786594925174
385,756,330,208.83007446246816
426,568,695,211.28416883429767
214,534,294,216.1712284278368
266,415,550,216.20592036297248
212,534,291,218.908656749796
388,490,666,219.80445855350615
369,470,651,221.37976420621646
439,587,710,221.93918085818015
296,429,599,222.03603311174518
340,450,631,222.55111772354684
328,442,626,225.80079716422614
440,598,717,227.37853900489378
337,443,631,228.0350850198276
283,413,583,229.26840166058645
452,705,711,234.78500803926983
205,390,457,235.46761985462035
185,417,374,236.90715480964266
425,542,714,237.25513693068902
281,403,582,238.07771840304585
225,579,257,238.10081898221182
305,418,617,240.62626623043462
437,552,723,242.62110378118388
436,550,723,243.21389762922678
204,543,258,246.35137507227356
197,520,263,250.185930859431
195,515,265,250.4795400826183
257,640,240,251.57503850740042
288,683,243,255.15485494107298
294,692,245,255.49363984256047
414,505,722,259.3935234349539
417,506,724,260.725909721301
290,687,238,260.969346858975
451,645,752,261.92556194461054
418,505,726,262.9619744373699
285,682,233,264.66015944981217
293,693,234,266.3625349030903
316,717,241,267.0880004792428
219,350,509,273.59276306218334
220,348,512,275.80065264607333
410,484,730,276.4814641164937
213,573,209,286.3983240174425
258,653,204,288.56368447883386
420,483,746,290.90376415577714
379,780,245,291.83043021590464
247,345,580,291.89895511974686
231,613,199,292.1711826994579
246,344,580,292.851498203441
233,616,198,293.08360581922693
348,749,224,295.2371927789587
208,573,199,296.24989451474914
203,567,200,296.33933252270106
133,392,305,296.5754541427864
416,471,747,297.7247050548543
314,725,210,298.93979326948096
130,385,304,302.67639485100256
427,482,759,302.82833420933383
392,424,722,304.89670381950674
395,424,724,306.41475160311717
421,470,757,306.86316168611705
158,327,400,309.67240755353066
216,314,524,310.75713990188547
162,470,219,312.07851576165893
161,321,406,313.73396373360663
157,321,404,314.2817207538485
170,314,424,316.1803282938393
147,322,394,316.24357700987383
209,308,522,316.5217212135685
422,461,763,316.5880604192142
434,477,772,316.6654385941099
124,385,282,316.7412192942371
435,477,773,317.5531451584128
140,322,389,317.81283800375337
309,353,659,318.0
176,307,455,318.0440221101475
218,307,533,318.7789202566569
229,617,172,319.0564213426835
122,362,306,319.9156138734088
430,467,771,320.52457004105
336,363,680,321.43584118763107
409,438,754,321.54937412472134
125,341,335,322.27317604789886
312,351,664,322.3553939365681
428,463,771,322.49030993194197
329,360,678,322.70419891907204
179,520,185,322.86994285625286
121,359,305,322.94271937914937
119,361,302,323.05572274763995
350,368,690,323.45942558534296
160,308,416,323.80549717384355
438,480,782,324.237567225021
163,307,418,324.32237048961025
303,346,660,324.48420608713764
207,300,524,324.68138228115265
351,368,692,324.69370181757455
159,307,416,324.77838598034816
118,357,304,325.1538097577822
354,368,694,325.9355764564525
202,298,521,326.3816784073518
223,603,165,326.6129207487052
199,297,512,326.67568014775753
342,361,687,327.2002444986862
150,305,412,327.6659884699662
319,350,673,328.105166067223
262,669,166,328.2392420171604
168,301,427,328.29864452964165
143,304,405,330.3891644712338
215,295,534,330.8065900190019
134,307,392,331.14498335321343
146,302,409,331.30801378777426
323,350,679,331.470964037576
222,602,160,331.6654941352808
234,628,159,332.03764846776033
238,631,159,332.0963715550051
240,301,576,333.030028676094
112,376,266,334.1167460634082
137,300,403,334.7730574583325
164,294,429,334.79097956784915
324,347,681,335.0761107569443
224,614,156,335.1208737157386
226,617,155,336.05356715857073
136,299,401,336.2677504608493
144,296,412,336.4074909986399
338,351,689,336.4342432036311
232,295,574,338.33858780813046
142,470,189,338.54541792793475
135,296,402,338.89526405661087
108,360,277,339.0648905445682
339,349,691,339.22853653547486
141,293,412,339.32432862970495
131,297,393,340.4115156689033
182,535,162,340.5657058483722
109,376,256,340.93107807883985
151,288,425,341.4395993437199
221,604,150,341.528915320504
128,297,388,341.8844834150857
166,284,438,343.1180554852805
156,285,430,343.4603324985289
145,287,419,343.62770551863247
167,283,439,343.95348522729057
120,421,212,344.4488350974641
165,282,438,345.094190040922
155,283,431,345.2535300326414
313,737,165,345.35778549208936
152,283,429,345.60671289776764
315,738,164,346.63237009835075
259,299,615,346.9178577127444
260,299,616,347.2765468614315
126,443,194,347.28806486834526
318,741,164,347.6391807607422
244,658,144,348.7606629194296
153,279,433,348.85527085024813
132,284,407,349.25205797532533
267,299,622,349.4810438349983
98,341,284,349.8185243808567
138,281,417,349.91427521608773
123,435,195,350.65652710308984
104,316,321,350.9259181080816
148,277,431,351.1637794534055
198,272,516,351.8891871029856
149,276,432,351.98011307458836
396,382,748,352.32087647484076
127,451,182,353.6453025278294
194,269,509,354.4573317058063
252,666,139,354.61669447447053
99,318,310,354.6632205346362
111,296,352,355.31676008879737
255,667,138,355.7316404257569
196,268,514,355.74429018608294
97,316,311,355.87778801155883
300,316,671,355.87778801155883
193,266,509,357.4534934785223
187,546,139,360.3234657915024
113,421,192,360.83929941180185
91,354,250,361.1675511448945
248,283,614,361.564655352262
92,316,299,362.0952913253637
201,586,129,363.88597115030416
272,687,132,364.6601157242179
276,689,132,365.0164379860173
186,547,131,367.93477682872003
107,414,187,368.9132689400044
184,546,130,369.120576505835
117,438,170,370.49426446302783
206,255,546,372.08735533473856
200,583,121,372.1558813185679
110,427,170,376.10769734213096
154,245,454,379.80652969637055
250,266,624,380.9698150772578
88,283,319,381.0301825315155
292,285,672,383.4123107048077
286,714,112,389.7717280665698
332,297,710,392.7301872787474
169,230,474,393.3675126392621
237,642,97,394.45785579704204
114,239,397,395.337830216133
105,430,145,396.18808664572435
335,294,712,396.3357162810336
103,428,145,397.1662120573703
90,405,157,398.84834210511644
356,302,729,399.60605601016607
345,292,721,403.06451096567656
85,351,188,407.17686574755203
83,350,187,408.58903558465687
349,289,727,408.96454614061594
79,280,267,409.6644968751869
325,277,713,411.0960958218893
347,283,727,413.87920943193075
353,286,732,414.30664971733194
343,278,726,417.43262929483603
331,273,719,417.71282000915414
95,424,122,419.2397881880965
174,204,508,419.3447269252351
177,204,511,419.47705539159114
341,275,726,419.9154676836756
192,204,536,421.40953952182906
173,201,509,422.3837118071671
357,278,740,425.4715031585547
101,206,398,427.244660586882
183,197,524,427.2762572388033
190,198,537,427.48216337059023
93,206,385,430.2615483633182
94,205,387,430.74354319014463
211,199,574,432.0474510976775
191,190,540,435.7636974324502
175,185,518,438.8314027049568
178,185,519,438.8940646670903
100,192,405,439.49630260105715
102,190,407,441.0725563895355
181,183,524,441.23576464289476
189,184,538,441.50877680970285
188,180,536,445.27968738760137
81,202,336,448.6267936715327
65,239,258,449.1603277227409
61,245,248,449.36955838151744
60,243,248,451.05321193845856
68,322,150,454.84282999735194
171,168,502,455.13294760981654
63,316,153,456.61033715850107
89,177,392,456.8555570418291
172,166,504,457.1848641414105
180,167,528,457.4986338777418
76,197,318,459.7879946236091
57,227,257,459.96956421050294
64,321,144,460.01413021775755
62,325,132,466.56725131539184
52,241,220,468.3641745479686
58,320,133,469.0127930024937
51,243,215,469.65519266798276
59,323,129,470.15316653192923
50,240,217,470.91931368335275
53,227,236,471.0
56,207,257,477.2965535178313
55,208,255,477.41072463864907
54,208,253,478.40255016042715
86,161,365,478.87367854163796
46,228,213,483.0207034900264
49,206,242,485.68508315574195
48,206,238,487.74788569505864
41,219,215,489.2770176495111
40,215,217,491.4671911735309
42,206,228,493.0091277045487
47,292,119,497.94075952868127
87,133,402,498.01706798060644
73,143,334,505.023761817204
96,111,428,515.8614154983875
45,155,270,517.5567601722539
44,154,270,518.4611846609156
67,128,331,520.2163011671203
66,128,329,520.8349066642903
139,102,495,521.0153548601039
129,96,482,527.0768444923377
38,277,89,530.3960784168752
37,274,87,533.8698343229369
35,220,138,535.7406088770946
43,124,283,540.6153900879996
34,215,135,541.4794548272354
33,217,128,544.6145425895272
32,206,136,547.6440449781227
30,206,127,553.5205506573355
28,177,157,557.2001435749994
36,262,66,557.6253222370734
27,160,166,565.6801216235197
71,71,353,568.9885763352372
70,70,353,569.9587704387046
72,68,357,570.9474581780709
31,123,214,571.6021343557072
80,59,386,573.6906832082948
116,49,464,574.634666549104
106,48,454,576.1892050359847
29,121,208,576.2751079128788
115,47,464,576.6324652670885
39,87,278,576.7711851332381
74,59,367,577.4703455589732
77,56,380,577.7629271595747
75,57,372,578.3744461851682
69,61,352,578.9343658826966
26,129,183,582.1511831131154
84,47,397,583.6197392138138
24,138,161,586.6216838815285
78,45,387,587.2818744010409
82,43,397,587.5678684203212
23,135,161,589.1044050081446
22,133,161,590.7622195096772
25,201,72,594.6805865336449
19,131,153,596.9154043916105
18,130,152,598.3059418056953
20,188,78,599.8283087684342
21,198,64,602.4566374437251
12,161,101,604.6023486557094
13,167,94,604.6031756449845
10,164,93,607.5236620906218
9,158,99,608.185004747733
16,107,162,611.9616001024901
14,110,157,612.1478579559026
11,114,150,612.6679361611803
7,157,93,612.8295032062343
15,107,160,613.0391504626764
5,149,102,613.1859424350822
17,100,167,615.2276001611111
6,162,83,615.6175760973691
8,109,150,616.8281770477091
4,146,94,620.5948759053687
3,143,95,622.2668237982803
2,146,84,627.0390737426177
1,139,62,646.7588422279204
0,136,62,649.0069337071832
