351,701,414,16.0312195418814
352,701,417,19.026297590440446
371,720,433,40.311288741492746
355,738,361,53.03772242470448
349,731,353,54.644304369257
345,727,350,55.072679252057455
346,731,346,60.53924347066124
323,649,431,60.74537019394976
337,720,338,63.245553203367585
365,754,364,63.812224534175265
366,755,364,64.66065264130884
369,756,363,66.03786792439622
308,638,422,66.48308055437865
333,651,449,70.7248188403477
284,628,400,72.02777242147643
303,632,423,72.44998274671983
335,648,455,77.15568676384133
338,730,326,78.0
342,735,327,79.1580697086532
339,733,324,81.02468759581859
363,677,479,84.20213774008353
379,726,482,87.93179174792243
360,758,331,88.61715409558128
283,611,423,92.44457799135652
281,673,309,93.00537618869137
286,611,426,93.30058949438637
310,621,451,95.13148795220224
315,622,454,96.02083107326243
307,616,453,100.40418317978589
262,614,337,105.43718509140881
279,598,431,107.20541031123382
278,597,432,108.4665847162157
255,615,327,110.75197515168747
272,591,421,111.40017953306898
372,681,508,111.6288493177279
398,765,489,111.83022847155415
290,599,447,112.25862995778988
292,599,449,113.14592347937243
397,763,492,113.1591799192624
254,611,328,113.22985472038724
257,588,375,114.33722053644648
273,589,426,114.47707194019246
252,606,331,115.43396380615195
373,680,512,115.7410903698423
248,606,327,117.80067911519016
336,624,490,119.33147112141039
264,645,292,119.41942890501528
245,600,332,119.81652640600127
361,652,508,120.01666550941998
374,680,523,126.58988901172162
236,597,324,126.82665335015349
223,585,327,135.15176654413364
289,571,480,152.85614151874958
300,578,491,153.40469353966978
391,700,553,155.0
288,569,482,155.6181223379848
271,683,243,155.92947123619703
274,688,240,158.45504094221806
226,539,404,161.11176245079065
276,695,234,164.0762018087937
377,656,561,168.8342382338369
241,640,240,169.00887550658396
353,781,246,172.23530416264836
348,602,543,175.0114281982751
358,612,551,176.50212463310464
246,527,439,177.79201331893398
235,524,431,179.06702655709677
243,521,443,184.5697700058165
212,579,257,185.80096878111266
295,723,211,188.40912929048847
233,515,441,189.9315666233499
231,512,441,192.85486771144772
203,535,296,193.98195792392653
225,509,441,195.78048932414077
202,535,292,196.1147623204332
280,536,507,196.91876497682998
382,647,597,205.9368835347374
378,634,596,208.71032557111303
192,543,260,209.0287061625747
376,622,596,212.8097742116184
214,487,417,213.84573879317773
383,641,604,214.28252378577213
208,486,380,214.75567512873786
215,614,201,214.9534833400008
206,486,372,215.5736533067063
219,618,198,216.15735009478627
199,486,364,216.68410186259626
410,722,614,217.1174797200815
301,534,539,217.8003673091485
237,493,468,218.51544567833184
268,509,507,219.91361940543837
387,639,611,221.56263222845138
187,520,263,225.0
381,631,613,225.80079716422614
201,573,210,226.87661845152752
185,515,265,227.8464395157405
388,638,618,228.56946427727394
407,702,628,230.00869548780108
247,669,168,232.07972767995054
314,530,557,232.76812496559748
412,710,632,234.21357774475842
384,627,621,234.64441182350797
198,574,200,234.69128658729537
263,492,507,234.8297255459794
299,741,166,235.5949914577982
297,737,165,235.9194777885031
196,571,200,236.31546711969574
411,704,635,237.03375287076733
298,738,164,237.06539182259397
266,491,510,237.11811402758752
213,617,171,241.69815886762564
211,459,421,242.09502266672067
250,478,496,242.66849816158668
291,505,552,248.47736315407084
217,457,457,250.05999280172747
222,458,461,250.06599129029922
234,467,492,251.24689052802225
218,456,458,251.26878039263056
259,475,511,251.78165143631892
256,474,511,252.67568145747623
260,473,514,254.9215565620138
357,554,608,255.76551761330143
230,462,493,256.25963396524236
239,668,143,257.0
224,658,144,257.4490240804964
238,668,142,257.9922479455536
414,724,658,261.1053427258814
408,675,660,263.1900454044567
261,689,134,264.2290672882149
258,687,134,264.31988196123274
375,580,634,264.7564918939666
240,455,507,268.15294143454776
409,675,665,268.1678578800972
251,455,518,272.8094573140748
406,661,669,273.7918917718346
174,521,187,276.69839175535515
334,511,604,279.56573466717987
178,417,372,284.1918366174511
269,714,114,284.3448610402516
177,536,164,285.74814085134483
330,502,606,287.17242207426534
190,585,131,290.71291680969387
155,470,218,292.0616373302047
326,494,608,294.17001886664116
413,688,693,295.24396691549856
343,507,624,297.1952220342716
270,452,563,297.87413449307746
189,585,123,298.0771712157776
181,545,140,300.98006578509484
220,643,99,304.38462510448846
367,528,650,305.1032612083981
354,511,638,305.48486050866745
180,547,131,307.73040148805575
359,516,645,308.00162337234525
179,546,130,309.0954545120326
139,470,190,310.1032086257735
415,705,711,313.0399335548102
194,392,458,313.789738519283
341,490,634,315.9050490258109
321,470,618,318.27660925679095
249,414,550,323.88269481403296
350,492,647,324.4456811239749
393,568,695,325.0123074592715
356,499,654,325.4796460610095
125,443,196,326.8837713928301
126,451,184,328.3245345690754
129,384,307,328.8419073050149
347,485,647,328.977202857584
404,587,710,331.8327892177022
122,435,197,332.6048706799105
119,421,214,334.2110111890391
123,385,282,335.6799070543246
405,599,719,336.51448705813544
277,429,599,337.40480138848056
362,490,666,340.47613719613304
267,412,583,342.29957639471303
340,468,650,342.5317503531607
113,422,191,346.60207731633693
118,438,170,347.3154186038967
265,403,582,349.3780187705002
112,376,266,349.85711369071805
121,363,303,350.13425996323184
402,559,719,350.6023388398885
401,557,719,351.411439768258
120,360,306,352.22719940402106
392,541,713,352.85407748813105
109,376,256,353.75132508585745
111,426,172,355.178828197853
107,414,187,355.4110296543989
117,357,303,355.9129106958611
287,418,617,357.0504166080751
105,358,277,362.7740343519641
124,340,336,365.2998768135571
209,350,509,367.17979247229823
106,430,147,368.6475281349381
210,348,512,370.0
103,428,147,370.11484704075303
104,344,292,371.4458237751503
156,327,401,373.0120641480648
92,354,251,375.9321747336878
145,322,394,378.02116342871597
159,321,408,379.1319031682773
385,505,725,380.72824954289905
91,405,157,380.9278146840947
97,425,127,386.0906629277636
132,309,390,391.0818328687744
157,308,416,392.4130476933712
102,315,321,392.6245025466444
98,317,311,392.75692228145385
133,307,392,393.04579885809744
99,316,313,393.295054634558
95,319,300,393.4018301940142
154,307,416,393.41199778349414
158,307,418,393.5085767807355
143,305,406,395.08100435227203
148,305,412,395.2480233979672
380,485,731,396.37608404140633
171,307,455,397.1120748604857
144,302,409,398.1519810323691
227,344,580,399.8249617019928
136,300,403,400.03124877939223
164,301,429,400.20244876812035
228,344,581,400.2811511925087
134,297,402,403.01985062773275
127,297,388,403.1240503864784
135,296,403,404.0309394093477
141,296,412,404.2425014765271
130,295,394,405.0197526047341
205,315,524,405.093816294448
140,294,412,406.2413075993134
110,296,349,406.960686061934
161,294,430,407.25913126656843
82,350,188,408.16663263917104
81,350,187,408.6820279875297
389,484,747,410.43513494826436
197,308,522,411.1447433690476
152,289,427,412.0218440811118
142,287,419,413.533553656774
207,307,533,415.5406117336788
131,284,407,416.09734437989385
386,472,748,417.71282000915414
162,284,438,417.91865237148727
149,283,429,418.1506905411015
151,283,431,418.3037174111653
188,297,512,418.8138011097533
163,283,439,419.0107397191628
195,300,524,419.3757265269415
137,281,418,419.47705539159114
160,282,438,419.90951406225605
191,298,521,420.396241657796
150,279,433,422.45236417849526
394,482,760,422.57307060436307
89,283,320,424.2322477134429
364,424,721,424.8588000736245
147,276,432,425.3610231321154
146,275,431,426.27925119573905
368,424,723,426.3812847675188
204,296,535,426.5969995206249
390,470,758,427.20018726587654
293,353,661,435.40555807201173
399,477,773,436.29577123781525
221,301,576,436.90387958909224
400,477,774,437.1555787131167
316,364,681,439.30058046854435
79,280,269,439.36431352580286
396,467,771,439.79313318877547
312,361,679,440.3203379359168
285,346,660,440.40890090914377
296,350,666,440.82195952561165
395,465,771,440.8559855553739
216,295,574,441.5891755919749
403,480,782,442.55621111899444
294,347,665,442.6036601746533
328,368,694,444.7920862605359
184,269,509,445.06404033577013
329,368,695,445.4581910797017
320,361,687,445.46829292330114
302,350,675,446.3507589329271
186,268,514,447.3030292765744
306,350,680,449.47079994144224
65,322,150,452.09291080484775
304,347,681,452.4356307807775
67,331,135,453.13353440238785
317,351,689,454.4029049202921
60,316,153,455.50082327038666
242,299,615,455.94955861366947
61,321,144,456.24226020832396
244,299,616,456.4263357870578
309,345,685,456.5019167539168
64,328,133,456.7373424628207
318,349,691,457.21985958617324
153,245,455,458.5564305513554
253,299,623,459.8108306684391
114,239,397,461.0010845974226
56,321,135,461.31334253411745
57,323,131,461.971860614908
193,255,546,468.96588362054655
232,283,616,470.54542820008356
282,316,671,471.1528414431988
370,382,748,472.8889933166134
165,230,475,476.2656821565039
59,245,248,479.0876746483883
58,244,248,480.0374985352707
62,239,258,481.78937306669604
229,265,622,489.2862148068347
46,243,216,491.907511632014
47,241,221,491.9451188903087
54,228,258,492.32509584623045
100,207,399,493.0010141977398
43,293,118,494.0131577195085
93,206,385,494.17102302745354
45,240,217,494.32883792066997
275,285,672,497.29367580937526
94,202,388,498.1003914874992
48,227,237,499.6498774141749
80,203,337,500.729467876617
169,205,508,507.0749451511088
42,227,214,507.5283243327411
74,198,317,508.49287113980273
101,191,408,509.09822235006874
313,297,710,509.65969038172915
168,201,508,510.980430153641
49,209,254,511.68056441494826
50,208,257,511.8056271671893
51,207,258,512.4929267804581
38,219,215,514.6357935472425
331,303,729,516.884900147025
176,197,521,517.8204321963358
44,206,242,518.0463299744531
37,215,215,518.376311187153
39,207,230,520.838746638535
90,177,392,523.034415693652
325,289,727,526.4617744907981
200,203,574,527.2428283058955
305,277,713,527.4030716634101
170,185,518,528.7958017987662
183,190,538,528.8667128870941
172,185,519,529.023628961883
324,285,727,529.5904077681166
327,286,731,531.304997153236
175,183,524,532.1325022961856
322,280,726,532.9014918350294
311,274,719,533.4013498295632
319,275,726,536.8510035382257
182,180,536,538.0
86,161,365,540.0092591798774
166,168,503,542.2628513922008
332,278,740,543.1832103443552
167,166,504,544.4189563194875
34,220,138,545.8937625582472
173,167,528,548.624643996239
33,215,135,551.7191314428021
35,260,65,551.8052192576653
32,217,128,553.3434738026644
30,206,136,559.1779680924491
41,155,270,559.8294383113486
72,143,334,560.6647839841557
40,154,270,560.8029957123981
29,206,127,563.4509739098869
88,133,402,567.0141091718971
27,177,159,575.0217387195027
63,128,330,576.0277771080141
26,160,166,587.7278281653847
96,111,428,589.7635119266026
23,200,75,595.2554073672914
20,199,67,600.4681506957717
19,190,79,601.5488342603616
138,105,496,603.0165835198897
31,122,216,605.9768972493919
28,121,209,609.0664988324346
24,138,162,609.5408107747995
25,129,184,609.7843881241959
128,96,482,609.8130861173775
21,135,161,612.694050893266
22,134,162,613.2307885290822
12,167,94,613.6000325945232
11,161,101,615.4104321507721
9,164,93,616.7017107159668
8,158,99,619.0032310093382
18,131,153,619.5046408220038
17,129,152,621.7370826965366
6,157,93,622.7953114788197
5,162,84,622.9285673333661
36,87,280,624.2539547331679
4,149,102,625.4734206982739
71,71,357,630.3348316569536
55,72,341,630.5814776854772
69,71,353,630.6076434677905
68,70,353,631.605098142819
3,146,94,631.9272109982288
52,71,336,632.0482576512651
53,70,339,632.7566672900413
70,68,357,633.3285087535536
2,143,96,633.6031881232922
10,114,150,636.3175307973213
16,109,162,636.3780323046985
13,110,157,637.3233088472443
14,106,162,639.1650803978578
66,62,352,639.6561576347092
7,109,150,640.9251126301731
78,59,386,641.1123146532127
73,59,368,641.7016440683318
15,100,167,642.9315671204829
75,57,372,643.5254462723288
76,56,382,644.1987271021264
84,53,397,647.0007727970656
85,47,398,653.0
116,50,465,653.4439532201671
77,46,388,654.0764481312563
1,138,62,654.782406605431
108,47,455,655.4830280030139
0,136,63,655.9885669735411
83,44,398,656.0
115,47,465,656.4282138969958
87,41,402,659.0121394936515
