312,361,679,3.605551275463989
320,361,687,6.708203932499369
328,368,694,13.601470508735444
306,350,680,14.035668847618199
329,368,695,14.560219778561036
302,350,675,15.231546211727817
317,351,689,15.264337522473747
304,347,681,17.0
318,349,691,18.027756377319946
309,345,685,19.4164878389476
296,350,666,20.518284528683193
293,353,661,22.825424421026653
294,347,665,23.345235059857504
285,346,660,27.65863337187866
282,316,671,49.03060268852505
370,382,748,69.3757882838098
364,424,721,72.11102550927978
313,297,710,73.00684899377592
368,424,723,73.23933369440222
331,303,729,77.62087348130012
275,285,672,79.51100552753688
287,418,617,83.73768566183328
253,299,623,87.11486669908874
325,289,727,87.98295289429652
324,285,727,91.4166286842826
244,299,616,91.92388155425118
242,299,615,92.63368717696602
327,286,731,92.64987857520376
305,277,713,92.69843580125827
322,280,726,95.29428104561154
311,274,719,97.6933979345585
319,275,726,99.72963451251589
228,344,581,101.9803902718557
227,344,580,102.96115772464877
232,283,616,103.85566907973777
332,278,740,104.29285689825551
277,429,599,104.63746938836012
265,403,582,106.4048871058092
340,468,650,108.52188719332152
267,412,583,109.12378292562992
229,265,622,115.24755962709145
221,301,576,122.4499897917513
321,470,618,123.30855606972291
347,485,647,125.686116973992
362,490,666,126.8897158953396
386,472,748,127.09445306542689
216,295,574,127.3184982632139
380,485,731,130.92364186807515
390,470,758,131.01526628603247
350,492,647,132.43866504914644
341,490,634,134.48048185517482
395,465,771,135.28118864054971
396,467,771,136.7808466123821
389,484,747,136.95254652615992
356,499,654,137.6735268670052
249,414,550,140.21768789992225
394,482,760,142.00352108310554
399,477,773,145.71547618561317
400,477,774,146.3488981851247
270,452,563,147.20054347725758
385,505,725,147.7057886475679
326,494,608,149.093930124603
354,511,638,153.16004700965587
403,480,782,153.8083222715858
343,507,624,153.9415473483361
359,516,645,156.20499351813308
330,502,606,157.0636813525011
207,307,533,158.59697348940804
204,296,535,161.05899540230592
205,315,524,164.46884203398528
334,511,604,165.94577427581578
367,528,650,166.90416411821485
197,308,522,168.5734261382855
195,300,524,169.54350474140847
210,348,512,169.75570682601514
209,350,509,172.5688268488837
191,298,521,173.07801709055948
193,255,546,173.51080657987848
392,541,713,179.86939706353607
188,297,512,181.79658962697843
251,455,518,186.6815470259447
291,505,552,191.10729970359583
186,268,514,192.62658175859323
200,203,574,193.31321734428818
240,455,507,196.3593644316461
184,269,509,196.49173010587495
401,557,719,196.70536342458993
402,559,719,198.66806487203723
260,473,514,199.42417105255822
256,474,511,202.48456731316588
259,475,511,203.0295544988463
357,554,608,203.54115063052976
393,568,695,204.47982785595258
314,530,557,207.20038610002638
230,462,493,212.00943375236866
266,491,510,213.00234740490538
234,467,492,215.24404753674375
263,492,507,216.0092590608097
250,478,496,217.30393461693234
375,580,634,221.05429197371402
301,534,539,221.50395030337495
194,392,458,224.75097330156325
404,587,710,224.8777445635739
183,190,538,225.22211259110415
268,509,507,226.497240601293
176,197,521,231.27689032845456
171,307,455,233.0772404161333
182,180,536,234.26694175662087
169,205,508,234.96808293893875
168,201,508,237.6930794112441
405,599,719,238.05251521460553
222,458,461,239.240464804765
175,183,524,239.60383970212163
218,456,458,241.23225323326895
172,185,519,241.42286552851616
170,185,518,242.09502266672067
217,457,457,242.53865671269807
280,536,507,244.6630335788388
165,230,475,245.7478382407463
237,493,468,249.0180716333656
173,167,528,249.43536236869062
163,283,439,255.1960031034969
153,245,455,255.41534801182172
162,284,438,255.8300216940928
160,282,438,256.46247288833507
164,301,429,259.7556544139126
161,294,430,260.5782032327339
150,279,433,262.16216355530787
151,283,431,262.79459659589656
147,276,432,264.09278672466615
149,283,429,264.69794105734934
166,168,503,264.76404589747455
152,289,427,264.841462010766
146,275,431,265.3695536417092
167,166,504,265.58049627184596
158,307,418,269.1059270993487
384,627,621,269.75729832573575
157,308,416,270.85235830614437
154,307,416,271.0608787708031
376,622,596,271.64130760986995
142,287,419,273.0805741901097
348,602,543,275.1145216087293
148,305,412,275.3942628305826
381,631,613,275.52313877422347
137,281,418,275.7861490358064
159,321,408,276.3656997530627
211,459,421,276.81221071332817
141,296,412,277.46170906991836
140,294,412,277.9586300153316
144,302,409,278.9767015361677
358,612,551,280.0071427660373
225,509,441,280.40149785619906
388,638,618,281.1494264621573
143,305,406,281.2578887782528
231,512,441,281.9645367772337
156,327,401,282.4340631014609
378,634,596,283.0635970943632
233,515,441,283.5507009337131
387,639,611,283.7692724732542
243,521,443,285.1192732875138
136,300,403,285.27180021866866
131,284,407,285.4400112107621
288,569,482,285.70264261990997
300,578,491,286.174771774173
135,296,403,286.19573721493475
134,297,402,286.93204770467867
383,641,604,287.5030434621519
289,571,480,288.5307609250702
145,322,394,290.05689097140925
214,487,417,291.247317584214
246,527,439,291.7755987055806
133,307,392,294.56747953567447
130,295,394,295.1779124528121
382,647,597,295.2033197645311
132,309,390,296.1519880061588
235,524,431,296.8164415931166
406,661,669,297.24232538452526
127,297,388,300.5628054167714
114,239,397,310.291798151353
409,675,665,311.4113035841827
408,675,660,311.7081968765018
178,417,372,313.5123602029113
377,656,561,315.69605635801025
138,105,496,318.2860348805772
336,624,490,322.61587065735
100,207,399,322.75842359263066
101,191,408,323.199628712658
413,688,693,324.2221460665511
208,486,380,324.7845439672276
226,539,404,327.6492026543022
292,599,449,330.22568040659706
290,599,447,331.6338342208165
206,486,372,332.2122815309512
128,96,482,333.80383460949037
94,202,388,334.8029271078734
93,206,385,335.5294323900662
361,652,508,335.96577206614364
110,296,349,338.89231327960215
199,486,364,339.66601242985735
307,616,453,339.8352542041511
273,589,426,340.073521462639
278,597,432,341.0131962256006
407,702,628,342.1300922163965
415,705,711,342.31710445141357
279,598,431,342.42663447810247
411,704,635,343.0976537372414
315,622,454,343.64662081853794
90,177,392,344.223764432382
310,621,451,344.88983748437704
272,591,421,345.15069172754096
124,340,336,345.83377510011945
412,710,632,349.4524288082714
374,680,523,353.29874044496677
286,611,426,355.0126758300329
283,611,423,357.17362724590964
96,111,428,357.79603128039304
373,680,512,358.35317774508434
391,700,553,359.5552808679077
414,724,658,360.73397400300405
372,681,508,361.13432404023854
88,133,402,362.2181663031273
335,648,455,362.9490322345549
102,315,321,363.319418693799
410,722,614,364.2155954925599
333,651,449,369.04335788630584
89,283,320,369.97567487606534
99,316,313,371.11723215178245
303,632,423,372.0053763052357
363,677,479,372.52248254300036
98,317,311,372.97318938497443
129,384,307,374.5343775943672
120,360,306,375.02133272655306
86,161,365,375.5862084794914
308,638,422,377.0371334497439
121,363,303,378.00132274900835
117,357,303,378.06480925894175
323,649,431,379.11080174534726
257,588,375,379.2255265669757
80,203,337,379.81179549877066
116,50,465,381.11940386183437
115,47,465,383.59483833857826
95,319,300,383.64827641995214
284,628,400,385.56063077031087
108,47,455,389.31349835319094
104,344,292,389.51379949881107
123,385,282,399.55224939924943
74,198,317,400.064994719608
105,358,277,404.04455199891015
72,143,334,411.40004861448426
379,726,482,413.0919994383818
112,376,266,415.17345772580404
223,585,327,417.3212192065005
79,280,269,420.47592083257274
84,53,397,421.1614892176159
203,535,296,421.2671361499731
245,600,332,421.3039282987995
63,128,330,422.96217324957087
78,59,386,424.3229901855425
202,535,292,424.9258758889602
85,47,398,424.9447022848973
109,376,256,425.1693780130455
262,614,337,425.2481628414166
252,606,331,425.5161571550486
236,597,324,426.3074008271496
87,41,402,426.81377672235465
83,44,398,427.18731254567945
352,701,417,428.0946157101255
248,606,327,428.81231325604443
76,56,382,429.26099287030496
351,701,414,429.95116001704196
92,354,251,430.11626335213134
254,611,328,430.83407478981974
77,46,388,432.40374651475906
371,720,433,433.8663388648628
255,615,327,433.9550667983956
75,57,372,435.5800730061007
71,71,357,436.83520920365385
73,59,368,437.0286031829038
70,68,357,438.8530505761581
344,700,398,439.30058046854435
69,71,353,439.8101863304214
68,70,353,440.477014156244
62,239,258,441.0827586746052
397,763,492,441.4997168742014
185,515,265,442.5573409175358
54,228,258,444.3253312607779
398,765,489,444.5953216128123
187,520,263,446.1614057714988
66,62,352,446.5926555598513
55,72,341,448.1785358537376
59,245,248,449.0545623863541
58,244,248,449.32059823693817
53,70,339,450.99889135118724
51,207,258,451.1961879271588
50,208,257,451.7875606963963
52,71,336,452.63009179682257
49,209,254,454.26203891586624
192,543,260,457.4734965000705
41,155,270,461.0878441251732
40,154,270,461.5419807558138
48,227,237,464.65578657754816
44,206,242,466.56725131539184
119,421,214,470.46572670068116
155,470,218,474.97894690186007
212,579,257,475.39562471692983
47,241,221,476.16068716348263
39,207,230,477.5458093209488
264,645,292,479.8770675912738
45,240,217,480.28324975997236
46,243,216,480.48517146734093
281,673,309,483.5959056898642
42,227,214,486.680593408038
36,87,280,487.37049561909265
38,219,215,488.0379083636844
122,435,197,489.17992599860435
37,215,215,489.24124928300967
345,727,350,491.25349871527635
125,443,196,491.39190062515274
349,731,353,492.21235254715015
355,738,361,492.2154000028849
82,350,188,493.19874290188534
113,422,191,493.42071298233924
81,350,187,494.1983407499463
337,720,338,494.35311266340784
107,414,187,496.52391684590583
346,731,346,496.9044173681695
139,470,190,502.31165624540307
365,754,364,502.58233156369516
366,755,364,503.3587190066345
126,451,184,504.5572316397814
369,756,363,504.7652919922288
338,730,326,509.88331998605327
111,426,172,512.7621280866987
342,735,327,512.7933306898599
339,733,324,513.4296446447166
201,573,210,515.2882688359982
118,438,170,516.3303206281809
174,521,187,518.3483384751995
241,640,240,520.2470566951821
196,571,200,523.6506469011568
31,122,216,524.2032048738351
198,574,200,524.8437862831187
91,405,157,525.6015601194501
360,758,331,527.0066413243765
60,316,153,530.1773288249885
28,121,209,530.879459011177
65,322,150,532.6584271369411
103,428,147,537.8215317370624
106,430,147,538.0631933146886
61,321,144,538.7188506076244
215,614,201,541.2023651093923
271,683,243,541.8533011803103
177,536,164,544.8605326136221
219,618,198,545.7151271496879
67,331,135,546.9963436806502
274,688,240,547.2266440881693
56,321,135,547.6906060907015
64,328,133,549.1812087098392
25,129,184,549.7581286347661
57,323,131,551.5260646605924
26,160,166,553.9323063335447
27,177,159,554.4844452281777
276,695,234,556.2103918482645
97,425,127,557.3481856075249
34,220,138,561.7695256953691
33,215,135,565.9655466545645
24,138,162,566.0715502478463
30,206,136,567.4407458052339
43,293,118,567.459249638245
22,134,162,567.6803678127332
21,135,161,568.1909890168973
213,617,171,569.3057175191551
181,545,140,570.4752404793744
32,217,128,572.2045088952026
29,206,127,576.0902707041666
18,131,153,577.1247698721655
15,100,167,577.8338861645274
16,109,162,578.261186662221
17,129,152,578.8488576476592
14,106,162,579.5903725908497
180,547,131,579.6455813684772
179,546,130,580.2801047769948
13,110,157,582.3160653803053
10,114,150,586.907999604708
7,109,150,589.0551756839083
295,723,211,591.4228605659406
190,585,131,592.7402466510943
247,669,168,596.8199058342475
189,585,123,600.1708090202321
353,781,246,602.5894124526252
224,658,144,612.213198158942
11,161,101,614.4989829120956
8,158,99,617.3815675900926
4,149,102,617.629338681381
239,668,143,617.9482178953185
238,668,142,618.8190365526904
12,167,94,619.1752579036084
9,164,93,621.0829252201352
6,157,93,623.3722804231834
35,260,65,624.7175361713485
2,143,96,625.352700481896
3,146,94,626.1732986961357
19,190,79,626.6418434799898
23,200,75,627.7993309967763
5,162,84,630.2483637424218
258,687,134,635.2464088839857
20,199,67,635.7837682734595
261,689,134,636.2656677835132
297,737,165,636.6985157827839
298,738,164,638.0948205400198
299,741,166,638.2429004697193
220,643,99,645.4184689021534
0,136,63,658.7169346540288
1,138,62,658.9666152393457
269,714,114,666.3249957790867
