350,492,647,13.152946437965905
347,485,647,13.92838827718412
343,507,624,19.72308292331602
354,511,638,21.37755832643195
356,499,654,21.93171219946131
321,470,618,25.612496949731394
326,494,608,26.30589287593181
340,468,650,27.202941017470888
359,516,645,28.231188426986208
330,502,606,30.463092423455635
362,490,666,32.0
334,511,604,36.61966684720111
367,528,650,41.23105625617661
357,554,608,69.07966415668217
277,429,599,70.32780389006896
287,418,617,73.97972695272672
270,452,563,80.52949770115296
291,505,552,83.3606621854697
314,530,557,86.76981041814025
375,580,634,90.0
385,505,725,92.22797840135064
267,412,583,93.1933474020544
392,541,713,94.03190947758107
380,485,731,97.12878049270464
393,568,695,99.02019995940222
265,403,582,101.35580891098448
301,534,539,104.69479452198185
401,557,719,108.23123393919151
364,424,721,109.20164833920778
402,559,719,109.48059188732951
368,424,723,110.80162453682708
389,484,747,113.1591799192624
249,414,550,113.27841806805037
386,472,748,115.41230437002807
251,455,518,121.16517651536682
260,473,514,121.19818480488888
404,587,710,123.22743201089601
259,475,511,123.9112585683803
266,491,510,124.00403219250575
256,474,511,124.03628501370073
390,470,758,125.60254774486066
394,482,760,126.25371281669304
263,492,507,127.01574705523721
268,509,507,128.41339493993607
240,455,507,131.73458164050928
316,364,681,134.48048185517482
280,536,507,135.07405376311175
328,368,694,135.95587519485872
329,368,695,136.40014662748717
312,361,679,136.6235704408284
376,622,596,137.3608386695422
384,627,621,137.6154061142865
405,599,719,138.2244551445221
250,478,496,138.52075656738234
396,467,771,138.91724155050014
395,465,771,139.26234236145822
320,361,687,139.46325680981354
399,477,773,139.60659010233005
293,353,661,139.6352391053204
400,477,774,140.60227594174995
381,631,613,142.55525244620065
296,350,666,143.61058456812992
230,462,493,143.75326083258076
234,467,492,143.85061696079026
348,602,543,144.30869689661813
302,350,675,145.8800877433243
294,347,665,146.32156368765337
285,346,660,146.32839779072276
306,350,680,147.36349615830918
358,612,551,147.5567687366459
403,480,782,148.33745312630927
388,638,618,148.86235252742716
378,634,596,148.92951352905172
317,351,689,149.48578527739687
304,347,681,150.5257453062432
387,639,611,150.7647173578752
318,349,691,152.0855022676389
309,345,685,153.70751445521458
383,641,604,153.95129099815955
228,344,581,155.32224567009067
227,344,580,155.66630977832037
370,382,748,157.0350279396288
382,647,597,161.3009609394811
237,493,468,166.02710622064097
300,578,491,167.90771274721124
288,569,482,171.30382365843442
289,571,480,174.0028735394907
406,661,669,174.54512310574592
222,458,461,175.93464695732902
282,316,671,177.89041570584965
218,456,458,179.25400971805345
217,457,457,180.0499930574839
377,656,561,181.34221791960084
408,675,660,186.81809334215998
210,348,512,187.21111078138497
409,675,665,187.57931655702342
209,350,509,187.6832437912346
253,299,623,191.3164917094185
244,299,616,191.84629264074925
242,299,615,191.94269978303421
243,521,443,193.49935400408964
225,509,441,193.93297811357408
231,512,441,194.2498391247725
233,515,441,194.61243536834948
336,624,490,196.70282153543198
221,301,576,197.69926656414282
246,527,439,198.47921805569467
194,392,458,201.44478151592807
216,295,574,204.02205763103166
361,652,508,205.23157651784484
235,524,431,205.8275977608445
413,688,693,206.60348496576722
205,315,524,206.70026608594387
313,297,710,207.4246851269154
232,283,616,207.78113485107352
275,285,672,208.4922060893404
207,307,533,209.02152999152983
331,303,729,209.74746720759228
407,702,628,212.08488866489287
197,308,522,213.70072531463248
411,704,635,214.0023364358436
292,599,449,214.72307747422028
211,459,421,215.24404753674375
290,599,447,216.44860821913363
214,487,417,217.02073633641555
204,296,535,217.8003673091485
195,300,524,219.5449840010015
412,710,632,220.00909072126996
374,680,523,220.04772209682153
307,616,453,220.5379785887229
325,289,727,221.472345903501
191,298,521,222.78464938141497
315,622,454,223.2129028528593
310,621,451,225.055548698538
391,700,553,225.07998578283232
324,285,727,225.10886255321003
229,265,622,225.31977276750482
373,680,512,225.79636843846714
327,286,731,225.88713996153035
305,277,713,227.17834403833479
188,297,512,228.32652057962954
415,705,711,228.37250272307304
278,597,432,228.58915109864685
372,681,508,228.81652038259824
322,280,726,229.26840166058645
279,598,431,229.94129685639334
273,589,426,230.3584163862914
311,274,719,232.12281232140884
410,722,614,232.86047324524614
319,275,726,233.8567937862828
226,539,404,235.16164653276266
414,724,658,235.2275494069519
272,591,421,235.73289969794203
332,278,740,237.0232056149777
335,648,455,238.75719884434898
286,611,426,240.63457773146402
363,677,479,242.88680491125902
283,611,423,243.232399157678
333,651,449,245.246814454337
193,255,546,250.9362468835461
186,268,514,252.3568901377571
184,269,509,253.90155572583637
208,486,380,254.03149411047443
303,632,423,254.33245958783948
171,307,455,255.98828098176682
323,649,431,257.8565492672234
308,638,422,258.549801779077
206,486,372,262.03053257206494
199,486,364,270.0296280040396
284,628,400,271.6615541441225
178,417,372,271.9797786601055
257,588,375,276.9205662279348
164,301,429,278.82969712711736
379,726,482,280.713376952364
159,321,408,282.20028348674634
161,294,430,282.8992753613908
158,307,418,283.0989226401259
157,308,416,283.9859151436916
162,284,438,284.3448610402516
156,327,401,284.35541141325234
163,283,439,284.3835438276976
154,307,416,284.6278271708513
160,282,438,285.79713084634
152,289,427,288.5307609250702
148,305,412,288.9792380085462
151,283,431,289.9275771636772
149,283,429,291.3314263858261
150,279,433,291.41379514360676
145,322,394,292.9573347776089
144,302,409,293.2047066470796
200,203,574,293.2047066470796
143,305,406,293.6136917788406
147,276,432,294.27877939124323
141,296,412,294.8219801846531
142,287,419,295.6924077483221
146,275,431,295.6924077483221
140,294,412,296.1418578992169
136,300,403,299.1003176193566
137,281,418,300.56114186634306
135,296,403,301.65709008740373
134,297,402,301.7830346457534
352,701,417,302.67143902258107
133,307,392,303.40237309553135
153,245,455,303.4237960345233
132,309,390,303.80421326900654
165,230,475,304.76384299978895
351,701,414,304.8294605185004
371,720,433,305.45212390815027
131,284,407,306.5371103145588
397,763,492,307.7222773866072
130,295,394,309.23292192132453
398,765,489,310.8858311341963
169,205,508,311.61033358988595
127,297,388,312.6739515853535
176,197,521,314.03502989316337
183,190,538,314.9857139617605
168,201,508,315.27289766169247
344,700,398,315.9050490258109
223,585,327,321.3627234139019
245,600,332,321.40939625343873
262,614,337,321.846236578898
252,606,331,324.4456811239749
182,180,536,325.1215157444982
172,185,519,325.96012026013244
175,183,524,326.11194397016493
170,185,518,326.31426570102633
236,597,324,327.9466420014085
248,606,327,328.18439938546743
254,611,328,329.05470669783773
255,615,327,331.4724724618924
124,340,336,333.6225412048772
173,167,528,339.94852551526094
203,535,296,340.9824042381073
129,384,307,343.7513636336589
110,296,349,344.7622369111791
202,535,292,344.9478221412624
114,239,397,345.21008096520006
166,168,503,347.6276743874112
167,166,504,349.10743332103374
120,360,306,352.82290175100593
121,363,303,354.52785504103906
117,357,303,356.72117963473937
102,315,321,358.6000557724441
99,316,313,365.1260056473655
98,317,311,366.4123360368753
123,385,282,367.3268299484806
100,207,399,367.85051311640166
355,738,361,368.8265174848468
185,515,265,369.845913861435
345,727,350,369.8986347636336
349,731,353,370.19184215754944
104,344,292,371.860188780676
187,520,263,372.21096168705185
281,673,309,372.9798922194064
101,191,408,374.80261471873433
337,720,338,374.8546384933765
95,319,300,375.2292632511489
264,645,292,375.4850196745537
346,731,346,375.53295461250804
89,283,320,376.0917441263501
365,754,364,377.6188554614295
93,206,385,377.69961609723674
192,543,260,377.73668077114246
366,755,364,378.3186487605389
94,202,388,378.7611384500791
369,756,363,379.73280079550676
105,358,277,380.6218595929561
112,376,266,385.25316351718647
212,579,257,387.36287896493127
338,730,326,390.4663877979768
342,735,327,392.7772905858993
339,733,324,393.88957843537827
109,376,256,394.81641303269043
90,177,392,395.6425154100605
360,758,331,404.5157598907612
92,354,251,406.42957569547025
138,105,496,408.98532981025124
80,203,337,413.01089574005186
155,470,218,416.48049174000937
79,280,269,421.0997506529777
241,640,240,421.5874760948195
128,96,482,422.30320860727545
86,161,365,424.9729403150276
119,421,214,425.63012111456584
88,133,402,425.7616704213755
74,198,317,430.99071915761715
96,111,428,431.3664335573643
201,573,210,432.0474510976775
271,683,243,436.0389890823985
122,435,197,440.44749970910266
125,443,196,440.5144719529655
274,688,240,440.95351228899403
196,571,200,441.49405432010064
198,574,200,442.0542953077144
139,470,190,444.45022218466715
174,521,187,448.0736546595883
113,422,191,448.1885763827543
276,695,234,449.47191235938203
215,614,201,450.40537296972826
126,451,184,451.6868384179464
62,239,258,452.08074500027095
107,414,187,453.4148211075593
219,618,198,454.4007042248064
59,245,248,457.1881450781505
58,244,248,457.72480815441935
54,228,258,458.27939076506595
72,143,334,458.70360800848295
111,426,172,466.4118351843143
118,438,170,466.9047011971501
82,350,188,467.4569498895059
81,350,187,468.41114418852163
51,207,258,470.6006799825092
50,208,257,470.8003823277972
116,50,465,471.3395803452114
177,536,164,472.2456987628368
49,209,254,472.6108335618218
63,128,330,472.71555929543933
115,47,465,474.14132914142806
48,227,237,476.21213760256046
108,47,455,477.7970280359642
213,617,171,480.10207248042576
47,241,221,482.2551192055923
295,723,211,482.9264954421118
44,206,242,484.06611118730467
91,405,157,484.5141896786925
353,781,246,485.0
46,243,216,485.5234288888642
45,240,217,486.19851912567566
106,430,147,490.68217819684463
103,428,147,490.9307486805038
39,207,230,493.2595665570005
41,155,270,494.69283398893094
40,154,270,495.3705683627157
42,227,214,495.54919029295166
181,545,140,497.0523111303276
84,53,397,497.12976173228657
78,59,386,497.2574785762402
38,219,215,499.001002003002
247,669,168,499.1963541533532
37,215,215,501.1845967305859
76,56,382,501.85655321017776
85,47,398,501.9412316197983
71,71,357,502.2847797813507
69,71,353,504.50173438750437
83,44,398,504.5909234221321
70,68,357,504.79005536955657
68,70,353,505.332563763706
87,41,402,505.3958844312051
75,57,372,506.0958407258451
180,547,131,506.21932005801597
73,59,368,506.47507342415184
179,546,130,507.1015677356953
77,46,388,507.5943262094248
55,72,341,510.4635148568407
97,425,127,511.149684534775
60,316,153,511.50464318518164
190,585,131,511.8925668536319
65,322,150,512.3280199247354
66,62,352,512.5504853182757
53,70,339,513.2494520211395
52,71,336,514.1643706053542
224,658,144,518.0
61,321,144,518.3251875029806
189,585,123,519.7557118493264
239,668,143,522.2690877316022
238,668,142,523.2093271339876
67,331,135,523.7193905136605
64,328,133,526.5405967254567
56,321,135,526.8415321517467
57,323,131,529.9981132041887
297,737,165,530.0660336222271
299,741,166,531.0602602341847
298,738,164,531.4169737597774
36,87,280,536.4000372856065
258,687,134,537.4095272694744
261,689,134,538.1458909998291
43,293,118,552.326895959268
220,643,99,556.4476615100472
31,122,216,556.9093283470838
28,121,209,562.8374543329539
34,220,138,564.7264824673977
269,714,114,566.1943129350559
27,177,159,568.8532323895154
33,215,135,569.7595984272665
26,160,166,572.6464878090147
30,206,136,573.2887579571048
32,217,128,574.9478237196832
25,129,184,576.9064048873092
29,206,127,581.1239110551209
24,138,162,588.8021739090303
22,134,162,591.2021650839922
21,135,161,591.4000338180579
18,131,153,600.2016327868494
17,129,152,602.2001328462159
16,109,162,606.5847014226455
15,100,167,608.4315902383768
14,106,162,608.4734998338054
13,110,157,609.8598199586525
10,114,150,612.8882442990729
35,260,65,613.7271380670729
7,109,150,615.9683433424157
11,161,101,626.3625148426429
12,167,94,629.2288931700451
8,158,99,629.6419617528679
23,200,75,629.7467745054356
19,190,79,630.8922253443927
9,164,93,631.6304299192685
4,149,102,631.9058474171608
6,157,93,635.2715954613428
20,199,67,637.3146789459662
2,143,96,640.197625737553
3,146,94,640.2624461890608
5,162,84,640.3780133639817
1,138,62,671.6308509888449
0,136,63,671.8310799598363
