232,283,616,18.973665961010276
253,299,623,34.0147027033899
244,299,616,34.52535300326414
242,299,615,34.713109915419565
275,285,672,53.85164807134504
216,295,574,56.60388679233962
221,301,576,58.412327466040935
282,316,671,70.7248188403477
193,255,546,76.6550715869472
200,203,574,78.40918313565064
228,344,581,89.00561780022652
227,344,580,89.47066558375433
285,346,660,89.47066558375433
305,277,713,91.7877987534291
204,296,535,92.35799911215054
294,347,665,92.59049627256569
313,297,710,93.637599285757
296,350,666,95.71311299921238
293,353,661,96.25487000666512
311,274,719,97.41663102366043
207,307,533,98.41239759298622
302,350,675,100.16985574512923
304,347,681,101.01980003939822
309,345,685,101.82828683622247
306,350,680,102.90286682109493
195,300,524,104.06248123122954
319,275,726,104.47966309287182
322,280,726,105.07616285342742
191,298,521,106.25441167311595
324,285,727,106.88779163215975
325,289,727,107.70793842609746
186,268,514,108.04165863221463
318,349,691,108.70602559196064
197,308,522,108.85311203635843
317,351,689,109.01834707974616
205,315,524,110.01818031580054
327,286,731,111.00450441310929
312,361,679,111.64676439557037
183,190,538,112.60994627474076
184,269,509,113.07077429645558
331,303,729,113.54734695271397
188,297,512,114.56002793295748
316,364,681,115.24755962709145
320,361,687,115.93532679903913
332,278,740,118.71394189394942
182,180,536,120.91732712891069
176,197,521,121.75795661885921
328,368,694,125.67020331009256
329,368,695,126.24579200908045
175,183,524,127.7810627597063
169,205,508,128.82546332150332
172,185,519,130.41855696180662
168,201,508,130.73637596323374
170,185,518,131.20975573485381
173,167,528,135.79396157414365
210,348,512,137.80058055030102
209,350,509,141.40014144264495
265,403,582,143.68020044529447
165,230,475,151.10923201446033
267,412,583,152.0855022676389
287,418,617,153.08167754502824
166,168,503,153.52524222420234
167,166,504,154.02921800749363
249,414,550,165.4841382127
277,429,599,165.60495161679194
153,245,455,168.19334112859522
370,382,748,171.9447585708852
171,307,455,172.20046457544765
163,283,439,183.88311504866346
160,282,438,184.78365728602733
162,284,438,184.97837711473198
364,424,721,187.3018953454556
368,424,723,188.36666371733614
150,279,433,189.51780918953236
147,276,432,190.31815467789718
146,275,431,191.26160095534075
151,283,431,191.84629264074925
149,283,429,193.83756085960223
161,294,430,194.17775361765828
270,452,563,196.08671551127577
164,301,429,196.32880583347927
152,289,427,196.4713719603953
138,105,496,203.65657367244495
142,287,419,204.1886382735337
137,281,418,204.6264889988586
340,468,650,204.92193635626225
321,470,618,205.03902067655318
194,392,458,207.4246851269154
158,307,418,208.2786594925174
154,307,416,210.23796041628637
157,308,416,210.440015206234
140,294,412,211.9929244102265
141,296,412,212.27576404290716
148,305,412,213.7755832643195
131,284,407,215.83790213954546
144,302,409,216.18973148602595
251,455,518,216.60101569475614
128,96,482,219.45614596087302
143,305,406,219.6724834839357
135,296,403,221.18318200080222
159,321,408,221.20578654275752
347,485,647,221.41589825484527
136,300,403,221.77916944564473
240,455,507,222.0923231451281
134,297,402,222.31509170544405
341,490,634,225.31977276750482
101,191,408,226.43321311150447
114,239,397,226.497240601293
350,492,647,228.37250272307304
362,490,666,229.26185901715095
326,494,608,229.42754847663784
156,327,401,229.53213282675696
130,295,394,229.9652147608416
100,207,399,230.41918322917473
133,307,392,233.80333616097099
260,473,514,234.36723320464404
145,322,394,235.01702066020664
230,462,493,235.47823678633233
132,309,390,236.13555429032706
127,297,388,236.1778990506944
356,499,654,236.1778990506944
256,474,511,236.64741705752886
259,475,511,237.5310506018108
330,502,606,237.53947040439405
234,467,492,240.21656895393374
343,507,624,242.00826432169626
94,202,388,242.33241632105268
386,472,748,242.33241632105268
93,206,385,244.23349483639626
380,485,731,245.52189311749777
390,470,758,246.0101623917191
90,177,392,246.26002517664128
354,511,638,246.51977608297474
334,511,604,246.6576574931336
250,478,496,247.4772716836841
96,111,428,247.69335881286764
395,465,771,249.40128307609004
291,505,552,250.0
396,467,771,251.00796800101784
222,458,461,251.3364279208249
218,456,458,251.7478897627545
359,516,645,252.05158202241066
389,484,747,252.1626459252044
266,491,510,252.23005372080465
217,457,457,253.15805339747737
263,492,507,254.46807265352564
88,133,402,256.5618833731932
394,482,760,257.1633721975196
399,477,773,260.2786967848118
400,477,774,260.8601157708859
385,505,725,261.16852796613915
367,528,650,264.48629454094595
116,50,465,266.22171211229187
403,480,782,268.00186566514793
115,47,465,268.650330355278
268,509,507,269.74246977441277
314,530,557,272.8552729928451
108,47,455,274.6142749385035
110,296,349,274.7544358149655
237,493,468,275.13632984395207
86,161,365,277.24537868105216
211,459,421,279.35103364763125
301,534,539,281.51376520518494
357,554,608,289.33890163612637
392,541,713,290.61486541469276
80,203,337,291.6659047609096
178,417,372,292.5816125459698
280,536,507,294.3908965983833
124,340,336,295.67042462850424
214,487,417,302.1737910540886
89,283,320,302.5359482772254
225,509,441,303.80421326900654
102,315,321,305.1245647272602
231,512,441,306.2188759694608
401,557,719,307.6897788357618
233,515,441,308.6438076488819
84,53,397,309.142362027594
402,559,719,309.58843647655834
393,568,695,311.66969695496545
74,198,317,312.27231705676377
243,521,443,312.37317426437244
85,47,398,312.5699921617557
72,143,334,312.7746792820672
99,316,313,313.1804591605294
78,59,386,313.2602751706638
87,41,402,313.9681512510465
83,44,398,314.6696680647819
375,580,634,315.22848856028224
98,317,311,315.3173005085512
76,56,382,318.24675960644123
246,527,439,319.5825401989289
77,46,388,320.4949297570868
235,524,431,321.8105032468642
63,128,330,322.54147020189515
75,57,372,325.21377584598105
95,319,300,326.49655434629017
73,59,368,327.0351663047875
208,486,380,327.72702055216627
71,71,357,328.42198464780034
120,360,306,329.9712108654329
70,68,357,330.2029678849056
69,71,353,331.6579563345345
117,357,303,332.00150602068055
68,70,353,332.24388632448904
206,486,372,333.67798848590536
121,363,303,333.7139493638227
404,587,710,333.8083282364297
288,569,482,334.6879143321432
129,384,307,336.7283771825594
289,571,480,337.34255586866
66,62,352,337.80023682644156
300,578,491,339.3081195609678
104,344,292,339.32432862970495
199,486,364,339.7131142596647
55,72,341,340.8958785318473
53,70,339,343.6771741038383
52,71,336,345.5893516878088
348,602,543,346.13581149600805
405,599,719,347.80023001717524
226,539,404,350.14282800023193
79,280,269,353.3185531499867
358,612,551,354.18921496849674
105,358,277,357.3149870912218
376,622,596,357.94552658190884
123,385,282,360.5551275463989
384,627,621,362.0013812128346
62,239,258,364.9273900380732
54,228,258,365.8756619399547
381,631,613,366.1106390150387
51,207,258,368.59191526673504
41,155,270,368.78720151328463
40,154,270,369.08671067921154
50,208,257,369.42387578498494
378,634,596,369.9148550680278
49,209,254,372.23648397221893
112,376,266,372.90347276473574
388,638,618,373.02144710458674
387,639,611,374.16172973728885
59,245,248,374.5343775943672
58,244,248,374.58910822393113
292,599,449,376.14491888100787
383,641,604,376.4306044943742
290,599,447,377.068959210381
273,589,426,378.67136147324373
92,354,251,381.5258837877189
109,376,256,382.4617627946616
336,624,490,382.4983660095818
278,597,432,382.5232019106815
382,647,597,382.817188746796
272,591,421,382.9843338832543
279,598,431,383.8880045013129
44,206,242,384.5529872462311
36,87,280,385.5489592775475
48,227,237,386.87077946001557
307,616,453,389.56642565806413
315,622,454,394.55417878917467
310,621,451,394.93923583255184
377,656,561,395.72970573359794
39,207,230,396.2675863605299
286,611,426,397.6581446418519
406,661,669,398.7793876318083
283,611,423,399.1453369388148
47,241,221,401.7175624739352
361,652,508,403.4414455655244
45,240,217,405.77087130546965
46,243,216,406.59562220958554
257,588,375,406.61775662162125
38,219,215,409.59125967237145
42,227,214,409.76578676116924
37,215,215,410.0597517435721
408,675,660,411.7572100158053
409,675,665,412.24871133819204
303,632,423,417.4805384685614
335,648,455,417.8253223537319
333,651,449,422.9952718411874
308,638,422,423.2363405947084
203,535,296,423.2918614856657
284,628,400,425.50323148009113
202,535,292,426.38011210655685
374,680,523,426.64505153581706
323,649,431,428.8787707499638
413,688,693,428.9172414347551
373,680,512,429.33087473416117
31,122,216,430.4474416232486
372,681,508,431.3374549004526
223,585,327,435.22982434571276
185,515,265,435.83138941567756
363,677,479,436.1112243453498
119,421,214,436.8065933568311
407,702,628,437.0411879903312
28,121,209,437.3842704076131
411,704,635,439.1924407364043
187,520,263,440.347589978644
391,700,553,440.4384179428493
82,350,188,442.2454069857594
245,600,332,443.08577047790646
81,350,187,443.2268042436062
412,710,632,445.1123453691214
236,597,324,446.12554286882073
252,606,331,448.28785395100766
415,705,711,448.91090430061956
262,614,337,450.58406540844294
248,606,327,450.89466619156184
155,470,218,453.03531871146646
254,611,328,454.03964584604284
192,543,260,456.42962217630003
410,722,614,457.0700165182573
122,435,197,457.73900860643283
255,615,327,457.73900860643283
25,129,184,458.62838987572496
113,422,191,458.7046980356752
107,414,187,459.8108306684391
414,724,658,460.40960024743185
125,443,196,461.6925383845834
26,160,166,467.9326874669048
27,177,159,471.28865889176666
60,316,153,471.7647718937903
65,322,150,475.42927970414274
126,451,184,475.85712141356044
24,138,162,477.2095975564616
111,426,172,477.93409587515305
139,470,190,478.17256299373764
22,134,162,478.2896611886985
21,135,161,478.979122718308
61,321,144,481.26915546292804
212,579,257,481.4779330353573
352,701,417,481.78937306669604
379,726,482,481.78937306669604
351,701,414,483.0734933734204
118,438,170,483.97623908617663
15,100,167,483.9938016132025
91,405,157,485.61816275753114
16,109,162,485.7324366356441
34,220,138,486.08744069354435
14,106,162,486.70422229522524
18,131,153,487.7673625817947
17,129,152,489.28110529633165
344,700,398,489.2862148068347
33,215,135,489.5600065364817
30,206,136,489.56817707036475
13,110,157,490.1530373260988
56,321,135,490.20913904169515
67,331,135,491.4519305079592
371,720,433,492.69260193349766
64,328,133,493.0415803966233
57,323,131,494.41379430594367
10,114,150,495.5653337351191
32,217,128,496.32650543770075
7,109,150,497.11165747747253
29,206,127,498.5037612696618
103,428,147,502.18920737108635
106,430,147,502.8419234709851
264,645,292,503.2891812864648
174,521,187,504.7385461800991
43,293,118,504.7771785649585
281,673,309,514.2304930670681
201,573,210,514.4006220836052
397,763,492,514.6882551603446
398,765,489,517.3867025736166
97,425,127,520.2163011671203
196,571,200,521.2676855512914
198,574,200,523.034415693652
11,161,101,531.278646286485
177,536,164,532.1700855929428
4,149,102,532.7813810560575
8,158,99,533.8333073160572
241,640,240,535.302718095098
345,727,350,536.1231201878911
337,720,338,536.359021551796
12,167,94,537.0176905838391
349,731,353,538.0678395890243
9,164,93,538.555475322645
6,157,93,539.9120298715338
2,143,96,539.9629616927442
355,738,361,540.2314318882233
3,146,94,541.2439376103903
346,731,346,541.6013293927555
215,614,201,546.8473278713172
5,162,84,547.7709375277225
19,190,79,548.1550875436623
23,200,75,550.8484365049973
338,730,326,551.217742820385
219,618,198,551.7109750584992
365,754,364,552.8878729001026
366,755,364,553.7725164722424
339,733,324,554.8224941366383
342,735,327,554.9099025968089
369,756,363,555.1234097027435
35,260,65,557.0224411996343
181,545,140,557.4262283029029
20,199,67,558.9105474045019
271,683,243,564.2384247815811
180,547,131,566.2199219384638
179,546,130,566.5906811799855
274,688,240,569.9587704387046
213,617,171,572.1057594536171
360,758,331,572.4770737767583
0,136,63,573.6915547574323
1,138,62,574.2203409841904
276,695,234,579.1752757153916
190,585,131,586.0725211098026
189,585,123,592.7908568795575
247,669,168,607.7269123545542
295,723,211,615.3738700984954
224,658,144,618.8158045816218
239,668,143,625.9792328823696
238,668,142,626.7447646370889
353,781,246,638.4606487482216
258,687,134,645.1573451492279
220,643,99,645.3007050980186
261,689,134,646.4673232267816
297,737,165,656.9878233270385
298,738,164,658.4018529743063
299,741,166,659.17524225353
269,714,114,677.9859880558005
