374,485,647,7.0
383,499,654,9.899494936611665
368,492,634,13.0
388,490,666,19.1049731745428
380,511,638,21.02379604162864
369,470,651,22.360679774997898
386,517,643,25.317977802344327
372,507,624,27.459060435491963
393,528,650,36.124783736376884
344,470,618,36.40054944640259
352,494,608,39.05124837953327
355,501,607,41.0
340,450,631,44.94441010848846
359,510,604,46.61544808322666
337,443,631,51.54609587543949
328,442,626,54.230987451824994
384,554,608,73.24616030891995
414,505,722,76.11832893594026
417,506,724,78.26237921249263
296,429,599,79.20227269466452
305,418,617,79.84985911070852
418,505,726,80.06247560499239
410,484,730,83.38465086573187
425,542,714,83.60023923410746
401,577,636,85.70880934886448
426,568,695,89.88882021697692
287,452,563,93.03762679690406
436,550,723,95.60334722173695
308,504,551,96.74709297958259
437,552,723,96.82974749528164
334,530,557,97.6933979345585
420,483,746,99.40824915468535
392,424,722,101.23734488813898
283,413,583,101.67103815738285
416,471,747,102.18121158021175
395,424,724,102.7277956543408
281,403,582,110.20889256316842
421,470,757,112.17842929904127
427,482,759,112.44554237496477
439,587,710,113.99122773266372
321,534,539,115.8792474949678
409,438,754,119.85407794480753
422,461,763,120.07081243999309
266,415,550,123.84667940643382
434,477,772,125.89678312014172
430,467,771,126.49505919204908
435,477,773,126.8897158953396
440,598,717,127.02755606560333
428,463,771,127.3459854098275
350,368,690,131.24404748406687
351,368,692,131.91285001848757
354,368,694,132.60844618650805
336,363,680,133.15404612703287
268,455,518,134.2013412749664
275,473,514,134.35028842544403
438,480,782,135.5322839769182
329,360,678,135.5912976558599
342,361,687,136.97079980784227
274,475,511,137.05838172107534
273,474,511,137.18600511714013
415,627,621,137.48090776540573
402,620,596,137.78606605894515
280,491,509,138.00362314084367
309,353,659,139.51702405083043
284,508,507,140.91131963046828
278,492,506,141.0
404,625,600,141.06027080648894
312,351,664,142.0211251891774
411,631,613,143.09786860746738
319,350,673,144.3606594609487
323,350,679,145.5609837834301
256,453,506,146.2942240828393
303,346,660,146.57762448614045
298,536,507,146.75149062275312
338,351,689,147.12239802287073
419,638,618,148.85227576359054
324,347,681,148.93287078412206
396,382,748,149.33519344079613
339,349,691,149.61617559608987
407,634,596,150.88074761214565
375,602,543,151.38031576133008
265,478,496,151.64761785138597
382,611,549,154.1590088188167
413,641,604,155.08062419270823
249,462,493,156.8948692596415
254,467,492,157.00318468107582
441,649,679,160.22796260328596
247,345,580,161.54875425084526
246,344,580,162.45922565370057
412,647,597,162.8649747490233
442,661,669,170.42593699317015
300,316,671,177.62882648939615
282,534,474,178.02527910383964
320,578,491,178.13478043324386
251,490,468,179.0111728356641
449,670,681,181.2181006411887
307,569,482,182.08239892971534
444,675,660,183.46116755324545
445,675,665,183.88311504866346
403,656,561,185.18099254513137
302,570,479,185.22418848519757
451,645,752,185.5640051303054
239,458,460,190.06577808748213
236,456,458,192.39802493788756
235,457,457,193.19679086361657
267,299,622,194.61243536834948
260,299,616,195.47378340841516
259,299,615,195.63486396856774
220,348,512,197.3854097951518
219,350,509,198.01010075246163
362,623,491,203.70812453115363
240,301,576,203.7694775966214
332,297,710,204.9243762952568
356,302,729,206.93960471596537
335,294,712,208.39625716408634
292,285,672,208.50419660045213
232,295,574,210.09045670853305
443,702,628,210.85777196963835
248,283,614,211.5892246783848
387,652,508,211.94574777522666
447,704,635,212.33935103979195
345,292,721,213.2510257888576
205,390,457,215.64786110694445
216,314,524,216.3631207022121
218,307,533,217.30393461693234
349,289,727,218.1948670340345
448,710,632,218.51544567833184
452,705,711,222.40728405337808
209,308,522,222.44325119005072
353,286,732,222.84748147555987
347,283,727,223.78784596130328
325,277,713,224.90220096744272
241,496,422,225.03555274667156
400,680,521,226.3183598385248
311,600,448,226.41775548750587
215,295,534,227.1079038695043
250,266,624,227.16733920174352
207,300,524,228.01973598791838
343,278,726,228.11619846034608
310,600,446,228.17756243767704
424,700,553,228.25424421026653
242,507,418,229.49074055394914
327,616,453,230.24334952393303
331,273,719,230.53199344125753
341,275,726,230.9328906847182
202,298,521,231.32660893204655
398,679,510,231.81458107720488
450,724,658,232.26062946612367
446,722,614,232.35533133543547
333,621,453,232.97424750388186
230,487,414,233.05364189387817
228,486,414,233.0772404161333
357,278,740,233.33452380648689
399,681,508,234.61031520374377
330,621,451,234.6422809299296
199,297,512,237.17082451262846
297,598,431,240.60756430336932
295,597,430,241.0684550081159
291,589,426,241.3503677229434
289,591,421,246.73264883269908
227,497,399,248.05039810490126
361,648,454,248.16325271885037
245,539,403,248.4854120466632
389,677,479,249.897979183506
304,611,426,251.0019920239678
360,651,449,253.9389690457138
301,613,422,255.47211198093618
358,651,447,255.50146770615623
198,272,516,256.0488234692751
206,255,546,257.62375666851847
196,268,514,260.5091169229975
317,626,423,261.02107194630855
194,269,509,262.24606765402604
322,631,422,264.4730610100016
193,266,509,264.8018126826174
405,712,497,266.27053911388697
176,307,455,266.62520511009456
346,648,430,267.25456029785533
406,714,497,267.9253627411933
326,638,421,269.05761464786684
217,485,372,275.0890764825096
306,629,401,281.5759222660915
185,417,374,283.11481769769665
210,485,363,284.0862545073239
170,314,424,285.3296339324046
408,726,482,286.32324390450736
271,587,375,288.11282512238154
168,301,427,291.34343994674055
163,307,418,294.3908965983833
164,294,429,294.4961799412685
166,284,438,294.8643756034289
167,283,439,294.8643756034289
160,308,416,295.3252444339969
161,321,406,295.50296106807457
159,307,416,295.94931998570297
165,282,438,296.27858511880333
158,327,400,297.0420845604205
157,321,404,297.1363323459452
156,285,430,299.8966488642379
150,305,412,300.32315928013276
155,283,431,300.56114186634306
151,288,425,301.4962686336267
153,279,433,301.93542355940946
211,199,574,301.9569505740843
152,283,429,302.00165562460086
146,302,409,304.538995860957
148,277,431,304.76384299978895
149,276,432,304.76384299978895
147,322,394,304.809776746088
144,296,412,306.00816982557836
143,304,405,306.44412214953644
145,287,419,306.60887136545807
141,293,412,307.9383055093991
192,204,536,308.65028754238995
140,322,389,308.97249068485047
137,300,403,310.4834939252005
378,700,416,310.84562084739105
138,281,417,312.1233730434169
136,299,401,312.6739515853535
433,763,491,312.69314031491
397,720,433,312.697937313312
376,700,413,313.0814590485997
154,245,454,313.4613213779333
135,296,402,313.7530876342096
190,198,537,313.90444405901616
169,230,474,313.96337366004974
432,763,488,314.2005728829914
134,307,392,315.03968004046726
132,284,407,317.5909318604673
177,204,511,318.4964677983101
183,197,524,319.61539387207245
174,204,508,319.7889929312765
131,297,393,320.22023671217283
191,190,540,320.39506862621965
173,201,509,322.0636583037583
128,297,388,324.20055521235616
370,699,396,325.3459696999488
189,184,538,326.71853329739344
188,180,536,331.15706243412654
181,183,524,332.58081724597406
178,185,519,332.6153935102824
261,600,332,333.0
175,185,518,333.0015014981164
277,614,336,334.07334524023315
243,585,326,334.20053859920694
264,605,330,336.5382593405986
253,596,325,338.3784863137726
263,606,327,339.69986753014786
269,611,328,340.4732001200682
270,615,326,343.7586362551492
180,167,528,346.10114128676315
125,341,335,346.6193878016635
111,296,352,354.17650966714325
171,168,502,354.9661955736067
214,534,294,355.48980294798895
114,239,397,355.6810368855781
172,166,504,355.9845502265513
133,392,305,356.32008082621445
212,534,291,358.4689665786984
130,385,304,359.30210130195456
122,362,306,364.939721049929
121,359,305,366.95095040073136
118,357,304,368.6109059699672
119,361,302,369.0338737839658
104,316,321,370.47537030145475
367,722,350,375.6447790133652
373,725,352,375.91754415030965
381,737,360,377.3512952144195
423,790,415,377.6612238501591
101,206,398,379.2057489015693
99,318,310,379.26903380054637
97,316,311,379.3046269161503
124,385,282,380.3603554525629
366,724,344,381.61891986640285
195,515,265,382.69178198649627
299,673,309,383.4123107048077
363,719,338,383.4188310451118
279,644,294,384.33448973517847
197,520,263,385.01948002666046
100,192,405,385.4400083022
429,800,415,385.6008298746257
391,754,364,385.6591759572174
390,753,363,385.7162169263823
102,190,407,385.7512151633485
94,205,387,387.25831172487443
431,803,416,387.4041817017467
394,756,363,387.7524983800878
93,206,385,387.86595622714816
88,283,319,388.92801390488705
92,316,299,389.9743581314033
204,543,258,392.32894361747003
108,360,277,392.84093473058533
98,341,284,393.15391388106514
112,376,266,398.2674980462252
225,579,257,399.58603579204316
364,730,326,399.60605601016607
371,735,327,401.807167681215
365,732,323,403.2071427938746
89,177,392,405.2776825831889
109,376,256,407.8443330487749
385,756,330,412.53484701295235
139,102,495,418.5737688866802
91,354,250,420.30108255868197
81,202,336,425.2305257151702
162,470,219,428.56504757154426
129,96,482,429.0
257,640,240,433.07389669662615
87,133,402,434.6331786690933
86,161,365,434.8390506842733
79,280,267,435.13676011111727
96,111,428,439.4564824871741
120,421,212,440.75616841968304
76,197,318,441.88912636542665
213,573,209,445.4267616567285
288,683,243,446.87470279710396
294,692,245,449.00334074481003
290,687,238,453.10705136865835
203,567,200,453.2482763342846
208,573,199,455.2636598719472
285,682,233,455.51728836565576
123,435,195,455.57985030069096
126,443,194,455.642403645666
142,470,189,458.5280798380836
293,693,234,459.31470692761405
113,421,192,460.5062431715774
179,520,185,462.8477071348631
65,239,258,464.0366364846638
231,613,199,464.05279872014563
316,717,241,464.1777676709646
233,616,198,465.8079003194343
107,414,187,466.5661796572915
127,451,182,466.80402740336336
73,143,334,468.7963310436634
61,245,248,469.26538333868183
60,243,248,470.3211668636656
258,653,204,471.34912750529196
57,227,257,471.51352048483193
116,49,464,479.30992061504423
117,438,170,480.0468727114051
85,351,188,480.1687203473379
115,47,464,481.1590173736745
110,427,170,481.40835057152884
83,350,187,481.4187366524074
67,128,331,482.0290447680513
56,207,257,483.03726564313854
66,128,329,483.3425286481627
55,208,255,484.06611118730467
106,48,454,484.1332461213545
54,208,253,485.6871420986971
182,535,162,486.90245429654595
53,227,236,489.0255617040892
229,617,172,491.1720676097125
379,780,245,494.51794709595725
223,603,165,494.6160126805439
348,749,224,494.9525229756891
314,725,210,495.23529761114565
52,241,220,495.30798499519466
49,206,242,495.80338845151107
90,405,157,497.66354095915045
50,240,217,498.4014446206993
51,243,215,498.62310415783986
48,206,238,499.07614649470077
222,602,160,499.2684648563336
80,59,386,505.5788761410033
45,155,270,505.66589760433715
105,430,145,505.8141951349329
224,614,156,505.92983703276485
103,428,145,506.06323715519983
44,154,270,506.3328944479116
234,628,159,506.59648636760204
42,206,228,507.3036566002654
238,631,159,507.41009055792335
226,617,155,507.6307713289256
46,228,213,507.9881888390713
221,604,150,509.4634432420053
84,47,397,510.4164965986111
187,546,139,510.86201659547953
41,219,215,511.03131019537346
77,56,380,511.2582517671475
40,215,217,511.4968230595377
262,669,166,512.5329257716035
71,71,353,513.4948879979235
72,68,357,513.688621637661
82,43,397,513.9075792396917
70,70,353,514.3150785267724
75,57,372,514.6357935472425
74,59,367,515.6442572161548
78,45,387,517.1160411358363
43,124,283,517.6098917138273
186,547,131,518.922922985678
184,546,130,519.812466183719
69,61,352,522.2891919234017
63,316,153,524.4158655113325
68,322,150,525.2704065526631
201,586,129,526.4598750142312
95,424,122,529.385492812185
244,658,144,529.6838679816481
64,321,144,531.2720583655798
200,583,121,533.8136378924764
252,666,139,536.9729974589039
255,667,138,538.2434393469185
313,737,165,540.6930737488691
62,325,132,541.4000369412621
58,320,133,542.0147599466272
315,738,164,542.0378215586068
318,741,164,543.4059256209855
59,323,129,544.8715444946635
39,87,278,547.8923251880792
272,687,132,550.6813960903346
276,689,132,551.3927819621871
47,292,119,564.6095996350044
31,123,214,568.9024520952604
237,642,97,570.087712549569
29,121,208,574.771258849988
35,220,138,577.1178389202677
286,714,112,579.2313872710973
34,215,135,582.1279927988346
28,177,157,582.5160941982633
27,160,166,584.4527354713981
32,206,136,585.5911543047761
33,217,128,587.3550885112004
26,129,183,589.1222284042591
30,206,127,593.4610349466931
38,277,89,597.987458062458
37,274,87,600.9359366854341
24,138,161,601.2586797710284
23,135,161,603.0298500074437
22,133,161,604.2160209726319
19,131,153,611.8472031479755
18,130,152,613.244649385545
16,107,162,619.2333970321691
17,100,167,619.728973019658
15,107,160,620.8010953598584
14,110,157,621.3082970635431
11,114,150,624.4141254007632
36,262,66,624.8687862263565
8,109,150,627.4535839406768
12,161,101,638.4958887886437
13,167,94,641.4312122121904
9,158,99,641.7631962024622
10,164,93,643.8167441127949
5,149,102,643.9518615548836
25,201,72,644.4423946327554
20,188,78,645.117818696709
7,157,93,647.4109977440914
4,146,94,652.3227728663165
21,198,64,652.9356783022353
3,143,95,653.0735027544756
6,162,83,653.4493094341749
2,146,84,660.8214584893562
1,139,62,683.2525155460461
0,136,62,684.8072721576488
