329,368,695,1.0
320,361,687,9.899494936611665
316,364,681,13.601470508735444
312,361,679,16.55294535724685
317,351,689,17.72004514666935
318,349,691,19.235384061671343
306,350,680,22.80350850198276
304,347,681,24.698178070456937
309,345,685,24.698178070456937
302,350,675,26.1725046566048
296,350,666,33.28663395418648
294,347,665,35.805027579936315
293,353,661,36.24913792078372
285,346,660,40.496913462633174
370,382,748,55.78530272392541
282,316,671,56.859475903318
364,424,721,62.16912416947821
368,424,723,63.06346010171025
313,297,710,72.78049189171504
331,303,729,73.824115301167
325,289,727,85.61541917201598
275,285,672,85.86617494683223
324,285,727,89.31965069345043
327,286,731,89.96110270555825
287,418,617,91.80958555619343
305,277,713,92.9623579735368
322,280,726,93.637599285757
311,274,719,97.26767191621273
319,275,726,98.35141076771599
253,299,623,99.00505037623081
332,278,740,101.07423014794622
244,299,616,104.1393297462587
242,299,615,104.89041900955492
340,468,650,109.2520022699813
277,429,599,112.89818421923357
232,283,616,115.36463929644994
228,344,581,115.52056094046635
227,344,580,116.49892703368559
386,472,748,117.18361660232202
265,403,582,117.34138229968147
267,412,583,119.4026800369238
390,470,758,120.41594578792295
380,485,731,122.71104269787622
395,465,771,123.84667940643382
362,490,666,125.1718818265508
396,467,771,125.41929676090518
229,265,622,125.67020331009256
347,485,647,126.08727136392476
321,470,618,127.20062892926276
389,484,747,127.534309109353
394,482,760,131.7269904006009
350,492,647,132.60844618650805
399,477,773,134.61797799699713
400,477,774,135.20724832641184
221,301,576,135.69450983735487
341,490,634,135.95587519485872
356,499,654,136.97079980784227
216,295,574,140.45995870709916
385,505,725,140.46351839534705
403,480,782,142.43595051811886
249,414,550,151.16877984557524
326,494,608,152.55163060419906
354,511,638,153.57408635573907
270,452,563,155.6181223379848
343,507,624,155.63097378092831
359,516,645,155.90060936378666
330,502,606,160.31219541881399
367,528,650,165.93974810153233
334,511,604,168.9644933114647
207,307,533,172.16852209390657
392,541,713,174.04022523543227
204,296,535,174.54225849346628
205,315,524,178.07021087200408
197,308,522,182.1647605877712
195,300,524,183.09560344257315
210,348,512,183.09560344257315
209,350,509,185.87361297397757
193,255,546,186.20687420178666
191,298,521,186.62529303392935
401,557,719,190.64626930522402
402,559,719,192.62917743685665
188,297,512,195.35864454894235
251,455,518,196.32880583347927
291,505,552,197.31446981911895
393,568,695,200.0024999843752
200,203,574,204.02205763103166
357,554,608,204.91949638821583
186,268,514,205.91260281974002
240,455,507,206.24742422634034
260,473,514,208.38665984174708
184,269,509,209.82373554962746
256,474,511,211.482859825566
259,475,511,211.9858485842864
314,530,557,212.16267343715293
404,587,710,219.58369702689677
375,580,634,220.32702966272657
266,491,510,221.32555207205516
230,462,493,221.89411889457548
263,492,507,224.37691503361035
234,467,492,224.95555116511352
250,478,496,226.50386310171402
301,534,539,227.11450856341168
405,599,719,232.34887561595818
268,509,507,234.2007685726074
183,190,538,236.6854452643846
194,392,458,237.2172000509238
176,197,521,243.24884377936928
182,180,536,245.57687187518292
171,307,455,246.661711661944
169,205,508,247.315587862957
222,458,461,249.77790134437433
168,201,508,249.96999819978396
175,183,524,251.24689052802225
280,536,507,251.38217916153087
218,456,458,251.87298386289865
217,457,457,253.16002844051033
172,185,519,253.20742485164214
170,185,518,253.899586451022
237,493,468,258.26536740337446
165,230,475,258.8532402733255
173,167,528,260.6856344335069
153,245,455,268.79360111431225
163,283,439,268.79360111431225
384,627,621,269.09106265351886
162,284,438,269.4290259047826
160,282,438,270.05925275761246
376,622,596,272.2498852157701
164,301,429,273.3386178350948
161,294,430,274.1751265158822
381,631,613,275.1908428709066
150,279,433,275.7571395267945
151,283,431,276.3946453895227
166,168,503,276.55198426335687
167,166,504,277.3157045679166
147,276,432,277.68327281274975
149,283,429,278.29840100151495
152,289,427,278.44209451877066
348,602,543,278.4905743467811
146,275,431,278.9587783167972
388,638,618,280.49242414011826
158,307,418,282.66057383370605
358,612,551,282.81619472724685
387,639,611,283.425475213503
378,634,596,283.4783942384322
157,308,416,284.40112517358295
154,307,416,284.6137733842127
142,287,419,286.6810073932349
383,641,604,287.452604789033
211,459,421,287.76726707532254
148,305,412,288.951553032684
137,281,418,289.3872837565604
225,509,441,289.6377047278203
159,321,408,289.836160614924
141,296,412,291.0463880552377
231,512,441,291.10994486619654
140,294,412,291.547594742265
300,578,491,292.07704463035094
288,569,482,292.138665705175
144,302,409,292.54230463302224
233,515,441,292.60553651631403
243,521,443,293.9557789872484
406,661,669,294.06461874900896
143,305,406,294.8101083748656
289,571,480,294.96609974707263
382,647,597,295.3811097548386
156,327,401,295.85469406450187
136,300,403,298.8394217635953
131,284,407,299.0401310861136
135,296,403,299.7749155616594
134,297,402,300.50790339024365
246,527,439,300.5095672353877
214,487,417,301.4796842243271
145,322,394,303.5061778613411
235,524,431,305.785872793365
133,307,392,308.09901006007794
409,675,665,308.36666486505965
130,295,394,308.7539473431878
408,675,660,308.8769981724117
132,309,390,309.67240755353066
127,297,388,314.1289544120376
377,656,561,317.2270480271189
413,688,693,320.00156249618533
114,239,397,323.80549717384355
178,417,372,325.70692347569155
336,624,490,327.34080100103625
138,105,496,329.20054677961883
208,486,380,335.4400095397089
100,207,399,336.07439652553126
101,191,408,336.34060117684277
226,539,404,336.66155111625085
292,599,449,336.7283771825594
415,705,711,337.4285109471338
290,599,447,338.18633916821653
361,652,508,339.4878495616596
407,702,628,340.4585143596794
411,704,635,341.1407334224396
206,486,372,342.9402280281507
128,96,482,344.8593916366495
307,616,453,345.8106418258409
273,589,426,347.3686802231888
412,710,632,347.57445245587314
278,597,432,347.9727000786125
94,202,388,348.12641382118653
93,206,385,348.89110048839024
279,598,431,349.3837431821922
315,622,454,349.4509979954271
199,486,364,350.46255149445
310,621,451,350.7962371519968
110,296,349,352.432972350772
272,591,421,352.50248226076366
374,680,523,355.78785814021256
90,177,392,357.33037934102384
414,724,658,357.8155949647807
124,340,336,359.0933026387432
391,700,553,360.70070695799865
373,680,512,361.20354372569494
286,611,426,361.763735053695
410,722,614,362.92698990292797
283,611,423,363.9917581484504
372,681,508,364.0947678833081
335,648,455,368.13176988681647
96,111,428,369.8715993422582
333,651,449,374.31804658605495
88,133,402,374.81862280308326
363,677,479,376.43857400643736
102,315,321,376.74659918836693
303,632,423,378.3345080745345
308,638,422,383.25448464434174
89,283,320,383.5374818710682
99,316,313,384.5321833084976
323,649,431,384.87660360172583
98,317,311,386.38064133701107
129,384,307,387.3306081372863
257,588,375,387.5061289837878
120,360,306,388.0824654632054
86,161,365,388.7029714319148
121,363,303,391.0319680026174
117,357,303,391.15470085376705
116,50,465,391.87370414458786
284,628,400,392.4742029739025
80,203,337,393.2861553627333
115,47,465,394.31205916126885
95,319,300,397.03526291753985
108,47,455,400.20244876812035
104,344,292,402.715780669196
123,385,282,412.35057899801717
74,198,317,413.55652576159406
379,726,482,416.06249530569323
105,358,277,417.1198868430993
72,143,334,424.5291509425472
223,585,327,426.3543127493845
112,376,266,428.0747598258977
245,600,332,429.96278908761394
203,535,296,431.6167281280928
84,53,397,432.936484949005
352,701,417,433.14893512509065
262,614,337,433.54930515455794
79,280,269,434.01497670011344
252,606,331,434.0656632354142
351,701,414,435.0735569992734
236,597,324,435.13331290536695
202,535,292,435.3079369825457
63,128,330,436.0
78,59,386,436.28545701180553
85,47,398,436.64287466990686
248,606,327,437.41627770351664
109,376,256,438.07305326851593
371,720,433,438.20657229210974
87,41,402,438.39822079930934
83,44,398,438.8530505761581
254,611,328,439.32334333609
76,56,382,441.23463146040564
255,615,327,442.3776667057233
92,354,251,443.22116375462036
397,763,492,443.654144576606
77,46,388,444.20715887972807
344,700,398,444.7920862605359
398,765,489,446.80420767938165
75,57,372,447.66617026529934
73,59,368,449.1736857831278
71,71,357,449.1970614329528
70,68,357,451.18621432840786
69,71,353,452.20570540407823
68,70,353,452.8631139759563
185,515,265,453.48649373492924
62,239,258,454.6834063389602
187,520,263,457.0175051351972
54,228,258,457.92575817483777
66,62,352,458.9117562233506
55,72,341,460.6788469204984
59,245,248,462.6499756835614
58,244,248,462.9168391838862
53,70,339,463.4964940536228
51,207,258,464.7762902730732
52,71,336,465.1591125625725
50,208,257,465.3697454712758
49,209,254,467.8471972770597
192,543,260,467.95405757403154
41,155,270,474.4944678286566
40,154,270,474.9442072496516
48,227,237,478.25725295075245
44,206,242,480.1541419169473
119,421,214,482.9171771639522
212,579,257,485.27311897528386
155,470,218,486.805916151396
264,645,292,488.1936091347366
47,241,221,489.7529989698889
39,207,230,491.1384733453489
281,673,309,491.1720676097125
45,240,217,493.8754903819383
46,243,216,494.0738811149604
345,727,350,497.20921149954575
355,738,361,497.78408974172726
349,731,353,498.0461825975579
42,227,214,500.28092108334494
36,87,280,500.35687264191745
337,720,338,500.6395909234506
122,435,197,501.49576269396334
38,219,215,501.6393126540224
37,215,215,502.8419234709851
346,731,346,502.86479296128897
125,443,196,503.61592508577405
113,422,191,505.8903043150758
82,350,188,506.32005688102066
81,350,187,507.3194260029868
365,754,364,507.8346187490569
366,755,364,508.5951238460707
107,414,187,509.0825080475659
369,756,363,510.00490193722646
139,470,190,514.2178526655798
338,730,326,516.2053854813993
126,451,184,516.7097831471744
342,735,327,519.0163773909259
339,733,324,519.7355096585185
111,426,172,525.2123380119701
201,573,210,525.6243906060677
118,438,170,528.6548968845366
241,640,240,529.2447448959697
174,521,187,529.582854707363
360,758,331,532.7935810424145
196,571,200,534.083326832059
198,574,200,535.2307913414548
31,122,216,537.5872022286245
91,405,157,538.2731648521966
60,316,153,543.4933302258639
28,121,209,544.273828141681
65,322,150,545.9413887955373
271,683,243,550.1145335291552
103,428,147,550.2808373912361
106,430,147,550.5024977236707
215,614,201,550.9673311549425
61,321,144,552.004528966928
219,618,198,555.4421662063477
274,688,240,555.4421662063477
177,536,164,555.989208528367
67,331,135,560.2231698171721
56,321,135,560.9723700860854
64,328,133,562.4242171172931
25,129,184,563.2237566012286
276,695,234,564.3837347053865
57,323,131,564.7955382260026
26,160,166,567.4927312309824
27,177,159,568.0721785125548
97,425,127,569.857877018472
34,220,138,575.3607563954984
213,617,171,579.2495144581478
33,215,135,579.5601780660918
24,138,162,579.5895099119721
43,293,118,580.8622900481662
30,206,136,581.040446096483
22,134,162,581.188437600061
181,545,140,581.588342386606
21,135,161,581.7026731931013
32,217,128,585.7960395905728
29,206,127,589.688901031722
18,131,153,590.6352512337882
180,547,131,590.7706830911635
15,100,167,591.2300736599924
179,546,130,591.4220151465449
16,109,162,591.6967128521165
17,129,152,592.3554676037016
14,106,162,593.0160200196956
13,110,157,595.7625365865161
295,723,211,599.4280607379004
10,114,150,600.3765485093501
7,109,150,602.5089210957793
190,585,131,603.3721902772782
247,669,168,606.0338274387
353,781,246,609.3217540839979
189,585,123,610.8436788573653
224,658,144,621.7716622683926
239,668,143,627.37628262471
11,161,101,628.0907577731103
238,668,142,628.2547254100044
8,158,99,630.9714732061981
4,149,102,631.2091570945403
12,167,94,632.7724709561882
9,164,93,634.6786588502878
6,157,93,636.9631072519036
35,260,65,638.2045126759916
2,143,96,638.9280084641774
3,146,94,639.7530773665727
19,190,79,640.2413607382766
23,200,75,641.3930152410455
5,162,84,643.8447017720966
258,687,134,644.4850657695646
297,737,165,644.9821702962029
261,689,134,645.4773427472106
298,738,164,646.3745044476925
299,741,166,646.461909164028
20,199,67,649.376624155813
220,643,99,655.4769256045555
0,136,63,672.2982968891116
1,138,62,672.5503698608752
269,714,114,675.363605770995
