236,597,324,12.36931687685298
245,600,332,15.811388300841896
248,606,327,21.0
252,606,331,21.37755832643195
254,611,328,26.019223662515376
255,615,327,30.0
262,614,337,30.675723300355934
257,588,375,48.093658625644196
203,535,296,58.83026432033091
202,535,292,61.032778078668514
264,645,292,69.46221994724903
212,579,257,70.25667228100119
192,543,260,79.07591289387686
284,628,400,84.72307831990054
226,539,404,89.69392398596462
281,673,309,89.82204629154248
187,520,263,91.21951545584969
185,515,265,93.50935782048768
272,591,421,94.19129471453293
273,589,426,99.08077512817509
283,611,423,99.45853407325085
286,611,426,102.35721762533407
241,640,240,102.9271587094485
279,598,431,104.80935072788114
278,597,432,105.68348972285122
199,486,364,105.6882207249228
303,632,423,106.88779163215975
206,486,372,108.74741376235114
308,638,422,108.78419002777932
208,486,380,112.29425630903836
201,573,210,117.61377470347595
235,524,431,120.56948204251356
290,599,447,120.81390648431164
323,649,431,122.11470017978998
292,599,449,122.80065146407001
246,527,439,126.1269202034205
198,574,200,127.47548783981962
196,571,200,127.76932339180638
271,683,243,129.07362240210043
310,621,451,129.1200991325518
215,614,201,129.29423807734048
307,616,453,129.75746606650424
315,622,454,132.2800060477773
243,521,443,132.48396129343357
214,487,417,133.05637902783917
219,618,198,133.15404612703287
233,515,441,133.77593206552515
274,688,240,134.82581355215328
344,700,398,135.15176654413364
231,512,441,135.36986370680884
337,720,338,135.44740676735012
225,509,441,137.0109484676316
333,651,449,138.70832707519762
335,648,455,142.6639407839276
345,727,350,143.85061696079026
276,695,234,144.04513181638595
351,701,414,145.0
338,730,326,145.00344823486094
352,701,417,146.81961721786362
346,731,346,147.2311108427835
339,733,324,148.03040228277433
349,731,353,148.29699929533302
342,735,327,150.0
289,571,480,153.63918770938616
174,521,187,153.93505123915085
288,569,482,155.82361823549087
355,738,361,156.7322557739791
211,459,421,157.20050890502867
155,470,218,158.44872987815333
213,617,171,159.24823389915505
300,578,491,164.14932226482082
336,624,490,167.6007159889241
237,493,468,168.35973390332975
177,536,164,170.20575783445165
371,720,433,171.64206943520577
365,754,364,173.0028901492689
360,758,331,173.04623659588788
178,417,372,173.92239648762893
366,755,364,173.9798838946618
369,756,363,174.7483905505284
363,677,479,177.67385851610248
139,470,190,178.86866690396056
247,669,168,179.82491484774852
295,723,211,180.27756377319946
217,457,457,182.43903091169938
218,456,458,183.85320231097418
222,458,461,184.6212338816963
280,536,507,186.5502613238588
181,545,140,191.23022773609824
361,652,508,193.00259065618783
125,443,196,193.19679086361657
268,509,507,195.386795869117
126,451,184,195.97193676646665
190,585,131,196.0
224,658,144,197.02284131541703
122,435,197,198.4943324127921
119,421,214,199.16073910286636
180,547,131,199.64969321288726
250,478,496,200.02499843769527
179,546,130,200.8233054204616
239,668,143,201.8539075668341
129,384,307,201.9925741209315
263,492,507,202.60552805883654
238,668,142,202.76587484091104
234,467,492,202.85216291674092
189,585,123,204.0
372,681,508,204.88289338058462
123,385,282,205.0
266,491,510,205.73040611440985
230,462,493,206.60348496576722
373,680,512,207.9663434308542
379,726,482,209.53758612716717
353,781,246,212.07781590727495
113,422,191,212.2851855405836
259,475,511,214.37350582569667
256,474,511,214.88834309938733
118,438,170,215.07673049402624
348,602,543,216.6679487141557
112,376,266,217.7200036744442
374,680,523,217.8095498365487
260,473,514,217.97476918212345
301,534,539,218.04815981796315
258,687,134,218.29567105190154
261,689,134,219.23731434224422
109,376,256,220.7306050369998
107,414,187,221.0
240,455,507,222.03603311174518
111,426,172,222.0495440211486
297,737,165,222.14409737825582
121,363,303,223.29352879114074
298,738,164,223.55759884199867
299,741,166,224.1807306616695
358,612,551,225.6213642366343
120,360,306,225.97787502319778
117,357,303,229.2596780945136
251,455,518,231.0432859877127
105,358,277,232.44139046219803
194,392,458,233.25951213187426
220,643,99,235.26155657055403
314,530,557,236.48467180770933
106,430,147,237.53947040439405
291,505,552,238.79907872519107
103,428,147,238.8493248891443
398,765,489,242.1652328473268
397,763,492,242.71176320895532
92,354,251,243.1810025474852
104,344,292,243.52823244954578
377,656,561,244.53425117966603
124,340,336,245.16525039246488
91,405,157,247.58836806279893
269,714,114,249.0180716333656
391,700,553,253.57641846196975
97,425,127,256.12496949731394
95,319,300,267.36678926149375
156,327,401,268.4026825499328
98,317,311,268.47718711279737
99,316,313,269.3640659033792
102,315,321,270.06665843824555
270,452,563,270.8966592632696
145,322,394,271.4000736919576
376,622,596,271.53268679847736
82,350,188,273.0311337558411
378,634,596,273.4264069178396
81,350,187,273.5415873317986
159,321,408,276.14670014323906
382,647,597,277.02707448911923
249,414,550,281.0160137785746
383,641,604,282.60396317107796
357,554,608,282.70479302622374
132,309,390,283.0989226401259
133,307,392,285.49781084975064
334,511,604,286.7141433553636
387,639,611,289.0882218285622
381,631,613,289.67568071897233
110,296,349,289.836160614924
143,305,406,290.93126335957777
157,308,416,290.9467305195231
330,502,606,291.08418026406036
154,307,416,291.89895511974686
158,307,418,292.5149568825499
148,305,412,292.61749776799064
127,297,388,294.3891981714003
144,302,409,294.64045886469836
136,300,403,294.95931922894044
326,494,608,295.36756761702867
388,638,618,295.78708558691335
384,627,621,296.98484809834997
209,350,509,297.2355967915014
134,297,402,297.6054434986027
130,295,394,297.6390431378249
135,296,403,298.82603634890984
210,348,512,300.6559495503124
141,296,412,301.24076749337894
164,301,429,301.7614952242913
89,283,320,302.08111493438315
140,294,412,303.1600237498341
171,307,455,306.0522831151566
375,580,634,307.04071391266666
343,507,624,307.0716528760022
161,294,430,308.6907837950463
267,412,583,308.97410894765926
79,280,269,310.4657791126101
131,284,407,311.4498354470588
142,287,419,311.87818134649945
152,289,427,312.43559336285614
321,470,618,312.8993448379207
265,403,582,313.28740798187215
277,429,599,313.5602015562562
65,322,150,317.0141952657641
137,281,418,317.3279061160553
410,722,614,318.0220118167923
67,331,135,318.4022612985027
149,283,429,318.76009787926716
151,283,431,319.4056981332675
354,511,638,319.68265514412883
60,316,153,320.3700984798675
162,284,438,320.8145881969833
61,321,144,321.22422075553396
341,490,634,321.3627234139019
64,328,133,322.001552791287
163,283,439,322.0993635510632
160,282,438,322.69180342859653
407,702,628,322.93962283993585
150,279,433,323.83946640272245
359,516,645,325.39975414864716
147,276,432,326.3525700833379
56,321,135,326.43529220965064
146,275,431,326.9801217199602
57,323,131,327.2002444986862
367,528,650,327.9908535310093
412,710,632,329.6209944769902
411,704,635,330.1893396219811
350,492,647,333.24015364298464
205,315,524,334.22896343674347
287,418,617,334.647575816709
347,485,647,335.2610922848042
356,499,654,338.11980125393427
197,308,522,338.7535977668724
188,297,512,342.29957639471303
340,468,650,343.5374797602148
408,675,660,344.9478221412624
207,307,533,346.0057802985378
191,298,521,346.41737831696605
195,300,524,346.4592328110192
59,245,248,349.05730188609436
227,344,580,349.4137948049561
409,675,665,349.77707186149297
58,244,248,350.03142716047654
228,344,581,350.1385440079398
406,661,669,350.3426893771297
362,490,666,352.0596540360738
62,239,258,352.8129816205747
114,239,397,353.00991487492246
204,296,535,356.0688135740057
414,724,658,359.00139275495854
43,293,118,359.0891254271006
46,243,216,359.5622338344226
47,241,221,359.9611090104041
45,240,217,362.1118611699981
153,245,455,363.29602254910526
54,228,258,363.60693062701654
184,269,509,364.66422912043345
186,268,514,368.0461927530293
393,568,695,368.3924537772184
48,227,237,369.139540011633
42,227,214,375.41044204976504
221,301,576,377.69961609723674
413,688,693,380.2170432792302
216,295,574,380.9317524176739
80,203,337,382.13086763568316
38,219,215,382.7531841800928
404,587,710,383.00522189651673
49,209,254,383.020887158912
93,206,385,383.4123107048077
50,208,257,383.4436073270749
51,207,258,384.2460149435515
165,230,475,384.6153923076922
100,207,399,384.7960498757751
37,215,215,386.57987531686126
74,198,317,387.12917740723185
94,202,388,387.82728114458376
44,206,242,388.4147268062837
392,541,713,388.499678249545
39,207,230,390.24735745421776
405,599,719,392.2499203314132
402,559,719,392.8612986793176
401,557,719,392.9987277333096
193,255,546,396.05681410625925
101,191,408,402.2399781225133
415,705,711,402.31331074176506
242,299,615,405.8817561802945
385,505,725,405.9605892201853
244,299,616,406.5919330237628
293,353,661,406.6693988979254
285,346,660,409.89022920777217
34,220,138,411.0304125000971
253,299,623,411.5968901728972
296,350,666,412.4875755704649
90,177,392,413.1452529074974
294,347,665,413.38601814768725
380,485,731,416.19226326302606
33,215,135,416.85009295908765
312,361,679,417.22895393296955
316,364,681,417.3212192065005
35,260,65,417.4553868379231
232,283,616,418.0011961705373
32,217,128,418.35989291517893
302,350,675,419.9154676836756
169,205,508,420.90497739988774
320,361,687,424.0
306,350,680,424.06839071074376
30,206,136,424.40782273657493
168,201,508,424.51972863460657
364,424,721,425.6254221730652
86,161,365,425.6994244769424
328,368,694,426.3543127493845
304,347,681,426.56769685479
329,368,695,427.2154023440634
368,424,723,427.47748478721076
29,206,127,428.53354594477196
309,345,685,431.003480264371
317,351,689,431.0452412450461
389,484,747,431.97337880938915
41,155,270,433.7614551801485
176,197,521,433.7971876349592
318,349,691,433.81101876277876
40,154,270,434.752803326212
229,265,622,435.22982434571276
386,472,748,435.90136498983344
282,316,671,436.6886762901003
27,177,159,441.23463146040564
72,143,334,442.05542638904456
170,185,518,443.2617736733002
172,185,519,443.6935879635855
394,482,760,445.08201491410546
390,470,758,446.0784684335257
175,183,524,447.67510540569486
183,190,538,447.8236259957708
166,168,503,452.62014979450487
26,160,166,454.47332154924123
167,166,504,454.8516241589119
200,203,574,454.89888986455003
182,180,536,455.7477372406801
63,128,330,457.0098467210526
275,285,672,457.1925196238451
88,133,402,458.1800955956075
399,477,773,458.88996502429643
396,467,771,459.412668523627
400,477,774,459.8619358024754
395,465,771,459.9304295216832
23,200,75,460.14019602725426
173,167,528,463.8156961552724
20,199,67,465.3987537585377
19,190,79,466.4000428816447
403,480,782,466.9582422444217
370,382,748,467.38634982207174
31,122,216,476.11973284038544
24,138,162,476.48084956270804
25,129,184,477.8964322946971
12,167,94,478.5530273647843
28,121,209,478.76925548744254
313,297,710,479.2003756258962
21,135,161,479.6415328138296
22,134,162,480.2353589647476
11,161,101,480.47060263870463
9,164,93,481.66066893612975
8,158,99,484.0588807159724
96,111,428,484.6411043236015
18,131,153,486.2016042754281
6,157,93,487.79093882523074
5,162,84,487.82988838323547
17,129,152,488.42706722703235
4,149,102,490.6332642616071
331,303,729,491.04785917464295
305,277,713,493.8218302181466
3,146,94,497.0010060351991
325,289,727,497.6102892826876
2,143,96,498.7233702163956
324,285,727,500.0
36,87,280,500.21295465031693
311,274,719,500.38485188902354
322,280,726,502.22106686199453
327,286,731,502.6101869242206
10,114,150,503.16001430956334
16,109,162,503.7866611969793
13,110,157,504.5047076093542
319,275,726,505.27319343103886
14,106,162,506.62214716689994
7,109,150,507.84347982424663
138,105,496,508.88210815472775
15,100,167,510.7102896946565
128,96,482,512.9775823561883
55,72,341,513.1909975827713
52,71,336,514.0787877358878
332,278,740,514.604702660207
69,71,353,514.6571674425608
71,71,357,514.8747420489764
53,70,339,515.139786854015
68,70,353,515.6558930139362
70,68,357,517.869674725215
1,138,62,519.6479577560177
0,136,63,520.8617858895007
66,62,352,523.597173407191
73,59,368,527.5954889875386
78,59,386,529.2985924787633
75,57,372,529.9141439893825
76,56,382,531.8514830288622
84,53,397,536.5855011086304
77,46,388,542.4407801778918
85,47,398,542.6647215362354
83,44,398,545.6390748471007
87,41,402,549.1457001561607
116,50,465,552.5115383410558
108,47,455,553.017178756682
115,47,465,555.4169604900449
