198,574,200,3.0
201,573,210,10.198039027185569
215,614,201,43.01162633521314
219,618,198,47.042533945356304
177,536,164,50.20956084253277
174,521,187,51.66236541235796
213,617,171,54.378304497290095
212,579,257,57.55866572463264
181,545,140,65.39113089708727
192,543,260,66.2117814289874
190,585,131,70.40596565632774
180,547,131,73.05477397131553
179,546,130,74.33034373659252
189,585,123,78.26237921249263
241,640,240,79.75587752636166
187,520,263,81.05553651663777
185,515,265,85.7962703152066
202,535,292,98.79271228182775
139,470,190,101.49384217774002
203,535,296,102.52804494381037
155,470,218,102.59142264341595
247,669,168,103.09219175087898
224,658,144,103.46496991735899
239,668,143,112.50777750893491
238,668,142,113.01769772916099
264,645,292,118.06777714516353
271,683,243,119.97082978791136
126,451,184,121.06196760337245
274,688,240,123.64869590901475
220,643,99,124.03628501370073
236,597,324,126.69648771769484
223,585,327,127.76932339180638
125,443,196,128.06248474865697
276,695,234,128.57682528356344
248,606,327,131.73458164050928
258,687,134,133.46160496562297
254,611,328,134.1044369139217
255,615,327,134.40610105199838
245,600,332,135.14806694880988
261,689,134,135.20355024924456
252,606,331,135.5949851580065
122,435,197,136.03308421115798
118,438,170,136.34148304899725
262,614,337,143.58969322343438
111,426,172,147.6787053031005
113,422,191,149.27156460625713
281,673,309,149.2816130673835
106,430,147,150.63200191194434
119,421,214,150.65191668213185
295,723,211,152.3975065412817
103,428,147,152.50573759698355
107,414,187,157.53729717117784
97,425,127,163.23296235748464
269,714,114,166.86821147240718
297,737,165,169.64963896218583
298,738,164,170.83617883809038
91,405,157,171.4788616710526
299,741,166,173.3666634621547
257,588,375,175.82377541163197
199,486,364,184.7187050625897
206,486,372,191.8567173700207
208,486,380,199.06029237394384
338,730,326,202.87188075236054
109,376,256,202.88173895153798
337,720,338,203.08865059377396
123,385,282,203.2732151563506
339,733,324,204.00980368599937
112,376,266,205.86646157157313
226,539,404,206.49455198624491
342,735,327,207.4246851269154
284,628,400,207.96393918177256
353,781,246,214.97906874856446
129,384,307,215.44836968517538
345,727,350,216.4162655624572
346,731,346,216.60101569475614
82,350,188,221.32555207205516
349,731,353,221.37976420621646
81,350,187,221.38202275704322
272,591,421,221.90313201935658
92,354,251,222.91253890259293
105,358,277,226.49061790723252
283,611,423,226.55904307707516
273,589,426,226.71568097509268
360,758,331,228.31995094603536
286,611,426,229.5125268912353
178,417,372,230.8679276123039
303,632,423,231.19256043393784
308,638,422,231.89006015782564
355,738,361,231.96982562393757
121,363,303,232.1055794245369
279,598,431,232.57256931977167
214,487,417,232.69078194032525
278,597,432,233.45235059857504
235,524,431,235.73289969794203
120,360,306,236.12920192132103
344,700,398,236.31546711969574
117,357,303,237.49736840647307
246,527,439,243.0164603478538
323,649,431,243.81345327934633
104,344,292,244.9346851713738
365,754,364,245.73359558676546
366,755,364,246.47920804806233
369,756,363,246.56439321199645
233,515,441,247.42069436488129
211,459,421,247.759964481754
243,521,443,248.09070921741508
231,512,441,248.11690792850052
290,599,447,248.58197842965205
67,331,135,248.64633518312712
225,509,441,248.84734276258607
351,701,414,250.39169315294788
292,599,449,250.56935167733502
64,328,133,252.06745129032427
352,701,417,252.96047122030745
65,322,150,253.97047072445253
310,621,451,255.93163149560078
61,321,144,256.1952380509833
307,616,453,256.9708154635464
57,323,131,257.41989045137905
56,321,135,258.3118270617898
315,622,454,259.0694887477103
60,316,153,259.2951985671929
333,651,449,261.53584840323515
335,648,455,266.3719204420766
124,340,336,268.06156009394556
95,319,300,271.1162112452887
371,720,433,276.56825558982723
98,317,311,277.19487729754314
99,316,313,278.91575789115967
237,493,468,279.1200458584084
289,571,480,280.0
217,457,457,281.1494264621573
288,569,482,282.0070921094007
218,456,458,282.4694673765644
102,315,321,283.15543434657934
222,458,461,284.41167345944154
43,293,118,289.8413359063886
300,578,491,291.08418026406036
336,624,490,294.8033242689098
363,677,479,298.45770219580527
79,280,269,299.0685540139585
280,536,507,308.9886729315494
234,467,492,309.96774025695
250,478,496,310.26601489689455
89,283,320,312.0
230,462,493,312.61797773000836
110,296,349,312.7714820759719
268,509,507,313.1980204279714
194,392,458,314.0143308831621
145,322,394,315.65329081129505
156,327,401,316.12813857674865
263,492,507,317.00157728314224
361,652,508,318.47291878588356
266,491,510,320.1562118716424
379,726,482,321.79030439091855
132,309,390,323.6417772785213
159,321,408,325.21377584598105
259,475,511,325.4796460610095
256,474,511,325.7759966602819
133,307,392,326.43529220965064
372,681,508,327.0535124410071
240,455,507,328.18439938546743
46,243,216,328.3900120283807
260,473,514,328.93768406797057
59,245,248,329.5147948120084
373,680,512,330.49205739321485
58,244,248,330.50416033690107
47,241,221,330.667506719363
45,240,217,331.436268383531
127,297,388,332.29504961705345
143,305,406,336.44018784919257
62,239,258,337.02818873204063
130,295,394,337.3603414748094
251,455,518,338.49667649771686
136,300,403,338.60005906674024
35,260,65,339.0368711512068
148,305,412,340.14702703389895
157,308,416,340.3307215048327
134,297,402,340.4115156689033
144,302,409,340.649379861464
374,680,523,340.8958785318473
301,534,539,341.0131962256006
154,307,416,341.10408968524547
135,296,403,341.80988868082795
158,307,418,342.37406443829826
42,227,214,344.28476585524373
348,602,543,344.3980255460243
48,227,237,345.98410368107955
141,296,412,347.23047101312983
54,228,258,347.8692283028207
398,765,489,348.0761410955942
140,294,412,348.8165707072988
397,763,492,349.46816736292305
38,219,215,352.319457311117
358,612,551,353.3864739912947
131,284,407,353.86155484878543
164,301,429,354.0353089735542
37,215,215,356.3158711031548
34,220,138,356.4337245547901
291,505,552,358.13405311419353
142,287,419,358.63212349146863
314,530,557,359.3466293149276
161,294,430,360.04027552483626
32,217,128,361.24783736376884
33,215,135,361.8853409576022
152,289,427,362.01243072579706
137,281,418,362.8002205070995
39,207,230,365.2341714571625
49,209,254,366.0054644400818
171,307,455,367.04359414107745
44,206,242,367.40849200855445
50,208,257,367.4479554984624
149,283,429,367.947007054005
51,207,258,368.59191526673504
151,283,431,369.1950703896248
30,206,136,370.5684821999842
377,656,561,370.87194555533586
29,206,127,372.2284244922733
162,284,438,372.8444715964017
150,279,433,373.5679322425842
163,283,439,374.25258850140233
160,282,438,374.3861642742691
147,276,432,375.2985478255944
146,275,431,375.4690400019687
391,700,553,375.8324094593227
209,350,509,379.8973545577805
270,452,563,382.0078533224154
210,348,512,383.500977834477
249,414,550,383.6000521376398
114,239,397,386.0479244860669
74,198,317,390.91942903877265
23,200,75,391.4920177985753
80,203,337,392.674165180242
20,199,67,395.0607548213313
27,177,159,396.1275047254356
376,622,596,399.2705849420916
19,190,79,399.7524233822729
378,634,596,400.98004937901834
382,647,597,404.2091043012267
357,554,608,408.35401308178666
334,511,604,408.431144747802
93,206,385,409.20654931220247
383,641,604,410.01951173084433
330,502,606,411.82156330138906
26,160,166,412.4039282063157
205,315,524,412.9309869699778
153,245,455,413.88524979757375
94,202,388,414.13162158907886
267,412,583,414.69265727765185
100,207,399,414.8457544678504
326,494,608,415.20236030157633
188,297,512,415.234873294621
197,308,522,415.7559380213348
387,639,611,416.58732577936166
265,403,582,417.31043600657773
381,631,613,417.33559637299095
12,167,94,417.67451442480905
9,164,93,420.8301320010249
191,298,521,421.3905551860412
11,161,101,421.7831196242922
41,155,270,421.8483139707921
195,300,524,422.3943654927229
40,154,270,422.8344829835902
388,638,618,423.33556429858334
277,429,599,423.51505286117043
384,627,621,424.70813507631334
207,307,533,424.95293857084926
5,162,84,425.13174428640355
8,158,99,425.1705540133277
6,157,93,427.6037885706814
343,507,624,428.8029850642367
321,470,618,430.0290687848904
184,269,509,432.0705960835567
101,191,408,433.2020313895123
4,149,102,433.22973120505014
204,296,535,433.4166586553867
375,580,634,434.0933079419677
24,138,162,434.6642382345251
186,268,514,436.3542139134215
21,135,161,437.7407908797168
3,146,94,438.0194059627952
165,230,475,438.0707705382773
90,177,392,438.2921400162225
22,134,162,438.64906246337745
2,143,96,440.45431091090484
410,722,614,440.6778868969942
341,490,634,441.49405432010064
86,161,365,441.955880150949
354,511,638,442.0904884749275
25,129,184,442.28949795354623
18,131,153,442.5031073337226
227,344,580,442.6386788341028
228,344,581,443.4974633523849
287,418,617,444.1823949685534
17,129,152,444.5986954546763
407,702,628,447.5991510268982
359,516,645,448.3859944289072
72,143,334,448.4863431588525
31,122,216,449.2849875079291
28,121,209,450.08999100179955
367,528,650,452.04977602029624
412,710,632,453.8116349323803
350,492,647,453.9273069556402
1,138,62,454.45901905452376
411,704,635,454.8780056234858
347,485,647,455.1977592211983
0,136,63,456.0635920570727
356,499,654,459.67379738244813
10,114,150,459.72709295842026
340,468,650,461.6373035186823
63,128,330,461.68062554107684
221,301,576,462.8995571395592
13,110,157,463.0010799123475
16,109,162,463.56013633616084
7,109,150,464.69775123191636
216,295,574,464.8139412711284
14,106,162,466.5501044903966
193,255,546,468.5851043300459
408,675,660,471.61000837556446
15,100,167,472.15463568623363
362,490,666,472.9873148404722
409,675,665,476.48819502690725
406,661,669,477.557326401763
169,205,508,478.35133531746305
168,201,508,481.4187366524074
88,133,402,482.33598248523816
414,724,658,482.8799022531379
36,87,280,490.5670188669434
176,197,521,492.8661075789245
393,568,695,495.00909082561304
242,299,615,496.1945183091002
244,299,616,497.03118614429013
170,185,518,500.11998560345495
172,185,519,500.75642781695774
253,299,623,502.90456351081167
166,168,503,504.2003570010636
175,183,524,505.48986142157196
232,283,616,505.9644256269407
167,166,504,506.40003949446924
413,688,693,506.6932010595761
183,190,538,509.3181716766053
293,353,661,509.94607558054605
404,587,710,510.25091866649296
285,346,660,512.0790954530364
96,111,428,513.4043240955417
392,541,713,513.8764442937621
182,180,536,515.5356437725718
296,350,666,515.748969945651
294,347,665,516.1404847519714
52,71,336,518.1659965686672
55,72,341,518.5383303093417
402,559,719,519.1387097876636
401,557,719,519.1887903258313
405,599,719,519.754749858046
53,70,339,519.9249945905659
173,167,528,520.3844732503075
229,265,622,521.2676855512914
69,71,353,522.8852646613786
312,361,679,523.0114721495122
316,364,681,523.6506469011568
68,70,353,523.8415791057445
302,350,675,523.8950276534413
71,71,357,524.0696518593688
200,203,574,524.6903848937962
70,68,357,526.9326332653919
415,705,711,528.2773892568184
306,350,680,528.4325879428709
385,505,725,529.1323085958747
320,361,687,530.347998959174
304,347,681,530.6006030904978
66,62,352,531.210880912656
328,368,694,534.083326832059
329,368,695,535.0084111488342
309,345,685,535.0710233230725
282,316,671,535.5987303943131
317,351,689,536.2098469815712
380,485,731,537.9191389047243
318,349,691,538.8552681379296
73,59,368,538.8580518095652
364,424,721,541.3409276971398
75,57,372,542.0147599466272
368,424,723,543.2660490036167
78,59,386,544.7384693593798
76,56,382,546.2133282884994
275,285,672,551.8876697299913
138,105,496,552.0615907668274
128,96,482,552.40293264971
389,484,747,553.8754372600396
84,53,397,554.1958137698263
386,472,748,556.8707210834486
77,46,388,557.6459450224668
85,47,398,560.1606912306504
83,44,398,562.9680275113321
394,482,760,567.0282179927203
390,470,758,567.0670154399743
87,41,402,567.1895626684257
313,297,710,578.943866018114
370,382,748,579.6766339951956
396,467,771,580.3938318073341
399,477,773,580.6591082554376
395,465,771,580.7555423756195
400,477,774,581.6459404139257
108,47,455,582.7529493704858
116,50,465,584.5220269587794
115,47,465,587.1975817388897
403,480,782,589.0713029846218
305,277,713,591.2740481367333
331,303,729,593.0134905716733
325,289,727,597.706449689143
311,274,719,597.9715712306063
324,285,727,599.6040360104324
322,280,726,601.1297696837181
327,286,731,602.6491516628892
319,275,726,603.5660692915068
332,278,740,614.3687817589692
