236,456,458,2.8284271247461903
235,457,457,3.1622776601683795
251,490,468,32.984845004941285
249,462,493,33.24154027718932
254,467,492,33.24154027718932
265,478,496,41.182520563948
256,453,506,46.2709412050371
273,474,511,53.45091205957107
241,496,422,53.74011537017761
274,475,511,53.75872022286245
228,486,414,53.85164807134504
230,487,414,54.378304497290095
275,473,514,56.04462507680822
278,492,506,57.201398584300364
268,455,518,58.077534382926416
280,491,509,59.07622195096772
242,507,418,64.53681120105021
205,390,457,68.06614430096654
284,508,507,68.62215385719105
227,497,399,72.40165743959182
282,534,474,77.27871634544663
298,536,507,91.0659101969557
217,485,372,92.04890004774636
185,417,374,95.2732911156112
245,539,403,99.04544411531506
266,415,550,99.74467404327912
210,485,363,100.68763578513501
308,504,551,101.96568050084302
287,452,563,103.1746092796091
321,534,539,109.62207806824317
307,569,482,113.1591799192624
302,570,479,113.6001760562016
219,350,509,118.59595271340417
334,530,557,120.80149005703531
220,348,512,121.67168939404104
320,578,491,123.9395013706284
283,413,583,130.97327971765844
281,403,582,133.82451195502264
291,589,426,135.34031180694095
289,591,421,138.6001443000692
296,429,599,141.9929575718458
295,597,430,142.20056258679148
311,600,448,142.50614021858848
310,600,446,142.68847185389575
297,598,431,142.97202523570826
158,327,400,144.08677940741129
161,321,406,147.2582765076381
157,321,404,148.00337833982033
170,314,424,148.43180252223578
176,307,455,151.08275877809487
147,322,394,151.16877984557524
352,494,608,152.31546211727817
359,510,604,153.1012736720371
355,501,607,153.16004700965587
140,322,389,153.4177303964571
271,587,375,154.48624534242524
160,308,416,156.32018423735306
163,307,418,156.7322557739791
304,611,426,156.7322557739791
159,307,416,157.2800050864699
216,314,524,157.58172482873766
327,616,453,158.15498727514097
344,470,618,158.45504094221806
301,613,422,159.5900999435742
150,305,412,160.3527361787132
168,301,427,160.4306703844374
305,418,617,162.0154313638056
209,308,522,162.30834852218786
333,621,453,163.1502375113196
330,621,451,163.24827717314508
143,304,405,163.52675622050356
146,302,409,164.12495239907915
247,345,580,164.83021567661677
246,344,580,165.51737068960466
134,307,392,165.60495161679194
375,602,543,166.20770138594662
328,442,626,166.76930173146374
164,294,429,166.90416411821485
218,307,533,167.72000476985446
362,623,491,167.88686666919483
137,300,403,167.96725871431016
133,392,305,168.46661390317072
144,296,412,168.96153408394468
199,297,512,169.1892431568863
136,299,401,169.59363195591985
207,300,524,170.46993869888027
372,507,624,171.1636643683466
340,450,631,171.18703221914913
125,341,335,171.21331723905124
202,298,521,171.2337583538947
337,443,631,171.6566340110396
141,293,412,171.84004189943624
317,626,423,172.02616080119907
135,296,402,172.06975329789952
130,385,304,172.23530416264836
151,288,425,173.5655495770978
131,297,393,174.38463235044537
166,284,438,175.38529014715002
156,285,430,175.58188972670274
145,287,419,175.8465239918037
167,283,439,176.2554963681984
128,297,388,176.36609651517495
384,554,608,176.40861656959956
382,611,549,177.00282483621552
322,631,422,177.12425017484196
368,492,634,177.29072169744248
165,282,438,177.36967046256808
155,283,431,177.38658348364456
152,283,429,177.72450590731714
215,295,534,179.0111728356641
306,629,401,180.89223311131963
153,279,433,181.02486017119307
122,362,306,181.4717608885746
132,284,407,181.89282558693733
138,281,417,182.14829123546562
214,534,294,182.5705343148231
148,277,431,183.30848316430968
121,359,305,183.91846019364124
149,276,432,184.14125013152267
326,638,421,184.17654573804992
243,585,326,184.62123388169627
212,534,291,185.3024554613349
119,361,302,185.39956850003725
380,511,638,185.72291188757515
118,357,304,185.84133017173548
374,485,647,188.939143641544
377,492,647,190.06577808748213
361,648,454,190.09471323527123
261,600,332,191.17531221368517
369,470,651,191.3765920900464
386,517,643,192.27584351654787
346,648,430,192.35384061671346
124,385,282,192.38762953994728
253,596,325,193.05180651835403
360,651,449,193.31321734428818
358,651,447,193.43732835210477
198,272,516,194.24726510301247
111,296,352,194.6997688750554
240,301,576,195.2050204272421
194,269,509,195.24855953373896
264,605,330,196.23710148695125
196,268,514,197.52468200202222
193,266,509,198.15398053029367
383,499,654,198.28514820833152
104,316,321,198.70832896484234
232,295,574,198.90952717253137
263,606,327,198.97989848223364
277,614,336,199.2786993132984
387,652,508,199.8499437077729
269,611,328,202.07176942858692
393,528,650,202.48456731316588
195,515,265,203.16003544004417
99,318,310,205.1828452868319
97,316,311,205.8275977608445
270,615,326,206.4097865896867
197,520,263,206.52602741543257
108,360,277,207.5885353289049
388,490,666,208.47062143141417
112,376,266,210.61813787041228
98,341,284,211.3409567499873
402,620,596,211.51832071950648
401,577,636,212.4547010541306
154,245,454,213.08449028495716
92,316,299,214.67417171145672
404,625,600,217.91970998512272
204,543,258,219.15519615103813
389,677,479,219.8226557932553
109,376,256,219.8635940759634
206,255,546,220.4654167891191
259,299,615,222.0495440211486
403,656,561,222.27235545609355
407,634,596,222.4230203913255
260,299,616,222.74873737015884
88,283,319,224.73539997072112
309,353,659,225.00222221124838
398,679,510,226.58552469211267
267,299,622,226.99118925632334
114,239,397,227.8815481779953
399,681,508,228.1074308302998
169,230,474,228.42942017174582
303,346,660,229.22478051031044
400,680,521,230.2281477143922
312,351,664,230.3584163862914
411,631,613,230.9502110845539
413,641,604,232.86262044390037
248,283,614,233.11156127485398
415,627,621,233.41379565055703
412,647,597,233.43093196918014
91,354,250,234.34163095788165
225,579,257,236.32604596192948
319,350,673,238.8158286211364
329,360,678,239.01464390283704
419,638,618,239.50782868207042
336,363,680,239.63513932643517
162,470,219,241.29857024027308
323,350,679,244.1823089414956
378,700,416,245.96747752497686
376,700,413,246.52180430947686
342,361,687,246.85623346393342
350,368,690,246.9817807045694
324,347,681,247.3095226634025
351,368,692,248.8453334905037
279,644,294,249.30302846134862
370,699,396,249.35316320431951
354,368,694,250.71098898931416
120,421,212,250.7448902769506
250,266,624,252.50742563338608
338,351,689,252.76471272707352
300,316,671,254.33245958783948
339,349,691,255.42513580303722
405,712,497,256.6807355451515
174,204,508,258.49564793241683
406,714,497,258.6600085053737
177,204,511,259.0694887477103
424,700,553,259.25470101813005
426,568,695,259.47061490658245
101,206,398,259.5149321330085
173,201,509,261.6295090390226
79,280,267,262.5509474368737
299,673,309,262.7279962242319
93,206,385,262.9239433752658
94,205,387,263.32109676210905
397,720,433,263.38754716197195
392,424,722,264.1968962724581
192,204,536,265.1263849563072
123,435,195,265.9962405749375
395,424,724,266.18038996139444
414,505,722,266.18226838014584
126,443,194,266.42259663924904
425,542,714,267.52943763257156
417,506,724,268.32815729997475
183,197,524,268.7322087134328
408,726,482,268.9014689435519
418,505,726,270.1203435507959
113,421,192,270.542048487846
190,198,537,271.1623130156549
410,484,730,271.2489631316588
142,470,189,271.26555254952666
100,192,405,271.6265819097976
102,190,407,273.19040978775223
292,285,672,273.6293112954093
213,573,209,276.09056485146317
107,414,187,276.52305509667724
127,451,182,278.08811553175013
436,550,723,278.6269907959385
175,185,518,279.0931744059679
437,552,723,279.29375216785644
178,185,519,279.3027031734566
191,190,540,279.68553770261343
439,587,710,281.3201023745015
179,520,185,281.9024654024863
203,567,200,281.9237485562364
181,183,524,282.349074728429
211,199,574,282.97879779234347
81,202,336,284.45034716097643
189,184,538,284.8859420891105
208,573,199,285.21220170252184
257,640,240,285.5240795449659
367,722,350,286.0
420,483,746,287.0905780411471
416,471,747,287.29427422070216
373,725,352,288.01562457616774
363,719,338,288.1058833137567
188,180,536,288.2013185257833
89,177,392,289.110705439975
366,724,344,290.1930391997713
441,649,679,290.58905691715233
117,438,170,290.68883707497264
442,661,669,291.35888522576414
110,427,170,291.65219011692676
85,351,188,292.2892403082946
440,598,717,292.6585040623286
171,168,502,293.025596151599
83,350,187,293.58644382872995
409,438,754,294.6794869005985
444,675,660,295.10845463998487
172,166,504,295.296461204668
443,702,628,296.24314338056837
381,737,360,296.37982387470305
76,197,318,297.1279185805333
421,470,757,297.24232538452526
332,297,710,297.3566881709574
396,382,748,297.85902705810344
65,239,258,297.9345565724124
445,675,665,298.5196810932237
180,167,528,298.8394217635953
427,482,759,299.96166421727963
61,245,248,300.5212138934621
335,294,712,300.66592756745814
447,704,635,301.89567734566856
60,243,248,301.9420474196994
422,461,763,303.014851121195
364,730,326,303.2160945596391
231,613,199,303.55559622579847
448,710,632,305.1032612083981
446,722,614,305.6337677678957
233,616,198,305.9542449452205
449,670,681,306.2433672751134
432,763,488,306.28254929068356
365,732,323,306.3413129174712
433,763,491,306.57136200238926
371,735,327,307.2751210234893
57,227,257,307.52235691084314
90,405,157,307.6003901167877
182,535,162,307.7872641939559
345,292,721,309.3169895107606
390,753,363,310.5382424114621
356,302,729,310.9614123971011
428,463,771,311.0401903291599
325,277,713,311.07876816009156
430,467,771,311.1301978272119
391,754,364,311.17840542042757
86,161,365,311.8236681203016
434,477,772,312.57799026802894
288,683,243,312.5923863436216
394,756,363,313.3895339669147
435,477,773,313.5761470520358
349,289,727,315.9905061864992
105,430,145,316.2419959461425
103,428,145,316.4253466459348
294,692,245,317.77507768860664
331,273,719,318.2860348805772
285,682,233,318.912213626258
290,687,238,318.9435686763412
347,283,727,319.2397218392473
343,278,726,321.1790777743781
53,227,236,321.7716581677137
258,653,204,321.8089495337257
353,286,732,321.8198253681709
438,480,782,322.7506777684595
56,207,257,322.8157369150395
341,275,726,322.86994285625286
55,208,255,323.3032632065442
52,241,220,323.55679563254427
54,208,253,324.5751068705054
385,756,330,325.1215157444982
51,243,215,325.96012026013244
293,693,234,326.03834130359576
50,240,217,326.45520366506645
223,603,165,328.70959827787203
229,617,172,328.97568299191965
87,133,402,330.13482094441355
450,724,658,331.602171283603
222,602,160,332.77019097268914
187,546,139,332.84380721293286
357,278,740,332.86633954186476
49,206,242,333.208643345277
423,790,415,335.035818980598
48,206,238,335.8392472597567
46,228,213,337.50407404948464
63,316,153,338.2499076126999
68,322,150,338.52030958274867
316,717,241,339.17841912480225
73,143,334,339.2653828494738
95,424,122,339.70575502926056
186,547,131,340.82546853191593
184,546,130,341.53184331772053
224,614,156,341.68991790803545
41,219,215,342.2659784436659
42,206,228,342.5317503531607
221,604,150,342.6601815209932
40,215,217,343.6538956566621
226,617,155,343.95639258487404
64,321,144,344.41980198589044
429,800,415,344.9478221412624
234,628,159,345.6891667379815
451,645,752,346.7463049550781
238,631,159,347.17430780517157
431,803,416,347.7944795421572
96,111,428,348.47238054112694
452,705,711,352.15053599277684
62,325,132,353.93926032583613
67,128,331,354.31765409022455
201,586,129,354.8873060564438
58,320,133,354.9267530068704
66,128,329,355.0507006048573
59,323,129,357.4716771997468
45,155,270,357.64367742209566
139,102,495,357.7163680906984
44,154,270,358.49128301815097
200,583,121,361.3114999553709
262,669,166,361.87981430303626
129,96,482,362.66789215479224
314,725,210,365.77178677421256
244,658,144,373.97326107624326
348,749,224,374.6691874173802
43,124,283,378.00132274900835
47,292,119,379.2584870507185
252,666,139,382.4983660095818
255,667,138,383.8814921300583
379,780,245,387.18083630262487
272,687,132,400.03124877939223
35,220,138,400.40979009010255
276,689,132,401.1795109424209
71,71,353,401.51961346863243
70,70,353,402.48354003611126
72,68,357,403.37203671052856
34,215,135,405.8004435680178
80,59,386,405.80413994931104
313,737,165,406.0369441319349
237,642,97,406.97051490249265
315,738,164,407.450610503899
116,49,464,409.0195594345092
318,741,164,409.5180093719933
74,59,367,409.69500851242987
77,56,380,409.88291010970437
106,48,454,410.0439000887588
33,217,128,410.2499238269277
32,206,136,410.4631530356897
75,57,372,410.5423242492788
115,47,464,411.0194642592976
69,61,352,411.42800099166806
38,277,89,412.79777131181316
39,87,278,413.23722000807237
28,177,157,413.2432697576574
31,123,214,415.62122178733847
84,47,397,415.80043290020757
37,274,87,415.9146547069483
30,206,127,417.6038792923265
27,160,166,418.6167698504206
78,45,387,419.40195516950087
82,43,397,419.754690265636
29,121,208,420.8004277564366
26,129,183,430.08138764657093
286,714,112,432.0185181216194
24,138,161,437.95091049111886
36,262,66,440.0590869417424
23,135,161,440.1477024817919
22,133,161,441.61748153803876
19,131,153,448.52870588179746
18,130,152,449.94221851255526
16,107,162,460.440006949874
14,110,157,461.42496681475745
15,107,160,461.7369380935426
17,100,167,462.61539101071855
11,114,150,463.07234855905614
25,201,72,465.39553070479735
12,161,101,465.9291791678216
8,109,150,466.79867180616526
13,167,94,467.5863556606416
20,188,78,467.7862759850913
9,158,99,469.38363840253317
10,164,93,470.2393007820593
5,149,102,472.91119673782305
21,198,64,473.7256590052939
7,157,93,474.6472374300729
6,162,83,479.3172227241579
4,146,94,480.9365862564419
3,143,95,482.1306876771069
2,146,84,488.58980750727903
1,139,62,510.0637215093816
0,136,62,511.9453095790604
