373,680,512,11.0
372,681,508,15.033296378372908
361,652,508,31.76476034853718
391,700,553,36.05551275463989
363,677,479,44.10215414239989
377,656,561,44.94441010848846
379,726,482,61.61980201201558
336,624,490,65.0
358,612,551,73.53910524340094
335,648,455,75.15317691222374
333,651,449,79.47955712005447
348,602,543,80.52328855678958
382,647,597,81.02468759581859
378,634,596,86.28441342444185
397,763,492,88.60022573334675
383,641,604,89.89994438263018
315,622,454,90.13878188659973
398,765,489,91.54780172128658
310,621,451,93.08598175880189
376,622,596,93.23625904121208
307,616,453,94.847245611035
323,649,431,97.082439194738
387,639,611,97.082439194738
371,720,433,98.48857801796105
410,722,614,100.22474744293447
381,631,613,102.47438704378767
388,638,618,103.87011119662864
300,578,491,106.90182411914213
407,702,628,107.28000745712129
352,701,417,108.06016842481785
308,638,422,109.38464243210744
292,599,449,109.71326264403953
303,632,423,110.92339699089638
351,701,414,111.00450441310929
290,599,447,111.07204868912791
384,627,621,111.4136436887332
412,710,632,113.05308487608819
411,704,635,114.54256850621083
289,571,480,117.17508267545622
288,569,482,118.33004690272035
286,611,426,119.03780911962384
283,611,423,121.49485585818027
278,597,432,123.1665539016173
279,598,431,123.23960402403117
344,700,398,126.58988901172162
273,589,426,133.00375934536586
284,628,400,133.5402561027947
272,591,421,135.36986370680884
408,675,660,137.09121051329294
414,724,658,141.98943622678414
409,675,665,142.08800090085018
280,536,507,144.88616221019868
301,534,539,146.87409574189726
406,661,669,147.2311108427835
375,580,634,149.40214188558343
357,554,608,151.99013125857877
314,530,557,153.80507143784303
413,688,693,170.18813119603846
268,509,507,171.74690681348528
355,738,361,172.06975329789952
257,588,375,174.26416728633572
246,527,439,174.54225849346628
365,754,364,175.37673733993344
366,755,364,175.80102388780332
369,756,363,177.13271860387624
291,505,552,177.38658348364456
349,731,353,177.48521065147935
243,521,443,177.99157283422156
345,727,350,179.27074496414633
235,524,431,181.10770276274835
346,731,346,184.20097719610501
233,515,441,184.25254408012933
226,539,404,184.50474248647376
231,512,441,186.9438418349211
334,511,604,187.40864441108366
263,492,507,188.67962264113208
337,720,338,189.274932307477
266,491,510,189.44656238633627
225,509,441,189.64440408301004
415,705,711,189.6549498431296
237,493,468,194.92049661336284
330,502,606,196.4001018329675
262,614,337,197.36261044078233
367,528,650,198.07321878537743
343,507,624,200.32473636573192
338,730,326,203.24615617521528
342,735,327,203.5706265648362
250,478,496,203.79646709401024
359,516,645,204.40156555173445
354,511,638,204.41624201613726
326,494,608,204.50183373260984
393,568,695,205.25106577068
259,475,511,205.35091916034852
252,606,331,205.7668583615933
339,733,324,205.9368835347374
256,474,511,206.3492185592182
255,615,327,206.49697334343668
254,611,328,206.8477701112584
245,600,332,207.07728026029315
260,473,514,207.1955597979841
360,758,331,207.23899247004653
404,587,710,208.84922791334424
248,606,327,209.5041765693467
405,599,719,212.07781590727495
281,673,309,214.11445537375565
234,467,492,215.24404753674375
236,597,324,215.61539833694624
223,585,327,217.8095498365487
341,490,634,220.04772209682153
230,462,493,220.0545386943882
214,487,417,220.19309707617992
356,499,654,223.4323163734378
251,455,518,225.055548698538
350,492,647,225.21101216414795
240,455,507,225.5681715136247
402,559,719,230.3410514867031
321,470,618,230.4886114323222
222,458,461,230.4951192541829
347,485,647,231.08656386730925
401,557,719,231.39792566053828
270,452,563,231.4821807396846
217,457,457,232.56181973832247
218,456,458,233.2402195162747
264,645,292,233.63646975590092
392,541,713,235.41665191740367
362,490,666,237.80033641691932
208,486,380,241.0082986123092
211,459,421,243.402958075698
206,486,372,245.83937845674765
340,468,650,247.12952069714376
199,486,364,250.83261350948763
277,429,599,262.25369396826426
385,505,725,267.26204369494747
249,414,550,267.36678926149375
203,535,296,269.3584971743049
202,535,292,272.7379694871985
267,412,583,274.63430230034993
287,418,617,278.3522947633089
271,683,243,280.0160709673643
274,688,240,283.1130516242584
265,403,582,283.21370023358685
212,579,257,284.52943608702424
380,485,731,285.112258592997
241,640,240,285.8128758471178
276,695,234,289.3890115398302
353,781,246,294.838939083697
194,392,458,295.24396691549856
192,543,260,296.5434200922354
389,484,747,297.6440827565702
178,417,372,303.2655601943617
187,520,263,305.28675044947494
185,515,265,306.2498979591667
386,472,748,306.413119823548
394,482,760,308.8251932728287
295,723,211,314.9492022533158
390,470,758,315.15869018638847
399,477,773,322.03881753602315
400,477,774,322.8157369150395
364,424,721,323.6355975476122
368,424,723,324.86304806795124
396,467,771,326.91436187478826
403,480,782,327.23233336576016
395,465,771,328.2209621581169
215,614,201,328.69438693108225
209,350,509,330.2968361943541
201,573,210,330.7839173841437
219,618,198,330.8609980036934
210,348,512,332.18217893198306
198,574,200,339.94852551526094
227,344,580,340.8005281686048
196,571,200,340.8958785318473
228,344,581,340.96920682079195
316,364,681,353.29874044496677
293,353,661,354.9267530068704
312,361,679,355.1013939707925
247,669,168,355.17038164801977
328,368,694,355.78785814021256
329,368,695,356.2695608664877
213,617,171,357.5933444570802
320,361,687,358.687886608957
296,350,666,359.6512199339799
285,346,660,361.00554012369395
294,347,665,362.01243072579706
299,741,166,362.17399133565624
297,737,165,362.50931022526856
302,350,675,363.3235472688221
298,738,164,363.6550563377333
205,315,524,365.0013698604431
306,350,680,365.44356609468446
129,384,307,366.43143969916116
317,351,689,368.506444991129
304,347,681,368.5824195481928
155,470,218,370.3039292257105
318,349,691,371.1940193483726
174,521,187,371.7216700704978
197,308,522,372.0013440835933
309,345,685,372.1142297736006
207,307,533,373.1340241789805
370,382,748,373.4019282221237
156,327,401,373.48761692993247
159,321,408,376.96949478704505
171,307,455,379.14772846477666
224,658,144,379.63798545456433
195,300,524,380.00131578719567
239,668,143,380.18942647054246
145,322,394,380.5325216062354
123,385,282,380.9278146840947
238,668,142,381.1889295349486
191,298,521,382.0052355662158
221,301,576,382.6878623630491
188,297,512,383.15793088490284
204,296,535,384.1874542459709
121,363,303,385.86137407105156
120,360,306,386.63807365545364
177,536,164,386.80356771881
157,308,416,387.0826785068017
158,307,418,387.4970967633177
124,340,336,388.03221515745315
154,307,416,388.04381195942295
216,295,574,388.3632320392856
258,687,134,389.0629769073382
261,689,134,389.1040991816971
164,301,429,390.4830342025118
117,357,303,390.80557826110925
148,305,412,391.0831113714833
242,299,615,391.95025194532025
244,299,616,392.186180276664
143,305,406,392.8282067265537
282,316,671,392.93765408777
139,470,190,393.68642343875666
253,299,623,393.90481083632375
132,309,390,394.1192712872589
144,302,409,394.81641303269043
133,307,392,395.3353007258522
161,294,430,397.04533746160524
112,376,266,398.07662578955825
136,300,403,398.4971769034255
141,296,412,399.7211528053025
140,294,412,401.64287619725064
134,297,402,401.6590594023742
135,296,403,402.31331074176506
152,289,427,402.61271713645607
119,421,214,403.18978161654843
190,585,131,403.3472449391467
125,443,196,403.8539339909914
109,376,256,404.6047453997543
162,284,438,405.0197526047341
105,358,277,405.2159917870962
163,283,439,405.7893542221136
130,295,394,406.0369441319349
127,297,388,406.09604775225284
181,545,140,406.09604775225284
142,287,419,406.52798181675024
160,282,438,406.9754292337561
151,283,431,407.52055162899455
104,344,292,407.74624461789955
232,283,616,407.74747086891904
122,435,197,407.8001961745482
149,283,429,407.9767150218257
126,451,184,409.0990100208017
269,714,114,410.41076983919413
150,279,433,410.97566837952826
189,585,123,411.1265012134343
184,269,509,411.2383736958408
186,268,514,412.09828924663105
137,281,418,412.58453679215853
131,284,407,412.6402791778815
180,547,131,413.94806437523056
147,276,432,414.12196271146985
179,546,130,415.21681083501426
146,275,431,415.31795049094615
102,315,321,417.16783193338387
99,316,313,420.23326855450176
98,317,311,420.3724539024887
113,422,191,420.46165104560964
110,296,349,421.58273209418815
275,285,672,422.1682129199213
95,319,300,424.3229901855425
92,354,251,424.5703710811672
220,643,99,425.61132503729266
193,255,546,425.62189793289537
313,297,710,426.21356149235794
229,265,622,426.64505153581706
118,438,170,427.98714933979034
107,414,187,428.5463802203911
331,303,729,429.6102885173957
111,426,172,433.26319945271143
153,245,455,440.2828636229214
325,289,727,441.0181402164768
324,285,727,444.5683299561497
327,286,731,445.5333881989093
305,277,713,445.54348833755836
89,283,320,445.8901209939507
322,280,726,448.5632619820754
311,274,719,450.8347812669293
106,430,147,451.5263004521442
165,230,475,452.55275935519387
103,428,147,452.6367196770496
319,275,726,453.0275929786176
332,278,740,456.8292897790158
91,405,157,457.80017474876524
114,239,397,458.6469230246727
82,350,188,470.2393007820593
81,350,187,470.95222687656974
97,425,127,471.0
79,280,269,473.8311935700308
169,205,508,475.2367830881781
168,201,508,479.2348067492594
200,203,574,479.7186675542239
176,197,521,483.00414076900006
100,207,399,488.9836398081228
183,190,538,490.2295380737477
93,206,385,493.68005833738107
172,185,519,495.01616135233405
170,185,518,495.025251881154
94,202,388,496.6980974394808
175,183,524,497.0010060351991
182,180,536,500.16897144864953
101,191,408,502.3405219569689
80,203,337,511.9814449762804
166,168,503,512.3904761019666
173,167,528,513.0243658930831
167,166,504,514.3510474374481
62,239,258,514.4958697599039
59,245,248,514.6357935472425
58,244,248,515.4813284688399
65,322,150,517.0038684574807
60,316,153,519.0337175945316
90,177,392,519.7787991059274
67,331,135,521.8668412535903
61,321,144,522.0363971985096
54,228,258,523.9551507524284
74,198,317,524.1755431150904
64,328,133,525.3608283836929
56,321,135,528.6066590575642
57,323,131,530.2009053179747
47,241,221,532.8461316365166
46,243,216,534.0580492792894
48,227,237,535.7284760025362
45,240,217,535.9440269281858
50,208,257,541.7933185265392
51,207,258,542.175248420656
49,209,254,542.4039085404897
86,161,365,542.5172808307584
42,227,214,548.3520766806669
44,206,242,551.0326669082333
38,219,215,554.4231236158896
39,207,230,556.3973400367762
37,215,215,557.7535297960919
43,293,118,560.1731875054356
88,133,402,560.2231698171721
72,143,334,569.2890302825094
138,105,496,575.633563997097
96,111,428,576.8760698798313
41,155,270,582.7812625676978
40,154,270,583.6822765854724
63,128,330,584.7674751557238
128,96,482,585.4374432849337
34,220,138,599.8541489395568
33,215,135,605.6145638935708
32,217,128,608.6000328623061
30,206,136,611.9191123016178
29,206,127,617.6503865456574
27,177,159,620.8904895390168
35,260,65,621.420952334245
26,160,166,630.7527249247521
71,71,357,631.2186625884884
69,71,353,632.2823736274798
116,50,465,632.6642079334028
68,70,353,633.2456079595025
70,68,357,634.1135544995076
55,72,341,634.6558122321106
115,47,465,635.651634151915
78,59,386,635.9323863430766
108,47,455,636.6419715978518
31,122,216,636.8775392491087
52,71,336,637.0635761052424
53,70,339,637.146764882315
84,53,397,639.5349873150021
76,56,382,639.731975127084
73,59,368,640.0515604230646
36,87,280,640.8572383924519
75,57,372,641.038220389393
28,121,209,641.1528678872146
66,62,352,641.2214905943188
85,47,398,645.2239921143664
25,129,184,646.9327631214854
83,44,398,648.1674166448048
77,46,388,648.2136993307068
87,41,402,650.3552875159854
24,138,162,651.2180894293401
21,135,161,654.2698220153517
22,134,162,654.5509911382001
23,200,75,656.5851049178622
19,190,79,661.2382324094698
18,131,153,662.0430499597439
20,199,67,662.7948400523347
17,129,152,664.2604910725912
12,167,94,668.7376167077788
11,161,101,668.9132978196801
9,164,93,671.6814721279723
8,158,99,672.5027880983097
16,109,162,675.5457053375442
6,157,93,677.0738512156558
13,110,157,677.3891053154014
4,149,102,677.6444495456301
10,114,150,677.8532289515186
14,106,162,678.083328212691
5,162,84,679.0029455017113
15,100,167,680.540961294763
7,109,150,682.0337235063968
3,146,94,684.9795617388887
2,143,96,686.0743399953099
1,138,62,711.5370686057051
0,136,63,712.4156090373091
