312,351,664,6.4031242374328485
309,353,659,7.0710678118654755
319,350,673,13.601470508735444
323,350,679,19.4164878389476
324,347,681,21.02379604162864
329,360,678,22.80350850198276
336,363,680,26.248809496813376
338,351,689,29.427877939124322
342,361,687,30.886890422961002
339,349,691,31.144823004794873
300,316,671,31.953090617340916
350,368,690,37.20215047547655
351,368,692,38.8329756778952
354,368,694,40.496913462633174
267,299,622,60.440052945046304
292,285,672,62.16912416947821
260,299,616,64.38167441127949
259,299,615,65.06919393998976
332,297,710,70.00714249274856
335,294,712,73.53910524340094
248,283,614,78.00640999302557
247,345,580,80.00624975587844
246,344,580,80.02499609497022
345,292,721,81.46778504415104
356,302,729,81.83520025025906
305,418,617,83.86298349093002
325,277,713,87.00574693662483
250,266,624,87.72684879784524
349,289,727,87.96590248499699
347,283,727,91.96738552334735
353,286,732,93.72299611087985
331,273,719,93.86160024205851
343,278,726,94.76286192385707
396,382,748,95.0789145920377
240,301,576,95.29428104561154
281,403,582,96.60745312862771
341,275,726,96.93812459502195
392,424,722,99.6393496566492
232,295,574,99.98499887483122
395,424,724,100.89598604503551
337,443,631,101.24228365658294
328,442,626,101.84301645179212
283,413,583,102.06860437960343
296,429,599,103.00485425454472
357,278,740,104.9952379872535
340,450,631,107.96758772891057
369,470,651,124.32618388738553
266,415,550,129.84991336154215
344,470,618,130.91982279242512
409,438,754,131.52946437965906
218,307,533,132.85330255586422
215,295,534,135.9301291105103
374,485,647,139.60659010233005
216,314,524,139.71399357258383
209,308,522,143.13629868066312
207,300,524,143.5687988387449
287,452,563,143.68368035375485
388,490,666,144.12494579357175
206,255,546,145.86637720873168
377,492,647,146.57762448614045
202,298,521,147.05441169852742
220,348,512,148.0135128966271
368,492,634,148.29699929533302
219,350,509,151.0529708413575
416,471,747,152.2957648787385
383,499,654,153.11760186209813
422,461,763,154.38264151127873
410,484,730,154.7384890710776
199,297,512,155.90060936378666
352,494,608,156.86937240902063
421,470,757,157.4325252290644
428,463,771,161.27616066858735
420,483,746,161.75598906995685
198,272,516,161.90120444270946
355,501,607,163.8108665504215
430,467,771,164.20109622045769
372,507,624,164.97575579460153
196,268,514,165.5294535724685
380,511,638,166.4602054546371
427,482,759,168.21712160181556
194,269,509,169.49926253526885
211,199,574,170.30854353202602
414,505,722,170.66048165876012
193,266,509,170.88300090997933
386,517,643,171.8429515575195
418,505,726,172.15400082484288
417,506,724,172.32527382830412
434,477,772,172.35138525698017
435,477,773,173.0028901492689
359,510,604,173.29743217947575
268,455,518,179.0111728356641
438,480,782,181.2181006411887
393,528,650,182.27451824103116
256,453,506,187.52333188166213
192,204,536,188.52055590836773
308,504,551,191.9505144562004
190,198,537,192.43960091415696
275,473,514,193.5071058126807
273,474,511,196.4306493396588
191,190,540,196.8146336022807
274,475,511,197.08373854785685
183,197,524,201.73497465734593
189,184,538,202.8003944769339
425,542,714,203.30272993740147
249,462,493,203.3346994489627
177,204,511,205.8275977608445
254,467,492,207.03864373589778
188,180,536,207.20038610002638
205,390,457,207.7137453323684
174,204,508,208.00961516237658
176,307,455,208.67678356731494
173,201,509,209.34660255184463
280,491,509,209.34660255184463
265,478,496,210.52315787105226
334,530,557,210.86725682286476
278,492,506,212.20744567521658
181,183,524,212.2851855405836
436,550,723,213.50644018389704
178,185,519,214.0140182324513
384,554,608,214.40149253211834
175,185,518,214.67417171145672
437,552,723,215.41819793137256
169,230,474,219.20766409959302
180,167,528,222.40728405337808
284,508,507,222.82953125651906
321,534,539,223.57325421436258
426,568,695,224.7420743875076
239,458,460,229.22478051031044
154,245,454,229.42754847663784
167,283,439,229.804264538324
236,456,458,230.00869548780108
166,284,438,230.4951192541829
165,282,438,231.0411218809327
235,457,457,231.36551169091732
401,577,636,232.24340679554285
153,279,433,236.68122020980033
164,294,429,236.78048906107108
168,301,427,237.30571000294114
155,283,431,237.507894605632
156,285,430,237.95167576632025
171,168,502,238.00840321299583
170,314,424,238.15961034566715
172,166,504,238.1931988953505
149,276,432,238.5036687348855
148,277,431,239.1693960355296
152,283,429,239.43683927081898
251,490,468,240.0
151,288,425,242.05164738129753
298,536,507,243.9446658568291
163,307,418,245.12241839538055
439,587,710,246.13207836444238
160,308,416,246.94128856876083
159,307,416,247.09714688761585
145,287,419,248.11690792850052
150,305,412,251.3662666309861
138,281,417,251.54323684011064
144,296,412,252.99011838409817
141,293,412,253.60007886434104
146,302,409,254.82739256210272
161,321,406,255.22734963165684
157,321,404,257.21780653757236
440,598,717,258.36601943754135
143,304,405,258.43567865138124
132,284,407,260.48608408128064
158,327,400,260.69330639661615
137,300,403,261.0842775810141
135,296,402,262.8003044138267
136,299,401,263.2299375071156
282,534,474,264.4617174564213
147,322,394,267.0805122055894
134,307,392,270.8228203087768
131,297,393,271.4590208484515
140,322,389,272.0606550017845
128,297,388,276.3783638420345
241,496,422,281.3254343282882
402,620,596,281.37519435799595
375,602,543,281.4693589007514
228,486,414,283.0476991604065
230,487,414,283.54364743368876
415,627,621,283.69349657685143
114,239,397,283.9330907097656
307,569,482,285.3296339324046
404,625,600,285.3786957710754
320,578,491,287.0278732109479
382,611,549,287.30819688968154
302,570,479,287.98784696580515
411,631,613,288.84944175123485
242,507,418,290.66303514551004
139,102,495,294.5522025040723
185,417,374,294.6811836544709
419,638,618,295.00508470194205
407,634,596,295.0254226333724
101,206,398,297.05891671518634
102,190,407,297.22886804615734
100,192,405,297.8942765479055
413,641,604,300.2682134359213
227,497,399,301.53275112332324
441,649,679,303.5951251255527
129,96,482,306.8941185490527
94,205,387,307.2621030976648
412,647,597,307.52235691084314
93,206,385,308.58548248418947
111,296,352,312.03204963593083
451,645,752,312.8338217009152
442,661,669,315.12854520020875
89,177,392,316.8359196808342
217,485,372,319.7889929312765
245,539,403,321.4000622277475
362,623,491,324.48420608713764
449,670,681,324.6798423062325
125,341,335,325.0384592629002
403,656,561,325.4243383645421
210,485,363,327.9176725948146
444,675,660,329.0
445,675,665,329.0379917273992
96,111,428,330.22568040659706
311,600,448,330.84739684634064
310,600,446,332.13250367887815
87,133,402,334.5638952427473
291,589,426,337.3499666518436
327,616,453,340.2190470858444
104,316,321,340.3248448174185
295,597,430,340.4423592915547
297,598,431,340.50697496527147
387,652,508,341.67235767618075
289,591,421,342.2659784436659
333,621,453,344.200522951375
330,621,451,345.4070062983668
88,283,319,346.77081768799405
86,161,365,348.209706929603
97,316,311,350.28702516650543
99,318,310,351.1182137115647
304,611,426,353.52651951444886
122,362,306,354.3613974461665
81,202,336,354.5588808646598
121,359,305,355.2379484233068
116,49,464,355.8440669731617
118,357,304,356.1699032765121
443,702,628,357.4353088322417
115,47,464,357.5150346488942
301,613,422,357.67722879713773
133,392,305,357.9678756536681
130,385,304,358.12986471390514
119,361,302,358.3141080113927
447,704,635,358.8718434204612
400,680,521,361.7692634815733
92,316,299,362.2443926412112
106,48,454,362.27061708065696
452,705,711,362.60446770551516
448,710,632,365.0753346913483
398,679,510,365.22458843840184
361,648,454,365.5680511204446
317,626,423,366.836475830853
399,681,508,367.87090126836614
424,700,553,369.8175225702536
360,651,449,370.87194555533586
322,631,422,371.3071504832623
358,651,447,372.01344061740565
76,197,318,373.048254251377
271,587,375,373.2371900012109
98,341,284,376.03324321128844
389,677,479,377.25588133255127
326,638,421,377.3393697985939
450,724,658,378.0052909682614
446,722,614,378.80337907679757
346,648,430,379.610326519182
124,385,282,380.00657889041867
108,360,277,383.2557892582968
306,629,401,383.6274234201721
73,143,334,384.0377585602749
67,128,331,394.6707488527621
112,376,266,395.1404813480897
66,128,329,396.3395009332277
80,59,386,396.79339712248236
84,47,397,398.20848810641894
79,280,267,398.503450424209
405,712,497,400.65571255131255
82,43,397,401.2206375549493
406,714,497,402.48354003611126
77,56,380,403.11288741492746
109,376,256,405.1123301011708
78,45,387,406.36190766359977
75,57,372,408.0012254883556
91,354,250,410.07804135310636
74,59,367,410.14387719433284
243,585,326,410.7030557470933
72,68,357,411.2091925042532
214,534,294,411.4608122288197
71,71,353,412.1577367950285
70,70,353,412.82562904936026
212,534,291,414.13162158907886
261,600,332,414.8493702538308
65,239,258,415.99639421514223
253,596,325,418.0011961705373
264,605,330,419.5008939203825
408,726,482,419.6236408974118
69,61,352,419.62959857474306
57,227,257,420.2023322162789
277,614,336,420.47592083257274
263,606,327,422.47958530560976
61,245,248,424.19924563817887
60,243,248,424.679879438619
269,611,328,424.79289071263895
56,207,257,426.2980178232125
55,208,255,427.86563311394855
270,615,326,428.8554535038583
195,515,265,429.6347285776605
54,208,253,429.7592349211358
378,700,416,429.9441824237188
376,700,413,431.65379646193315
197,520,263,433.45703362617155
45,155,270,434.25913922449575
44,154,270,434.69989648031896
397,720,433,437.49857142623904
43,124,283,437.50771421770384
53,227,236,440.3827880378614
370,699,396,440.8004083482682
49,206,242,440.82195952561165
48,206,238,444.6166888455718
204,543,258,447.67510540569486
433,763,491,449.9444410146657
432,763,488,451.0798155537443
52,241,220,452.3549491273418
42,206,228,454.1189271545506
120,421,212,454.23452092503936
50,240,217,455.50521402065203
51,243,215,456.7647096700882
162,470,219,458.10151713348426
39,87,278,461.52464722915937
40,215,217,461.96320199773487
46,228,213,462.3126647627123
41,219,215,462.76776032908776
225,579,257,465.50832430795475
279,644,294,471.9745755864398
85,351,188,472.02648230793153
83,350,187,473.0169130168603
123,435,195,473.44059817468127
113,421,192,473.9715181316278
126,443,194,475.988445237907
107,414,187,477.8629510644239
299,673,309,479.7186675542239
142,470,189,487.04927882094233
367,722,350,487.31509313789985
373,725,352,488.3697369821353
127,451,182,489.3965672131344
366,724,344,492.6865129065337
363,719,338,492.7605909567038
381,737,360,492.82958515089166
110,427,170,496.6497759991441
117,438,170,498.56193196031325
31,123,214,498.6431589824531
390,753,363,503.84322958634664
391,754,364,504.0634880647477
29,121,208,504.9049415484067
213,573,209,504.9059318328514
179,520,185,505.8665832015394
394,756,363,506.269690975077
90,405,157,506.4484179065031
423,790,415,507.11044161996904
63,316,153,507.886798410827
364,730,326,508.93221552580064
203,567,200,510.33420422307574
68,322,150,510.56439358811537
371,735,327,512.0644490686694
365,732,323,512.4109678763716
257,640,240,512.6753358608155
208,573,199,513.8579570270368
429,800,415,515.8885538563537
64,321,144,516.6052651686779
431,803,416,518.0588769628409
103,428,145,521.4872961060508
105,430,145,521.8055193268849
26,129,183,524.0400748034448
385,756,330,526.3078946776307
58,320,133,527.6409764224155
27,160,166,527.856040980872
62,325,132,528.4174486142562
28,177,157,530.6316990154282
59,323,129,531.4978833447975
182,535,162,532.6584271369411
231,613,199,532.7382096302085
233,616,198,535.1112033960792
288,683,243,536.1510981057486
35,220,138,536.9916200463467
294,692,245,540.3156484870673
24,138,161,540.6153900879996
34,215,135,541.0970338118664
23,135,161,541.7767067713413
32,206,136,542.379940632026
290,687,238,542.5541447634513
22,133,161,542.5587525789258
285,682,233,543.3461143691009
95,424,122,543.6248706599064
47,292,119,543.6883298361296
33,217,128,547.4166603237428
293,693,234,549.440624635638
258,653,204,549.713561775585
19,131,153,550.7031868438751
17,100,167,550.9673311549425
30,206,127,551.0798490237145
18,130,152,552.0144925633747
16,107,162,552.3812089490373
15,107,160,554.1849871658379
14,110,157,555.612274882404
223,603,165,557.7400828342894
187,546,139,558.0689921506122
229,617,172,558.1979935470926
316,717,241,559.6445300367011
11,114,150,560.2892110330164
222,602,160,561.7259118110896
8,109,150,562.3779867669075
186,547,131,565.8992843254001
184,546,130,566.4803615307419
224,614,156,570.8239658598787
221,604,150,571.5452737972732
226,617,155,573.1195337798215
234,628,159,574.913036902104
38,277,89,575.1538924496643
238,631,159,576.3904926349844
37,274,87,577.5058441262737
201,586,129,582.7186284992097
314,725,210,588.3374881817408
200,583,121,588.8038722698756
12,161,101,588.8174589802853
262,669,166,590.2245335463446
9,158,99,591.662910786201
5,149,102,591.7541719329066
13,167,94,593.6303563666535
348,749,224,593.7213150965696
10,164,93,595.4939126473082
7,157,93,597.6704777718237
36,262,66,599.9099932489873
4,146,94,600.2965933603156
3,143,95,600.3615577300066
379,780,245,600.4839714763417
244,658,144,602.9925372672534
20,188,78,603.0655022466465
25,201,72,605.6145638935708
6,162,83,605.6277734714616
2,146,84,609.7343683933193
252,666,139,611.4253838368178
255,667,138,612.8009464744649
21,198,64,614.1009688968094
272,687,132,628.5419635951127
276,689,132,629.6292559911745
313,737,165,630.7979074156793
315,738,164,632.2024992041711
1,139,62,632.8135586410898
0,136,62,633.8012306709415
318,741,164,634.0670311568012
237,642,97,636.0699647051415
286,714,112,660.0969625744387
