137,300,403,4.47213595499958
146,302,409,4.47213595499958
136,299,401,6.4031242374328485
150,305,412,7.0710678118654755
135,296,402,8.54400374531753
144,296,412,10.63014581273465
159,307,416,11.40175425099138
160,308,416,11.704699910719626
141,293,412,13.038404810405298
134,307,392,13.341664064126334
163,307,418,13.341664064126334
131,297,393,13.892443989449804
157,321,404,17.029386365926403
161,321,406,17.029386365926403
128,297,388,18.384776310850235
132,284,407,20.09975124224178
147,322,394,21.095023109728988
170,314,424,21.470910553583888
145,287,419,22.02271554554524
168,301,427,22.20360331117452
158,327,400,23.53720459187964
140,322,389,24.08318915758459
151,288,425,25.612496949731394
138,281,417,25.942243542145693
164,294,429,26.0
156,285,430,31.400636936215164
152,283,429,31.89043743820395
155,283,431,33.421549934136806
148,277,431,37.48332962798263
153,279,433,37.53664875824692
166,284,438,38.58756276314948
149,276,432,38.897300677553446
165,282,438,39.66106403010388
167,283,439,39.96248240537617
176,307,455,50.08991914547278
111,296,352,53.600373133029585
114,239,397,65.49045732013177
154,245,454,76.69419795525604
125,341,335,79.17701686727027
104,316,321,84.8528137423857
88,283,319,88.52683209061533
97,316,311,94.76286192385707
99,318,310,96.0260381354974
101,206,398,98.2496819333274
93,206,385,100.0199980003999
205,390,457,100.4987562112089
94,205,387,100.62305898749054
169,230,474,101.17806086301516
92,316,299,106.6770828247567
199,297,512,107.22872749408155
194,269,509,109.73149046650191
193,266,509,110.72488428533127
100,192,405,112.0
219,350,509,113.718951806636
102,190,407,114.0175425099138
118,357,304,114.06138698087096
121,359,305,114.12712210513327
122,362,306,114.73883387938018
196,268,514,114.79111463872106
198,272,516,115.52056094046635
220,348,512,115.69356075426151
202,298,521,116.15506876585283
209,308,522,117.06835610018618
185,417,374,117.17508267545622
119,361,302,117.72000679578642
207,300,524,119.06720791217035
216,314,524,119.41942890501528
81,202,336,123.14625451064275
98,341,284,126.53062870309307
89,177,392,127.66362050325849
218,307,533,128.03515142334936
215,295,534,129.31357237351384
130,385,304,129.46814279968643
133,392,305,133.2066064427737
76,197,318,137.90576492663388
108,360,277,139.71399357258383
79,280,267,140.07141035914503
174,204,508,143.55835050598765
177,204,511,145.72576985557495
173,201,509,146.37281168304446
124,385,282,147.27525250360293
86,161,365,148.48905683584903
206,255,546,149.27156460625713
112,376,266,156.54072952429985
183,197,524,160.0312469488381
65,239,258,160.72958657322553
236,456,458,160.9751533622503
235,457,457,161.5951731952412
91,354,250,162.8649747490233
239,458,460,163.52675622050356
175,185,518,164.10362579784763
178,185,519,164.7938105633825
192,204,536,164.80594649465777
109,376,256,165.4841382127
57,227,257,166.83225107874077
171,168,502,167.0478973228936
61,245,248,167.72000476985446
60,243,248,168.4339633209407
232,295,574,169.23947530053383
190,198,537,169.29264603047588
181,183,524,169.7115199389835
172,166,504,169.83815825661793
87,133,402,171.0263137648707
240,301,576,171.0263137648707
73,143,334,175.96022277776305
191,190,540,176.69465187152667
56,207,257,176.9547964876906
55,208,255,178.08986495586996
189,184,538,179.13402803487674
246,344,580,179.51323071016242
247,345,580,179.7386992275175
54,208,253,179.77764043395385
256,453,506,180.00555546982432
188,180,536,180.38015411901608
249,462,493,180.8535318980528
228,486,414,182.22239159883728
266,415,550,182.60887163552596
230,487,414,183.22117781522965
217,485,372,183.98369492974098
180,167,528,184.1140950606444
254,467,492,184.76471524617463
53,227,236,185.71483516402236
210,485,363,185.80904176062046
268,455,518,188.6001060445089
49,206,242,190.19200824430033
67,128,331,190.9240686765291
66,128,329,191.70811146114815
241,496,422,192.75113488641253
227,497,399,193.0932417253385
48,206,238,193.63109254456012
96,111,428,194.36563482261982
52,241,220,195.4328529188478
265,478,496,196.3593644316461
251,490,468,196.3797341886377
50,240,217,198.59506539690256
211,199,574,198.96230798822174
51,243,215,199.55199823604875
273,474,511,200.33971149025845
45,155,270,201.06217943710845
275,473,514,201.10196418732463
274,475,511,201.1889659002203
44,154,270,201.80436070610565
42,206,228,202.31905496022858
281,403,582,202.80532537386685
242,507,418,203.4158302591025
46,228,213,206.49455198624491
40,215,217,208.00240383226344
41,219,215,208.1465829649865
283,413,583,208.72230355187247
248,283,614,210.05237442123808
259,299,615,210.05951537600004
260,299,616,211.05923339195564
278,492,506,213.41274563624359
280,491,509,213.974297521922
287,452,563,216.4901845350038
267,299,622,217.05759604307792
43,124,283,217.4488445588985
139,102,495,221.14248800264502
129,96,482,221.79495034828903
85,351,188,222.03152929257593
250,266,624,222.27235545609355
83,350,187,222.80035906613796
120,421,212,225.69448376068033
284,508,507,228.07893370497854
296,429,599,230.7834482799839
245,539,403,235.00851048419503
71,71,353,238.73206738936435
70,70,353,239.70815588961506
282,534,474,240.12704970494266
305,418,617,240.7072911234722
72,68,357,240.8318915758459
113,421,192,243.01851781294363
107,414,187,244.18026128252055
80,59,386,245.7356303021603
123,435,195,247.50959577357804
308,504,551,247.62067765031256
74,59,367,247.9294254419995
69,61,352,248.71268564349506
75,57,372,249.19470299346253
77,56,380,249.25689559167665
162,470,219,249.30302846134862
39,87,278,251.43189932862538
63,316,153,252.28555249954366
126,443,194,252.6697449240807
195,515,265,253.2212471338059
298,536,507,253.4324367558344
214,534,294,255.38402455909414
68,322,150,255.63450471327224
212,534,291,256.70216204777086
84,47,397,257.12448347055556
303,346,660,258.43567865138124
197,520,263,258.49564793241683
309,353,659,258.68320393871727
78,45,387,259.6247291765559
328,442,626,260.547500467765
106,48,454,260.64727123068064
82,43,397,261.1225765804252
64,321,144,261.5530538915575
116,49,464,261.7365087258558
31,123,214,263.1387466717891
312,351,664,263.2299375071156
115,47,464,263.68541863364385
110,427,170,265.24328455212583
337,443,631,265.32432983049256
321,534,539,266.1879035568671
300,316,671,266.27053911388697
127,451,182,267.09174453734056
292,285,672,267.67517628648346
90,405,157,267.7778930382417
29,121,208,268.88287412923864
340,450,631,269.05761464786684
344,470,618,270.04629232781554
117,438,170,270.5198698801994
319,350,673,271.9191056178289
334,530,557,272.360055808483
142,470,189,272.4187952399761
58,320,133,272.47018185482244
62,325,132,273.80650101851126
307,569,482,275.9601420495358
302,570,479,276.1014306373656
59,323,129,276.65321252427196
323,350,679,277.8344831010003
352,494,608,278.044960393099
28,177,157,278.6269907959385
329,360,678,278.6844093235214
27,160,166,279.0286723618202
324,347,681,279.32955446926843
35,220,138,279.9017684831591
204,543,258,280.58866691297425
336,363,680,281.2578887782528
355,501,607,282.1577572919093
26,129,183,282.68179990936807
34,215,135,284.2903445423358
271,587,375,284.5856637288674
291,589,426,285.7726368986366
47,292,119,286.2516375499012
32,206,136,286.29530209208815
359,510,604,286.4210187817926
320,578,491,287.17938644686876
289,591,421,287.4456470360962
342,361,687,287.70297183032363
338,351,689,287.862814548875
103,428,145,288.05555019822134
105,430,145,288.9221348391293
339,349,691,289.5185658986311
33,217,128,290.34117861577954
243,585,326,291.8938163099726
350,368,690,292.0975864330276
351,368,692,294.0493155917898
295,597,430,294.06461874900896
30,206,127,294.76770515102226
24,138,161,295.1135374732918
297,598,431,295.14742079171214
354,368,694,296.00168918436935
368,492,634,296.2853354454115
369,470,651,296.76927064640637
23,135,161,296.8113879216901
22,133,161,297.9546945426435
372,507,624,298.6134625230417
310,600,446,298.82603634890984
311,600,448,299.1070042643602
374,485,647,302.2002647252315
253,596,325,302.76063152266016
261,600,332,304.8688242506931
332,297,710,305.08031729365956
19,131,153,305.6681206799296
377,492,647,306.44412214953644
18,130,152,307.05862632402955
335,294,712,307.1628232713067
95,424,122,307.3906309567681
304,611,426,307.7174028227848
179,520,185,308.3115307606902
325,277,713,309.1811766586058
301,613,422,309.46728421595714
264,605,330,310.20315923600776
380,511,638,311.66969695496545
263,606,327,311.91024349963243
225,579,257,312.2963336320169
16,107,162,312.8226334522488
17,100,167,313.4645115479582
15,107,160,314.37875246269425
14,110,157,314.8650504581288
331,273,719,315.5265440497835
327,616,453,315.67071451118176
345,292,721,316.22776601683796
383,499,654,316.2688729546428
269,611,328,316.5090835979277
38,277,89,317.1513834117707
277,614,336,317.58620876857987
11,114,150,318.0015723231569
386,517,643,319.394740094448
37,274,87,319.41195970094793
330,621,451,320.3201523476161
388,490,666,320.4949297570868
333,621,453,320.6134744517142
270,615,326,320.87692344573486
8,109,150,321.01401838549043
384,554,608,322.03881753602315
343,278,726,322.051238159396
341,275,726,322.3073067741406
349,289,727,322.3491895445062
317,626,423,322.50271316688173
347,283,727,322.6840560052511
356,302,729,324.0061727807049
306,629,401,325.0246144525057
322,631,422,327.44159784608917
353,286,732,327.4950381303509
375,602,543,328.40219244091537
362,623,491,330.3891644712338
393,528,650,331.96535963862254
213,573,209,332.8317893471115
203,567,200,333.45764348714516
326,638,421,334.38301392265726
182,535,162,335.2760057027642
12,161,101,335.9538658804211
357,278,740,336.0074403938103
208,573,199,338.8170597830044
392,424,722,338.9527990738533
9,158,99,339.0457196308486
382,611,549,339.09438214160963
13,167,94,339.83819679370947
5,149,102,340.3439436805068
395,424,724,340.82400150224163
36,262,66,341.5918617297549
10,164,93,341.970758983864
7,157,93,344.89563638874876
346,648,430,344.90723390500233
20,188,78,346.96541614403014
361,648,454,347.47230105434306
25,201,72,348.5656322703086
4,146,94,348.8337713008877
3,143,95,349.31504405049606
358,651,447,349.53254497972
360,651,449,349.7785013404912
396,382,748,351.75701840901485
6,162,83,351.9204455555261
21,198,64,357.0952253951318
401,577,636,357.6171136844544
279,644,294,357.66045350303966
2,146,84,357.777864044158
187,546,139,359.6109008358896
387,652,508,362.922856816707
186,547,131,366.23080154459973
184,546,130,366.31816771762766
402,620,596,369.23840536975564
231,613,199,371.3717813727909
410,484,730,371.51715976519847
409,438,754,373.84087523972016
257,640,240,374.3273968065923
233,616,198,374.42355695121535
414,505,722,375.3531670307312
404,625,600,375.5875397294218
417,506,724,377.5778065511796
418,505,726,378.73737602724134
389,677,479,380.26964117583725
416,471,747,380.5955858913763
1,139,62,380.6231732304275
299,673,309,381.2833591962807
407,634,596,381.2886046028651
0,136,62,381.93324023970473
223,603,165,383.40709435272584
403,656,561,385.01948002666046
420,483,746,385.12595342303274
222,602,160,385.78361810735305
411,631,613,387.54741645378056
415,627,621,388.5678833871889
421,470,757,389.17862222891944
398,679,510,389.4226495724151
425,542,714,390.03204996512784
229,617,172,390.2025115244647
399,681,508,390.8170927684714
422,461,763,390.9130338067535
413,641,604,391.3693907295255
426,568,695,392.1683312048539
412,647,597,393.0814165029937
400,680,521,393.48697564214245
221,604,150,393.7321424522006
201,586,129,394.58839313897715
370,699,396,395.102518341759
376,700,413,396.0807998376089
419,638,618,396.13760235554514
378,700,416,396.15274831812036
427,482,759,396.23225512317896
224,614,156,397.6191645280695
200,583,121,398.11681702736445
428,463,771,399.0451102319135
226,617,155,400.5858210171698
430,467,771,400.65571255131255
436,550,723,402.0447736260229
258,653,204,402.7430942921306
437,552,723,403.27162062312294
434,477,772,405.73143826920784
435,477,773,406.63620104461927
234,628,159,406.80707958441434
238,631,159,409.2004398824615
288,683,243,412.1710809845834
285,682,233,415.29266788615473
438,480,782,416.0588900624526
439,587,710,416.06970569845623
397,720,433,416.94124286282835
290,687,238,417.8253223537319
405,712,497,418.2439479538228
294,692,245,419.69512744371957
406,714,497,420.1951927378513
363,719,338,420.37364332222353
367,722,350,421.6028937282096
424,700,553,422.7528828996912
373,725,352,424.3229901855425
366,724,344,424.4066446228193
293,693,234,424.9258758889602
440,598,717,428.69569626951005
408,726,482,428.967364726036
364,730,326,433.26319945271143
381,737,360,435.332057170156
365,732,323,435.7843503385591
262,669,166,436.2866030489591
371,735,327,438.0011415510238
244,658,144,439.8147337231894
441,649,679,440.56895033581293
442,661,669,444.010135019461
316,717,241,444.3703410444941
252,666,139,449.22154890432404
444,675,660,450.1844066602041
255,667,138,450.61957347634154
390,753,363,450.9600869256613
391,754,364,451.8639175681103
445,675,665,453.03531871146646
394,756,363,453.94713348582786
443,702,628,456.2159576341012
237,642,97,457.28328200361756
385,756,330,458.1800955956075
449,670,681,458.40157067793734
447,704,635,461.41087980237313
314,725,210,463.9676712875586
448,710,632,465.15051327500436
432,763,488,466.44399449451595
433,763,491,466.98715185752167
446,722,614,467.33820729745605
272,687,132,470.33817620941636
276,689,132,471.96821926905204
348,749,224,480.40191506695726
423,790,415,486.1028697714096
451,645,752,486.5079649913247
450,724,658,490.3152047407871
313,737,165,495.0646422438185
429,800,415,496.1007962098025
315,738,164,496.42421375271374
318,741,164,499.0490957811666
431,803,416,499.12122775934904
379,780,245,502.17128551919416
286,714,112,503.9335273624886
452,705,711,504.4174858190386
