306,350,680,5.0
304,347,681,6.708203932499369
296,350,666,9.0
294,347,665,10.44030650891055
309,345,685,11.180339887498949
312,361,679,11.704699910719626
317,351,689,14.035668847618199
293,353,661,14.317821063276353
316,364,681,15.231546211727817
285,346,660,15.524174696260024
318,349,691,16.0312195418814
320,361,687,16.278820596099706
328,368,694,26.1725046566048
329,368,695,26.90724809414742
282,316,671,34.23448553724738
313,297,710,63.51377803280167
275,285,672,65.06919393998976
331,303,729,71.58910531638176
253,299,623,72.83543093852057
244,299,616,77.98717843338096
242,299,615,78.74642849044012
370,382,748,79.7057087039567
325,289,727,80.15609770940699
305,277,713,82.29823813423954
324,285,727,83.24061508662703
327,286,731,85.0411665018772
322,280,726,86.6083136886985
364,424,721,87.13208364316786
311,274,719,87.8179936004006
368,424,723,88.20430828479978
232,283,616,89.27485648266257
287,418,617,89.37561188601732
319,275,726,90.69729874698585
228,344,581,94.19129471453293
227,344,580,95.1892851112981
332,278,740,97.0
229,265,622,100.16985574512923
265,403,582,107.0420478129973
277,429,599,109.62207806824317
221,301,576,110.46266337545913
267,412,583,110.9414259868693
216,295,574,115.00434774390054
340,468,650,120.61923561356207
321,470,618,132.84953895290718
347,485,647,137.87313008704777
362,490,666,140.28898745090436
249,414,550,140.4314779527724
386,472,748,142.1724305201258
350,492,647,144.734239211045
341,490,634,145.8800877433243
390,470,758,145.90750494748377
380,485,731,146.15402833996743
207,307,533,148.36778626103444
395,465,771,149.80320423809366
204,296,535,150.05332385522155
356,499,654,150.4725888658795
396,467,771,151.34397906755325
270,452,563,151.4859729479928
389,484,747,152.11837495845134
205,315,524,155.00322577288512
394,482,760,157.0
197,308,522,158.66001386612822
326,494,608,158.8238017426859
195,300,524,159.0628806478746
193,255,546,160.20611723651504
399,477,773,160.41508657230466
400,477,774,161.02794788483146
191,298,521,162.5423021862309
385,505,725,162.8649747490233
210,348,512,163.01226947687098
343,507,624,165.07574019219177
354,511,638,165.19685227025363
209,350,509,166.0
330,502,606,166.9281282468596
403,480,782,168.37161280928564
359,516,645,168.68906307167634
188,297,512,171.40011668607463
334,511,604,175.96022277776305
200,203,574,178.35358140502814
367,528,650,179.7470444819608
186,268,514,180.6792738528689
184,269,509,184.70787747142785
251,455,518,188.875620449014
392,541,713,194.74342094150447
291,505,552,197.87369708983556
240,455,507,198.1136037731887
260,473,514,202.6079958935481
256,474,511,205.60155641434235
259,475,511,206.20620747203515
183,190,538,210.63950246807934
401,557,719,211.62466774929618
402,559,719,213.58136622842358
230,462,493,213.70072531463248
357,554,608,214.72074888095935
314,530,557,215.23010941780427
266,491,510,217.03916697223107
176,197,521,217.0829334609241
234,467,492,217.20497231877542
393,568,695,218.91550881561588
182,180,536,219.59280498231266
263,492,507,219.97272558205938
250,478,496,220.05681084665386
194,392,458,221.0271476538572
169,205,508,221.16509670379727
168,201,508,223.80795338861395
171,307,455,224.1628872048181
175,183,524,225.1443981093023
172,185,519,227.0704736419951
170,185,518,227.75864418282788
301,534,539,228.80559433720146
268,509,507,231.3114783144148
165,230,475,233.23807579381202
375,580,634,233.62576912660984
173,167,528,234.72963170422264
404,587,710,239.5704489289111
222,458,461,239.70815588961506
218,456,458,241.50569351466643
217,457,457,242.84357104934855
153,245,455,243.77243486497812
163,283,439,245.3263133053607
162,284,438,246.01829200285087
160,282,438,246.5623653358314
166,168,503,250.4156544627352
280,536,507,250.63918289046507
164,301,429,250.83261350948763
167,166,504,251.19116226491727
161,294,430,251.31852299422738
237,493,468,251.5909378336191
150,279,433,252.20031720836514
405,599,719,252.85766747322495
151,283,431,253.03161857759991
147,276,432,254.01771591761076
149,283,429,254.9607812978302
146,275,431,255.266527378738
152,289,427,255.3918557824427
158,307,418,260.5724467398654
157,308,416,262.3833073958784
154,307,416,262.54523419784255
142,287,419,263.6380093992518
137,281,418,266.101484400219
148,305,412,266.8220380703213
141,296,412,268.48649872945197
159,321,408,268.5702887513807
140,294,412,268.895890634275
144,302,409,270.29613389761977
143,305,406,272.7379694871985
156,327,401,274.96363395911106
131,284,407,276.00724628168734
211,459,421,276.40007235889067
136,300,403,276.55740814521675
135,296,403,277.308492477241
134,297,402,278.09710534272017
384,627,621,282.21445746098834
145,322,394,282.39157211220027
225,509,441,282.90811229089917
376,622,596,283.24018076537095
348,602,543,284.47847018711275
231,512,441,284.60498941515414
133,307,392,286.2481440987871
233,515,441,286.32324390450736
130,295,394,286.33197516169935
381,631,613,287.75857936819193
132,309,390,287.9340202199108
243,521,443,288.20999288713085
358,612,551,289.8620361482338
127,297,388,291.8527025744322
288,569,482,291.9075196016711
214,487,417,292.11812679120067
300,578,491,292.9846412356798
388,638,618,293.58644382872995
289,571,480,294.7303852676205
378,634,596,294.7829710142701
246,527,439,295.0
387,639,611,296.00168918436935
114,239,397,299.3409427392117
383,641,604,299.5363083167047
235,524,431,299.6865028659115
138,105,496,303.4237960345233
382,647,597,307.0716528760022
178,417,372,310.31919051196303
101,191,408,310.75713990188547
100,207,399,310.84562084739105
406,661,669,311.05787242890995
128,96,482,319.00626953086675
94,202,388,322.9133010577297
93,206,385,323.7838785362854
208,486,380,324.8399605959833
409,675,665,325.1538097577822
408,675,660,325.3459696999488
377,656,561,326.5455557805067
226,539,404,330.39673121869714
110,296,349,330.44212806480954
336,624,490,330.6070174693816
90,177,392,331.68961394653286
206,486,372,332.12196554880256
292,599,449,336.2692373679162
290,599,447,337.6166465090251
413,688,693,338.47895060106765
124,340,336,339.1474605536654
199,486,364,339.43629741086914
96,111,428,343.70045097439134
361,652,508,345.0985366529392
273,589,426,345.14055108028094
307,616,453,346.4678917302439
278,597,432,346.49386718959397
279,598,431,347.90803382503253
88,133,402,348.7377237982722
272,591,421,350.1385440079398
315,622,454,350.46397817750113
310,621,451,351.5920931989228
407,702,628,355.12392203285884
102,315,321,355.72601816566635
411,704,635,356.2527192878673
415,705,711,356.8206832570108
286,611,426,360.72427143179596
89,283,320,361.2672141227321
412,710,632,362.5589607222527
283,611,423,362.80159867343474
86,161,365,363.0716182793692
374,680,523,363.3235472688221
99,316,313,363.59317925395686
98,317,311,365.4928179868929
116,50,465,366.1966684720111
373,680,512,368.06113622603516
80,203,337,368.5824195481928
115,47,465,368.6583784481237
120,360,306,369.1354764852601
129,384,307,369.56731457205467
335,648,455,370.4105830021599
391,700,553,370.6534769835567
372,681,508,370.74249823833253
117,357,303,372.0658543860213
121,363,303,372.22708122865
414,724,658,374.3861642742691
108,47,455,374.44492251865296
95,319,300,376.27915169458964
333,651,449,376.4000531349591
410,722,614,376.9681684174408
303,632,423,378.1904282236662
363,677,479,381.24139334547607
257,588,375,382.94124875756074
104,344,292,383.0469945058961
308,638,422,383.344492591194
323,649,431,385.923567562283
74,198,317,388.9318706406046
284,628,400,391.03580398730753
123,385,282,394.55544604022384
105,358,277,398.08039389048037
72,143,334,398.911017646793
84,53,397,406.80830866637916
112,376,266,409.82557265256156
78,59,386,410.1243713801949
63,128,330,410.2547988750406
85,47,398,410.5337988521773
79,280,269,411.9902911477405
87,41,402,412.3226891646881
83,44,398,412.7529527453438
76,56,382,415.0722828616722
77,46,388,418.07296013973445
109,376,256,419.80590753346956
223,585,327,419.9154676836756
75,57,372,421.49495845146237
203,535,296,421.7416270656716
379,726,482,422.6405091800832
73,59,368,423.0011820314454
71,71,357,423.0425510513097
92,354,251,424.01886750473733
245,600,332,424.4396305718871
70,68,357,425.02705796219607
202,535,292,425.3398641086913
69,71,353,426.0575078554537
68,70,353,426.7130183155888
252,606,331,428.8029850642367
262,614,337,428.8822682275405
236,597,324,429.19692449969864
62,239,258,431.52056729662377
248,606,327,432.0185181216194
66,62,352,432.7505054878619
254,611,328,434.20041455530645
54,228,258,434.4801491437785
55,72,341,434.5572459411993
352,701,417,435.62024746331525
53,70,339,437.3739818507726
351,701,414,437.4037036880232
255,615,327,437.41170537606786
52,71,336,439.04669455537413
59,245,248,439.7203656871035
58,244,248,439.9602254749854
51,207,258,440.83783866632865
50,208,257,441.4612100739996
185,515,265,441.955880150949
371,720,433,442.11310769982833
49,209,254,443.9842339543151
187,520,263,445.69496295111975
344,700,398,446.3507589329271
41,155,270,449.4997219131509
40,154,270,449.9344396687144
397,763,492,451.7277941415604
398,765,489,454.77576892354324
48,227,237,454.9428535541579
44,206,242,456.31677593531447
192,543,260,457.68329661459137
119,421,214,466.4354188952636
47,241,221,466.9014885390707
39,207,230,467.4120238076894
45,240,217,471.0244155030607
46,243,216,471.30669420240577
155,470,218,472.49232798004243
36,87,280,474.54609891979936
212,579,257,476.6182959140364
42,227,214,477.12681752339176
38,219,215,478.2896611886985
37,215,215,479.40066750057827
264,645,292,483.43975839808627
122,435,197,485.4987126656465
82,350,188,487.0
125,443,196,487.94466899434406
81,350,187,488.0
281,673,309,488.14444583545145
113,422,191,489.3260671576776
107,414,187,492.1788292887048
345,727,350,497.74893269599283
349,731,353,498.84366288447524
355,738,361,499.13925912514634
139,470,190,499.62485926943225
337,720,338,500.4687802450818
126,451,184,501.28036067653795
346,731,346,503.39050447937535
111,426,172,508.70915069418595
365,754,364,509.8401710340212
366,755,364,510.63294057473416
369,756,363,512.0351550430888
31,122,216,512.5085365142711
118,438,170,512.609988197655
201,573,210,515.7072813137313
338,730,326,515.9467026738324
174,521,187,517.0928349919384
342,735,327,518.9691705679635
28,121,209,519.227310529791
339,733,324,519.5093839383462
91,405,157,520.9117007708696
241,640,240,522.8049349422785
60,316,153,523.106107783115
196,571,200,523.8950276534413
198,574,200,525.1675922979254
65,322,150,525.7461364575112
61,321,144,531.7913124525447
360,758,331,533.6665625650534
103,428,147,533.730268956146
106,430,147,534.0262165849164
25,129,184,538.4440546612062
67,331,135,540.3341558702356
56,321,135,540.7781430494394
64,328,133,542.4463107073362
215,614,201,542.5605956941583
26,160,166,543.3056230152602
177,536,164,543.7986759822057
27,177,159,544.2288121737033
57,323,131,544.6696246349708
271,683,243,545.4475226820633
219,618,198,547.1316112234789
274,688,240,550.8802047632498
34,220,138,552.5115383410558
97,425,127,553.1084884541187
24,138,162,555.0792736177419
22,134,162,556.6192594583841
33,215,135,556.6192594583841
21,135,161,557.1543771702776
30,206,136,557.9041136252716
43,293,118,559.9089211648624
276,695,234,559.9160651383384
32,217,128,562.9369414064065
18,131,153,566.078616448281
15,100,167,566.1837157672411
29,206,127,566.6039180944657
16,109,162,566.7892024377317
17,129,152,567.7763644252902
14,106,162,568.0712983420303
181,545,140,569.4295391003175
213,617,171,570.3551525146415
13,110,157,570.8975389682461
10,114,150,575.6048992147305
7,109,150,577.6729178349977
180,547,131,578.5715167548434
179,546,130,579.1726858200411
190,585,131,592.5883900313944
295,723,211,595.3360395608518
247,669,168,599.0075124737585
189,585,123,599.9408304158003
11,161,101,604.3153150467064
8,158,99,607.1573107523288
4,149,102,607.2314221118667
353,781,246,608.1134762525824
12,167,94,609.1387362497971
9,164,93,610.9991816688464
6,157,93,613.1663722025206
224,658,144,613.8607333915405
2,143,96,614.8902341068689
3,146,94,615.7734973186164
35,260,65,616.6036003787198
19,190,79,617.1029087599571
23,200,75,618.4658438426491
239,668,143,619.7967408755874
5,162,84,620.1814250685037
238,668,142,620.6552988575864
20,199,67,626.4702706433882
258,687,134,637.3774391990981
261,689,134,638.4371543072975
297,737,165,640.2101217569119
298,738,164,641.6112530185237
299,741,166,641.8426598474115
220,643,99,646.2391198310421
0,136,63,648.3363324694984
1,138,62,648.6239280199275
269,714,114,668.7428504290718
