172,185,519,1.0
175,183,524,6.324555320336759
176,197,521,12.36931687685298
182,180,536,18.681541692269406
168,201,508,18.867962264113206
173,167,528,20.591260281974
183,190,538,20.615528128088304
169,205,508,22.360679774997898
166,168,503,22.67156809750927
167,166,504,23.600847442411894
200,203,574,58.82176467941097
165,230,475,62.24146527838174
193,255,546,75.39230729988306
138,105,496,82.96987405076617
186,268,514,83.09632964216891
184,269,509,84.48076704197234
153,245,455,87.0
128,96,482,96.00520819205592
101,191,408,110.16351483136329
188,297,512,112.16059914247963
204,296,535,112.29425630903836
191,298,521,113.03981599418853
195,300,524,115.15641536623133
96,111,428,116.51609330903607
100,207,399,121.01652779682617
207,307,533,122.9186723000212
197,308,522,123.06502346320826
216,295,574,123.43419299367578
146,275,431,125.1758762701504
147,276,432,125.2078272313676
160,282,438,125.73384588089239
163,283,439,125.87692401707312
90,177,392,126.25371281669304
150,279,433,126.73200069437868
88,133,402,127.12198865656563
162,284,438,127.283148923964
221,301,576,129.6919426949878
205,315,524,130.13838787997952
151,283,431,131.04579352272242
94,202,388,131.10682667199293
229,265,622,131.20975573485381
149,283,429,132.38202294873727
114,239,397,132.5028301584536
93,206,385,134.6476884316994
171,307,455,137.3062270984095
152,289,427,138.19189556555045
232,283,616,138.59292911256333
137,281,418,138.62178760930766
161,294,430,140.089257261219
142,287,419,142.1442928857856
116,50,465,145.03103116229988
164,301,429,146.2087548678259
115,47,465,147.82760229402356
131,284,407,148.73466307488647
242,299,615,149.68299836654796
244,299,616,150.33296378372907
108,47,455,151.7003625572464
140,294,412,152.04275714416653
141,296,412,153.48289807011074
86,161,365,154.8709139896837
253,299,623,154.98709623707387
158,307,418,157.74663229368798
154,307,416,159.02201105507376
157,308,416,159.7904878270293
135,296,403,159.8311609167624
144,302,409,159.90622251807463
148,305,412,160.11246047700348
134,297,402,161.24515496597098
136,300,403,162.63455967290594
210,348,512,163.11039206623224
143,305,406,164.14627622946554
209,350,509,165.24527224704494
130,295,394,165.75886099994776
227,344,580,170.66048165876012
228,344,581,171.0263137648707
127,297,388,171.5925406304132
159,321,408,174.91712323268982
133,307,392,175.38529014715002
132,309,390,178.2133552795637
84,53,397,179.06702655709677
80,203,337,181.89282558693733
78,59,386,182.4828759089466
85,47,398,182.87700784953805
275,285,672,183.61917111238685
156,327,401,183.99184764548673
145,322,394,184.78365728602733
87,41,402,184.91078930121952
83,44,398,185.15128949051368
76,56,382,187.44865963777923
72,143,334,188.73261509341728
77,46,388,190.31815467789718
75,57,372,194.164878389476
73,59,368,195.8979326077741
63,128,330,196.45101170520857
71,71,357,197.27392123643713
70,68,357,199.0226117806718
69,71,353,200.55173896029922
68,70,353,201.12185361118767
74,198,317,201.41995928904365
282,316,671,201.41995928904365
110,296,349,202.19297712828703
66,62,352,206.60348496576722
55,72,341,209.99523804124703
53,70,339,212.7580785775243
285,346,660,214.67417171145672
52,71,336,214.75567512873786
194,392,458,215.5203006679417
305,277,713,215.61307938063499
294,347,665,218.7532856896097
311,274,719,219.8226557932553
293,353,661,220.61958208645035
89,283,320,220.92532675091826
296,350,666,221.65062598603234
313,297,710,222.27910383119686
319,275,726,226.6362724719942
265,403,582,227.2003521124032
302,350,675,227.75864418282788
322,280,726,228.66788143506292
304,347,681,229.8107917396396
249,414,550,231.22499864850255
306,350,680,231.23364807051763
309,345,685,231.27689032845456
324,285,727,231.69160537231383
325,289,727,233.44592521609795
327,286,731,235.73289969794203
102,315,321,236.02754076590298
267,412,583,236.1228493814184
317,351,689,238.32121181296472
318,349,691,238.37994882120435
312,361,679,238.53092042752024
124,340,336,239.0585702291386
332,278,740,240.69275020241054
331,303,729,241.75400720567177
316,364,681,242.09502266672067
99,316,313,243.28172968803062
320,361,687,244.00204917172314
98,317,311,245.50560075077718
41,155,270,249.80792621532248
40,154,270,249.92999019725505
287,418,617,253.16002844051033
328,368,694,253.899586451022
329,368,695,254.5937941113255
95,319,300,255.8906016249913
277,429,599,257.0933682536366
36,87,280,257.3868683519033
51,207,258,260.9291091465266
50,208,257,262.01145013147806
54,228,258,263.53178176455305
49,209,254,265.08866441249427
62,239,258,265.5484889808262
79,280,269,266.50703555441083
251,455,518,270.0
240,455,507,270.22398117117586
270,452,563,270.7655812691118
178,417,372,274.11676344215067
120,360,306,274.8981629622141
117,357,303,275.3343422096125
104,344,292,276.3277040037788
58,244,248,276.37112729082247
59,245,248,276.5863337187866
44,206,242,276.7977601065442
218,456,458,277.5626055505316
230,462,493,278.12587078515367
217,457,457,278.7561658510893
222,458,461,278.88707392061036
121,363,303,279.12183719659055
234,467,492,283.1960451701259
48,227,237,284.1214529035075
260,473,514,288.0277764383151
39,207,230,288.8390555309306
256,474,511,289.0847626562147
129,384,307,290.03792855418067
259,475,511,290.0844704564517
211,459,421,290.66303514551004
250,478,496,293.82477771624366
105,358,277,296.66479400158016
321,470,618,302.03476621077914
47,241,221,302.2333535531775
370,382,748,302.8349385391322
37,215,215,304.48152653322006
38,219,215,304.90162347878703
45,240,217,305.9836596944353
266,491,510,306.10455730027934
42,227,214,306.88760157425713
263,492,507,307.19700519373555
46,243,216,307.5191050975532
31,122,216,308.5012155567624
123,385,282,309.34770081576494
237,493,468,312.03204963593083
340,468,650,312.27071588607214
364,424,721,313.5761470520358
368,424,723,314.8745782053546
28,121,209,315.5582355128764
92,354,251,315.9905061864992
112,376,266,316.2040480449294
214,487,417,318.44151739369664
291,505,552,321.80118085550896
326,494,608,321.8400223713639
268,509,507,324.18667461818967
109,376,256,324.2298567374695
341,490,634,326.31426570102633
347,485,647,326.5593361090753
330,502,606,328.9878417206326
208,486,380,331.1268639056638
350,492,647,333.0015014981164
225,509,441,333.02402315748935
206,486,372,334.53998266276034
231,512,441,335.9434476217686
334,511,604,337.1527843574779
199,486,364,338.10797092053303
25,129,184,338.6620734596657
233,515,441,338.864279616486
343,507,624,338.9985250705377
362,490,666,339.01179920468843
356,499,654,342.18708333307967
243,521,443,344.26879033685293
314,530,557,347.1973502203034
354,511,638,347.38451318387814
301,534,539,349.6312343026578
235,524,431,349.9857139941572
246,527,439,351.0056979594491
280,536,507,351.17232237179513
26,160,166,352.88666735936624
359,516,645,354.52785504103906
24,138,162,359.0891254271006
27,177,159,359.0891254271006
22,134,162,359.63453671748493
21,135,161,360.4843963336
15,100,167,361.14540008146304
16,109,162,364.0219773585106
14,106,162,364.6601157242179
367,528,650,367.52278840909986
386,472,748,367.78934187928826
380,485,731,367.92526415020757
13,110,157,368.7085569931894
82,350,188,368.9512162874653
18,131,153,368.9728987337688
81,350,187,369.845913861435
17,129,152,370.25936855129
226,539,404,371.9032132154816
390,470,758,372.5922704512266
10,114,150,374.78660595063957
7,109,150,375.7658845611187
389,484,747,376.61917104682817
395,465,771,377.37117006999887
396,467,771,378.85749299703707
357,554,608,379.81706122816547
385,505,725,381.1154680670938
34,220,138,381.6084380618437
30,206,136,382.57678967757573
394,482,760,383.109644879896
33,215,135,384.1731380510615
119,421,214,384.8532187730798
288,569,482,385.6838083197167
399,477,773,387.6712524807585
60,316,153,387.7963383014337
289,571,480,387.86595622714816
400,477,774,388.329756778952
32,217,128,391.31061830724707
29,206,127,391.56353252058597
65,322,150,392.674165180242
300,578,491,393.92638906272833
403,480,782,395.8800323330289
61,321,144,397.9597969644673
107,414,187,402.4947204622689
113,422,191,403.8539339909914
392,541,713,405.90762495917716
56,321,135,406.42957569547025
122,435,197,406.8673002343639
67,331,135,409.8841299684583
64,328,133,410.69940345707835
57,323,131,410.86859213135284
375,580,634,411.6807015151427
125,443,196,412.6111971335727
155,470,218,413.7934267240116
43,293,118,414.32354507075746
273,589,426,414.34285320251394
203,535,296,414.46833413422553
185,515,265,415.8232797715876
202,535,292,416.6245312028566
272,591,421,417.42664026149555
4,149,102,417.5547868244358
11,161,101,417.6900764921283
348,602,543,417.7487283044677
292,599,449,419.71061459057717
8,158,99,419.86902719776793
290,599,447,420.04404530953656
278,597,432,420.880030412468
187,520,263,421.0106887004177
111,426,172,421.65981549111365
393,568,695,421.921793701155
279,598,431,422.0639761931833
91,405,157,422.75406562208246
401,557,719,422.8297529739363
2,143,96,424.084897160934
12,167,94,424.38190347845887
402,559,719,424.5903908474614
9,164,93,425.5185072355843
3,146,94,425.7898542708598
6,157,93,425.9213542427757
126,451,184,426.9800932127867
257,588,375,427.6189892883617
358,612,551,428.2732772424635
118,438,170,430.2476031310343
139,470,190,434.5215759890411
5,162,84,434.60901969471365
286,611,426,435.82106419951754
307,616,453,435.87383495686
283,611,423,436.4642024267282
19,190,79,439.0284728807461
336,624,490,439.8920322079044
310,621,451,441.1178980726128
192,543,260,441.2799564902082
315,622,454,441.6616351914665
23,200,75,443.25387759161225
223,585,327,443.2617736733002
103,428,147,443.4974633523849
376,622,596,443.90652169122274
106,430,147,444.5964462296117
404,587,710,445.49747474031767
20,199,67,451.21724257833944
384,627,621,453.84248368789804
245,600,332,454.77576892354324
236,597,324,455.38994279628093
378,634,596,455.7246975971348
381,631,613,456.00548242318314
303,632,423,456.9835883267582
0,136,63,457.6308556030723
1,138,62,458.4157501657202
284,628,400,458.44628911138545
97,425,127,458.78208334676714
35,260,65,459.1666364186318
405,599,719,460.21408061900934
252,606,331,460.66256631074333
248,606,327,462.30076789899454
308,638,422,463.06047121299395
387,639,611,463.42744847494737
388,638,618,463.9062405271134
383,641,604,464.03879148191913
262,614,337,465.62001675185746
254,611,328,466.45042609049034
361,652,508,467.10705411072524
335,648,455,467.266519237148
382,647,597,468.70566456999427
255,615,327,470.5114238783156
333,651,449,471.08067249676037
174,521,187,471.65347449160174
323,649,431,472.0857972868915
212,579,257,472.60660173129196
377,656,561,472.95877198758035
363,677,479,493.54331116934407
374,680,523,495.025251881154
373,680,512,495.036362300791
201,573,210,495.3867176257353
372,681,508,496.1007962098025
177,536,164,498.5147941636236
406,661,669,499.37661138663674
196,571,200,500.11998560345495
198,574,200,502.4390510300727
408,675,660,510.1607589770111
409,675,665,511.57501893661697
264,645,292,512.5192679304847
391,700,553,516.1879502661797
181,545,140,522.0
352,701,417,525.7917838840771
351,701,414,526.3762912593993
407,702,628,528.5726061762944
344,700,398,528.7958017987662
180,547,131,529.9179181722392
179,546,130,529.9669801034778
281,673,309,530.8719242905958
411,704,635,532.024435529046
413,688,693,532.5729996911222
241,640,240,533.2063390470897
215,614,201,533.4135356362829
412,710,632,537.2345856327569
219,618,198,538.4134099370111
371,720,433,541.7102546564907
379,726,482,542.1964588597015
410,722,614,545.5135195391587
213,617,171,554.1055856062092
415,705,711,554.6611578252077
190,585,131,556.5689534999235
414,724,658,556.8850868895664
189,585,123,562.1610089645136
337,720,338,564.468776815866
345,727,350,567.4398646552778
271,683,243,568.8839952046462
349,731,353,570.3867109251407
346,731,346,572.4508712544684
274,688,240,574.7112318373463
355,738,361,574.8547642665928
338,730,326,577.83129025694
397,763,492,578.5844795706155
398,765,489,580.7245474405228
339,733,324,581.3260702910201
342,735,327,582.2207485138262
276,695,234,583.7430941775672
365,754,364,589.4717974593865
366,755,364,590.4371262039676
369,756,363,591.6637558613845
247,669,168,597.2905490630168
360,758,331,602.742067554605
224,658,144,602.9966832412928
239,668,143,611.4850774957636
238,668,142,612.0988482263302
295,723,211,619.4295763038765
220,643,99,620.7455195166534
258,687,134,632.0284803709402
261,689,134,633.6181815573161
353,781,246,655.133574166368
297,737,165,655.2198104453191
298,738,164,656.6010965571105
299,741,166,658.0577482257921
269,714,114,665.6252699529969
