17,129,152,2.23606797749979
21,135,161,8.94427190999916
22,134,162,9.486832980505138
24,138,162,11.40175425099138
10,114,150,17.26267650163207
13,110,157,21.37755832643195
7,109,150,22.20360331117452
16,109,162,23.769728648009426
14,106,162,26.570660511172846
25,129,184,31.064449134018133
26,160,166,31.78049716414141
15,100,167,34.0147027033899
27,177,159,46.389654018972806
4,149,102,54.08326913195984
28,121,209,56.88585061331157
2,143,96,58.249463516842795
11,161,101,60.03332407921454
8,158,99,60.37383539249432
3,146,94,60.876925020897694
31,122,216,63.63961030678928
6,157,93,65.39113089708727
9,164,93,68.47627326307996
12,167,94,69.1158447825099
5,162,84,75.64390259630977
30,206,136,76.90253571892151
29,206,127,79.37883848986453
33,215,135,85.90692637965812
32,217,128,89.56003573022959
0,136,63,90.13878188659973
34,220,138,90.2551937563706
1,138,62,91.26883367283708
19,190,79,94.64142856064674
23,200,75,104.1393297462587
37,215,215,104.4030650891055
38,219,215,107.64757312638311
39,207,230,108.18964830333815
20,199,67,109.63576058932597
42,227,214,113.74093370462545
44,206,242,116.3872845288522
40,154,270,119.23925528113634
41,155,270,119.4361754243663
45,240,217,126.40015822774906
48,227,237,127.5617497528158
49,209,254,127.61269529321916
46,243,216,128.50291825480073
47,241,221,129.3213052826177
50,208,257,129.40247292845683
51,207,258,129.61867149450345
36,87,280,134.40610105199838
54,228,258,142.9475428260311
58,244,248,147.6279106402309
59,245,248,148.39474384222643
62,239,258,150.6286825275983
35,260,65,156.1569723067145
43,293,118,165.73774464496614
63,128,330,177.02542190318317
74,198,317,177.15812146215595
72,143,334,181.39735389470266
60,316,153,185.0
79,280,269,188.83061192507955
61,321,144,190.21303845951255
56,321,135,190.85072700935672
65,322,150,191.02355875650522
52,71,336,192.5850461484484
57,323,131,193.25630649476875
53,70,339,195.74728606036916
55,72,341,197.0406049523803
80,203,337,197.5854245636555
64,328,133,198.01262586006985
67,331,135,200.80836635957178
69,71,353,208.806130178211
68,70,353,209.0956718825141
66,62,352,210.62288574606512
71,71,357,212.6405417600322
70,68,357,213.50644018389704
86,161,365,214.11212016137713
81,350,187,221.6235547048192
82,350,188,221.77916944564473
89,283,320,225.8162970203878
73,59,368,226.73552875542023
75,57,372,231.16444363266598
95,319,300,238.64827675891564
76,56,382,240.96887765850593
90,177,392,243.38652386687312
92,354,251,243.58366119261777
93,206,385,243.82165613415063
78,59,386,243.87086746883074
98,317,311,244.0491753725056
99,316,313,244.59149617270018
94,202,388,245.4913440429214
88,133,402,249.00803199896987
102,315,321,249.15858403835898
77,46,388,249.899979991996
104,344,292,254.34228905158497
84,53,397,256.1640099623677
110,296,349,256.20499604808646
100,207,399,257.47232861028
105,358,277,258.6600085053737
85,47,398,259.0
83,44,398,259.9884612824192
101,191,408,261.9637379485947
87,41,402,264.7659343646761
109,376,256,265.7705777545739
114,239,397,266.8332812825267
112,376,266,269.80363229578654
117,357,303,271.2489631316588
91,405,157,274.02919552485645
120,360,306,275.40878707840824
96,111,428,275.72631357924473
121,363,303,276.26798583983634
124,340,336,277.79488836189915
123,385,282,284.8806767753826
107,414,187,285.0350855596553
127,297,388,287.7168747223562
130,295,394,291.50814739900494
113,422,191,293.47061181658376
97,425,127,295.14742079171214
111,426,172,295.6112311804137
129,384,307,296.1840643923977
119,421,214,296.346081465573
132,309,390,296.40006747637557
131,284,407,296.52150006365474
133,307,392,296.8113879216901
103,428,147,297.0605998782067
106,430,147,299.06019460971396
134,297,402,299.2607558635111
135,296,403,299.5413160150032
136,300,403,301.7631521574495
137,281,418,304.50779957170226
140,294,412,306.0228749619871
143,305,406,307.05862632402955
141,296,412,307.09281984442424
122,435,197,307.1677066359678
118,438,170,307.4703237712544
145,322,394,307.5093494513622
144,302,409,307.8587338374534
142,287,419,308.3699077406873
148,305,412,312.0208326378224
146,275,431,313.0814590485997
108,47,455,313.4645115479582
147,276,432,314.4296423685273
125,443,196,314.9492022533158
149,283,429,315.08728949292765
156,327,401,316.10124960208555
152,289,427,316.29100524675056
154,307,416,316.45694809878955
150,279,433,316.7080674690811
151,283,431,316.84065395715874
157,308,416,317.0141952657641
159,321,408,318.0015723231569
158,307,418,318.12104614438823
161,294,430,321.4000622277475
126,451,184,321.49805598168086
116,50,465,322.34298503302347
160,282,438,322.53061870154283
153,245,455,322.80024783137947
115,47,465,323.10988842807024
162,284,438,323.47179166041667
163,283,439,323.88269481403296
164,301,429,324.154284253656
128,96,482,330.8564643467013
165,230,475,336.8753478662397
139,470,190,341.0131962256006
138,105,496,343.98401125633734
155,470,218,345.1753177734468
171,307,455,349.54255821001254
166,168,503,351.95028057951595
167,166,504,352.74069796381593
178,417,372,360.2179895563241
168,201,508,361.83559802761255
169,205,508,362.63066610533645
170,185,518,368.9728987337688
172,185,519,369.9621602272319
176,197,521,373.87163572541846
175,183,524,374.626480644388
173,167,528,376.7240369288904
184,269,509,381.81147180251145
182,180,536,386.1217424595512
186,268,514,386.1217424595512
183,190,538,389.4945442493386
174,521,187,391.4792459377636
188,297,512,395.5211751600665
185,515,265,400.0
194,392,458,401.42994407492824
191,298,521,404.120031673759
187,520,263,404.2536332551632
177,536,164,405.14935517658176
195,300,524,407.6787951316575
197,308,522,409.255421466839
193,255,546,412.09828924663105
199,486,364,412.9721540249415
205,315,524,414.12196271146985
181,545,140,414.2040559917298
179,546,130,415.63686073302017
204,296,535,416.1117638327472
180,547,131,416.58132459341
206,486,372,417.11629073916544
209,350,509,417.96770210149015
207,307,533,418.7791780879274
210,348,512,419.48778289718996
208,486,380,421.37156999493925
211,459,421,423.5658154289602
192,543,260,425.6677107791945
200,203,574,427.1123973850443
202,535,292,427.2434902956393
203,535,296,428.5615475051396
196,571,200,442.5031073337226
214,487,417,443.2064981473083
198,574,200,445.4862511907635
201,573,210,445.66018444550326
218,456,458,445.70169396133105
217,457,457,445.7488081868531
222,458,461,449.2137575809539
216,295,574,451.81522772035913
190,585,131,454.53272709454046
189,585,123,454.99010978261936
221,301,576,455.8826603414523
212,579,257,459.9130352577539
230,462,493,474.51132757817277
225,509,441,475.2136361679871
227,344,580,477.1771159642927
234,467,492,477.3017913228485
231,512,441,477.60339194775406
228,344,581,478.07217028394365
226,539,404,479.02505153697336
237,493,468,479.86352226440385
240,455,507,479.88748681331543
233,515,441,480.0
235,524,431,481.3865390722927
215,614,201,485.37923317752274
243,521,443,486.00411520891464
223,585,327,486.2016042754281
213,617,171,486.33321909982664
232,283,616,487.31201503759377
249,414,550,487.54281863237406
229,265,622,487.7673625817947
250,478,496,487.9118772893318
251,455,518,488.05839814514
246,527,439,488.4792728458394
219,618,198,489.0746364308826
242,299,615,491.5973962502243
244,299,616,492.5373082315694
256,474,511,495.79532067174654
236,597,324,496.38392399432115
259,475,511,496.4876634922564
260,473,514,497.2775884754912
253,299,623,499.1232312766057
245,600,332,501.9980079641751
263,492,507,505.6055775008816
248,606,327,505.8665832015394
266,491,510,507.0
252,606,331,507.2563454507001
265,403,582,507.9616127228513
257,588,375,508.0679088468391
254,611,328,510.9060579010588
267,412,583,513.6740211457068
255,615,327,514.3267443950392
220,643,99,514.8397809027581
241,640,240,516.3816418115579
262,614,337,516.8607162476173
268,509,507,517.880295048962
270,452,563,520.7120125366804
224,658,144,527.0768444923377
272,591,421,532.3758071137343
264,645,292,532.4631442644645
273,589,426,533.1913352634306
277,429,599,536.3953765647127
239,668,143,537.093101798934
238,668,142,537.1126511263722
280,536,507,537.9042665753824
247,669,168,538.2090671848626
275,285,672,541.3658651965416
278,597,432,543.1362628291357
279,598,431,543.4822904198443
287,418,617,545.5868400172424
291,505,552,546.8793285542981
288,569,482,547.8001460386807
289,571,480,548.2052535319231
282,316,671,550.0445436507847
285,346,660,550.7031868438751
283,611,423,550.7267925205746
286,611,426,552.20376673833
290,599,447,552.6843583818887
292,599,449,553.7508465004817
293,353,661,554.3897545950863
284,628,400,554.9936936578649
294,347,665,555.6977595779922
258,687,134,556.3245455667043
296,350,666,557.790283171014
301,534,539,558.0367371419197
261,689,134,558.3233829959122
271,683,243,559.2888341456496
300,578,491,560.4043183274019
274,688,240,563.7534922286513
281,673,309,564.0035460881429
302,350,675,566.078616448281
314,530,557,567.8177524523163
303,632,423,569.1230095506594
276,695,234,569.7868022339584
307,616,453,570.2850164610675
304,347,681,570.4734875522262
306,350,680,570.6925617177782
309,345,685,573.4282867107272
310,621,451,573.5015257172382
308,638,422,573.9425058313768
312,361,679,574.087101405353
321,470,618,575.4528651418811
315,622,454,575.9183969973524
316,364,681,577.1247698721655
305,277,713,578.7192756423445
317,351,689,579.3927855954024
318,349,691,580.4894486551844
313,297,710,581.2099448564176
320,361,687,581.4258336193877
326,494,608,582.0601343503951
311,274,719,583.7850631867863
269,714,114,584.3030035863242
330,502,606,585.533944361896
323,649,431,587.8843423667618
334,511,604,589.7465557339017
328,368,694,590.6352512337882
319,275,726,590.8172306221273
329,368,695,591.5513502647086
322,280,726,592.0557406190738
324,285,727,594.2995877501514
295,723,211,594.8344307452285
325,289,727,595.3486373546176
336,624,490,597.1750162222127
333,651,449,598.3443824420849
327,286,731,598.4220918381941
335,648,455,598.7428496441523
341,490,634,600.2016327868494
340,468,650,600.4814734860685
331,303,729,601.1322649800126
343,507,624,602.6748708881099
332,278,740,605.1264330699825
297,737,165,606.1188002363893
298,738,164,607.0996623290117
347,485,647,607.7433668909929
299,741,166,610.1385088649953
348,602,543,611.5071544961678
350,492,647,611.8472031479755
354,511,638,616.1371600544801
337,720,338,617.3702292789959
344,700,398,619.5046408220038
357,554,608,621.2519617675264
356,499,654,621.6309194369276
338,730,326,623.4821569219123
358,612,551,624.3116209073798
359,516,645,624.7311421723748
339,733,324,625.8154680095404
362,490,666,626.1389622120636
351,701,414,626.9138696822714
345,727,350,627.7141068989927
352,701,417,628.1687671318911
342,735,327,628.563441507697
346,731,346,630.2769232646868
361,652,508,630.449046315402
349,731,353,632.4555320336759
363,677,479,635.9182337376402
367,528,650,636.0959047187774
364,424,721,639.1189247706565
368,424,723,640.8970276105202
355,738,361,641.6486577559405
370,382,748,645.7755027871528
360,758,331,651.7768022874088
371,720,433,652.1663898116799
372,681,508,654.6182093403758
373,680,512,655.9588401721559
353,781,246,656.6193722393515
365,754,364,657.7613549000883
375,580,634,657.998480241406
366,755,364,658.7085850359019
369,756,363,659.3367879922976
376,622,596,661.3093073592719
374,680,523,662.0430499597439
377,656,561,664.8977364978767
378,634,596,670.267110934141
380,485,731,677.7905281132217
381,631,613,679.4115100585211
379,726,482,679.9014634489324
382,647,597,680.729020976776
383,641,604,680.809077495299
384,627,621,681.9384136415839
385,505,725,683.417880948399
387,639,611,683.9795318574965
386,472,748,685.7885971638782
388,638,618,687.9491260260456
389,484,747,690.9739503049301
390,470,758,693.5027036717305
392,541,713,694.0461079784253
391,700,553,695.5292948539263
393,568,695,696.2276926408487
394,482,760,701.1775809308224
395,465,771,702.4813164775273
396,467,771,703.4344319124563
401,557,719,708.4010163742003
402,559,719,709.6055242175049
399,477,773,710.0112675162276
400,477,774,710.8846601242708
397,763,492,717.1784993988596
398,765,489,717.5318808248174
403,480,782,719.33441458059
404,587,710,719.8506789605744
405,599,719,734.4249451101181
406,661,669,739.6999391645237
407,702,628,742.7422163846619
408,675,660,743.6296121053814
409,675,665,747.0475219154401
411,704,635,748.7676542159123
410,722,614,749.534522220291
412,710,632,751.4532586927812
413,688,693,775.7892755123648
414,724,658,778.8928039210531
415,705,711,800.5248278473317
