301,534,539,18.439088914585774
291,505,552,25.495097567963924
280,536,507,50.35871324805669
334,511,604,50.695167422546305
268,509,507,54.230987451824994
357,554,608,56.36488268416781
330,502,606,56.43580423808985
266,491,510,61.07372593840988
326,494,608,62.42595614005443
263,492,507,62.80127387243033
343,507,624,70.83784299369935
260,473,514,71.40028011149536
259,475,511,71.7007670809734
256,474,511,72.47068372797375
348,602,543,73.348483283569
270,452,563,78.23042886243178
250,478,496,80.15609770940699
300,578,491,81.60882305241266
358,612,551,82.21921916437786
354,511,638,83.19855767980596
251,455,518,84.53401682163222
288,569,482,84.53401682163222
321,470,618,85.56284240252891
341,490,634,86.76981041814025
289,571,480,87.23531395025755
359,516,645,89.10667763978185
240,455,507,90.13878188659973
234,467,492,90.52071586106685
375,580,634,91.80958555619343
367,528,650,93.02150289046077
230,462,493,93.38094023943002
237,493,468,96.38464608017192
350,492,647,97.6933979345585
376,622,596,99.92497185388645
347,485,647,100.62305898749054
356,499,654,101.83319694480774
277,429,599,109.38464243210744
378,634,596,111.07204868912791
340,468,650,111.77208953938367
243,521,443,114.35471131527551
336,624,490,115.43396380615195
381,631,613,115.48592987892508
362,490,666,116.1077086157504
249,414,550,116.21101496846157
384,627,621,116.21101496846157
233,515,441,116.96580696938743
231,512,441,117.38824472663352
225,509,441,117.88553770501282
246,527,439,118.03812943282352
222,458,461,120.0
383,641,604,120.5404496424333
267,412,583,120.83045973594572
387,639,611,121.64292005702592
218,456,458,123.60016181219181
382,647,597,123.64869590901475
217,457,457,123.81033882515628
388,638,618,124.03628501370073
377,656,561,126.0634760745554
235,524,431,126.14277624977183
287,418,617,127.05904139414872
292,599,449,128.16005617976296
265,403,582,129.43724348115578
290,599,447,129.84991336154215
361,652,508,131.47243057006287
307,616,453,134.9518432626987
315,622,454,138.10503249338888
310,621,451,139.70325694127536
278,597,432,141.8238343861849
393,568,695,143.13629868066312
279,598,431,143.17821063276352
273,589,426,143.67324037551322
214,487,417,146.4547711752676
272,591,421,149.05368160498418
226,539,404,153.26447729333762
211,459,421,153.4177303964571
374,680,523,153.80507143784303
286,611,426,154.0194792875239
335,648,455,155.97435686676192
392,541,713,156.3873396410336
283,611,423,156.5790535161073
373,680,512,156.60459763365824
372,681,508,158.75137794677562
333,651,449,162.18816233005415
404,587,710,163.27277789025334
401,557,719,164.23458831805192
402,559,719,164.57521077003062
363,677,479,166.41213898030395
303,632,423,168.40427548016706
194,392,458,169.83815825661793
385,505,725,169.84993376507393
391,700,553,170.0470523119998
406,661,669,172.35138525698017
308,638,422,172.8843544106869
323,649,431,173.31185764395926
405,599,719,176.08236708995025
408,675,660,177.85949510779568
380,485,731,179.7247896090019
409,675,665,180.8009955724802
208,486,380,182.3869512876401
284,628,400,185.0756602041446
407,702,628,186.07794065928394
209,350,509,186.29009635512028
227,344,580,187.41664813991312
210,348,512,187.48066566982314
228,344,581,187.5419952970534
206,486,372,190.16045856065872
411,704,635,190.68298298484845
257,588,375,191.01832372837953
412,710,632,195.0
364,424,721,195.27416623813812
389,484,747,195.48913013259843
368,424,723,196.95684806576287
199,486,364,197.9520143873257
386,472,748,199.6121238802894
410,722,614,200.28230076569423
293,353,661,205.29247428973133
316,364,681,207.20038610002638
312,361,679,208.4346420343797
413,688,693,208.47062143141417
394,482,760,208.5976989326584
390,470,758,209.7641532769601
379,726,482,209.85947679340097
296,350,666,210.4305110957059
285,346,660,210.86725682286476
328,368,694,212.16267343715293
294,347,665,212.49235280357738
329,368,695,212.8097742116184
320,361,687,213.21585306913744
302,350,675,215.23010941780427
178,417,372,216.78099547700208
205,315,524,217.51781536232843
306,350,680,218.01146758828995
414,724,658,218.7167117528974
352,701,417,221.0
304,347,681,221.05429197371402
317,351,689,222.40728405337808
399,477,773,222.40728405337808
351,701,414,222.91253890259293
396,467,771,223.0807028857494
400,477,774,223.37860237721964
395,465,771,223.6537502480117
207,307,533,224.28776159211185
197,308,522,224.7420743875076
309,345,685,224.96444163467257
318,349,691,225.20435164534453
371,720,433,226.88322987827902
221,301,576,229.78685776170926
403,480,782,230.4886114323222
195,300,524,232.35533133543547
344,700,398,232.76812496559748
415,705,711,233.11156127485398
191,298,521,234.77648945326703
204,296,535,235.03191272676142
262,614,337,235.49097647256042
216,295,574,235.61409125941512
245,600,332,235.63743335896356
223,585,327,236.48467180770933
188,297,512,237.30571000294114
242,299,615,238.17010727629108
244,299,616,238.41560351621283
252,606,331,238.43657437566074
253,299,623,240.24362634625712
370,382,748,241.6298822579691
397,763,492,241.89667215569543
248,606,327,242.2312944274542
236,597,324,242.44174558025273
282,316,671,242.47061677654884
254,611,328,242.90327292978165
398,765,489,244.64055264816582
255,615,327,245.20399670478457
171,307,455,245.22030910999194
232,283,616,253.9488137400921
156,327,401,256.0175775215444
159,321,408,256.6748916431056
203,535,296,261.04788832702707
164,301,429,262.3451924468981
158,307,418,262.77366686941826
157,308,416,262.9923953273174
154,307,416,263.8370709358334
145,322,394,264.25934231356894
202,535,292,265.04716561397146
184,269,509,265.37709019431196
186,268,514,265.5051788572118
148,305,412,267.67517628648346
161,294,430,268.00186566514793
275,285,672,270.64737205448716
143,305,406,270.9723233099646
144,302,409,271.8234721285121
229,265,622,272.8552729928451
162,284,438,273.27092783536267
163,283,439,273.73892671668017
152,289,427,273.82658746002005
160,282,438,275.0727176584403
193,255,546,275.21991207032966
141,296,412,275.2834902423318
136,300,403,276.7959537276512
140,294,412,276.9855591903665
132,309,390,277.0018050482704
151,283,431,277.2814454665151
133,307,392,277.4058398808504
149,283,429,278.19597409020855
313,297,710,278.7436097922247
142,287,419,279.4512479843309
134,297,402,279.84638643370045
150,279,433,279.95892555873263
135,296,403,280.12854192316786
147,276,432,283.09185788362055
146,275,431,284.43101096751036
331,303,729,284.80344099044873
137,281,418,285.1701246624548
345,727,350,285.7586394144541
355,738,361,285.79713084634
130,295,394,285.99650347512994
281,673,309,286.2743439430086
349,731,353,286.38610301479366
127,297,388,287.8367592924851
131,284,407,288.12497288503124
264,645,292,288.87713651308576
129,384,307,289.5099307450437
337,720,338,289.932750823359
346,731,346,291.41379514360676
124,340,336,291.44639301250584
185,515,265,292.3850201361212
187,520,263,294.17001886664116
325,289,727,294.9254142999548
365,754,364,295.67718883945037
366,755,364,296.4354904528134
305,277,713,297.22886804615734
192,543,260,297.28437564056406
369,756,363,297.8455975837145
324,285,727,298.2029510249689
327,286,731,299.6865028659115
322,280,726,301.7631521574495
153,245,455,302.70282456561256
311,274,719,302.95214143491376
120,360,306,303.1517771678075
212,579,257,303.97532794620025
121,363,303,303.9819073563425
338,730,326,305.5503231875234
319,275,726,305.91828974417336
117,357,303,307.31905245200795
342,735,327,308.09901006007794
339,733,324,309.0275068662982
123,385,282,310.8858311341963
165,230,475,311.004823113726
332,278,740,311.4369920224635
110,296,349,313.0814590485997
102,315,321,319.25068519895143
360,758,331,321.02959365142647
104,344,292,323.76071410842917
99,316,313,324.5489177304401
98,317,311,325.39975414864716
200,203,574,327.44159784608917
105,358,277,328.60919037665394
169,205,508,328.67308986286054
112,376,266,329.23699670602025
114,239,397,332.0858322783434
95,319,300,332.52067604887367
168,201,508,332.62892237446823
176,197,521,334.94029318671113
241,640,240,335.542843762164
109,376,256,338.10797092053303
183,190,538,340.5304685340212
89,283,320,342.31272252138103
155,470,218,344.26879033685293
172,185,519,347.0864445638867
170,185,518,347.1973502203034
175,183,524,348.5656322703086
271,683,243,349.2921413373052
201,573,210,349.6541148049026
182,180,536,350.62943401830944
92,354,251,353.0042492662093
274,688,240,354.1934499676695
196,571,200,359.3466293149276
100,207,399,359.57335830119564
198,574,200,359.70126494078386
119,421,214,359.90276464623054
276,695,234,362.70373585062504
173,167,528,364.156559737704
215,614,201,365.7758876689386
166,168,503,366.0054644400818
93,206,385,366.824208579532
167,166,504,367.8382796827976
94,202,388,368.97831914626096
219,618,198,369.6281915655244
174,521,187,370.10944327320266
101,191,408,370.2998784768907
125,443,196,371.33542788158525
139,470,190,371.8722899060913
122,435,197,372.3237838226293
126,451,184,381.2741795611132
79,280,269,381.3712102401019
113,422,191,381.6018867877883
107,414,187,387.7576562751534
90,177,392,389.65882512782895
177,536,164,393.04579885809744
80,203,337,394.11800263372896
213,617,171,395.6829538911172
295,723,211,396.18808664572435
118,438,170,397.7851178714458
111,426,172,398.79944834465357
353,781,246,399.6523489234112
74,198,317,409.66327636242914
82,350,188,410.5618102064536
81,350,187,411.4608122288197
247,669,168,413.08836827003495
86,161,365,415.9627387158614
62,239,258,417.23135069167563
181,545,140,417.2696969586936
91,405,157,419.0763653560052
59,245,248,420.36412787011216
58,244,248,421.042753173594
106,430,147,422.0189569201839
103,428,147,422.49733726971584
54,228,258,424.976469936866
88,133,402,426.1854056628406
180,547,131,426.33906694085636
179,546,130,427.29966065982313
138,105,496,429.35533069941033
190,585,131,429.5357959472062
224,658,144,432.3806193621541
239,668,143,436.39431710323635
238,668,142,437.34311472801306
189,585,123,437.47114190538326
96,111,428,438.40848531934233
50,208,257,440.09544419364306
51,207,258,440.1477024817919
128,96,482,440.4327417438445
48,227,237,440.69150207372957
49,209,254,441.41816908686485
97,425,127,442.6341604530766
47,241,221,443.1895756896816
297,737,165,443.29786825564594
299,741,166,444.2994485704433
298,738,164,444.6493000106938
46,243,216,445.70169396133105
72,143,334,446.65198980862044
45,240,217,446.8780594300866
258,687,134,451.1961879271588
44,206,242,451.8860475827949
261,689,134,451.896005735833
65,322,150,457.0700165182573
60,316,153,457.1783021972937
42,227,214,457.6658169450718
39,207,230,459.6281105415551
63,128,330,461.6632972199545
38,219,215,462.26074892856735
61,321,144,462.87147244132467
37,215,215,464.96128871122164
67,331,135,466.56725131539184
64,328,133,469.6594510919588
56,321,135,470.91931368335275
220,643,99,471.73403523595795
41,155,270,472.2224052287227
40,154,270,473.0169130168603
57,323,131,473.6296021154083
269,714,114,479.69260990763655
116,50,465,488.73714816862446
115,47,465,491.68384150793486
108,47,455,493.6527119342099
43,293,118,498.888765157124
71,71,357,500.68053686956915
78,59,386,501.08083180261445
69,71,353,502.29174789160135
84,53,397,503.11927015370816
68,70,353,503.20572333788095
70,68,357,503.43221986678606
76,56,382,505.27319343103886
55,72,341,506.3793044744226
73,59,368,507.50566499301266
75,57,372,507.8917207437034
85,47,398,508.4977876058066
53,70,339,509.0422379331601
52,71,336,509.4330181682377
66,62,352,510.929545045107
83,44,398,511.3482179493735
77,46,388,512.6568052801016
87,41,402,512.9775823561883
34,220,138,521.2110896748073
36,87,280,522.4729658078014
33,215,135,526.6013672599037
32,217,128,531.046137355315
30,206,136,531.2409999237634
31,122,216,531.7377173005503
27,177,159,531.989661553681
28,121,209,537.014897372503
26,160,166,538.3131059151356
29,206,127,538.4013372940301
25,129,184,547.6586528121326
24,138,162,556.4970799564002
21,135,161,559.321910888533
22,134,162,559.321910888533
35,260,65,561.2165357506851
18,131,153,567.8177524523163
17,129,152,569.9350840227332
16,109,162,577.2919538673651
14,106,162,579.4833906161591
13,110,157,580.0
15,100,167,580.5170109479997
10,114,150,581.9836767470373
23,200,75,584.1438179078847
7,109,150,585.5681002240474
19,190,79,586.5867369792809
11,161,101,586.5978179297977
12,167,94,588.3349386191509
8,158,99,590.0406765639128
9,164,93,590.975464803743
20,199,67,591.3214016082962
4,149,102,593.4526097339196
6,157,93,595.3360395608518
5,162,84,599.2937510103038
3,146,94,601.5189107584233
2,143,96,601.9053081673229
1,138,62,631.4182449058627
0,136,63,631.8797353927407
