120,360,306,4.242640687119285
117,357,303,6.0
129,384,307,21.37755832643195
104,344,292,21.95449840010015
105,358,277,26.476404589747453
123,385,282,30.4138126514911
112,376,266,39.21734310225516
124,340,336,40.22437072223753
95,319,300,44.10215414239989
98,317,311,46.69047011971501
99,316,313,48.05205510693585
109,376,256,48.76474136094644
102,315,321,51.264022471905186
92,354,251,52.773099207835045
110,296,349,81.27115109311545
89,283,320,81.78630692236935
178,417,372,87.6184911990614
79,280,269,89.69392398596462
145,322,394,99.80981915623332
132,309,390,102.39628899525607
156,327,401,104.4030650891055
133,307,392,105.152270541344
119,421,214,106.23088063270491
127,297,388,107.61505470890214
159,321,408,113.08846094982458
130,295,394,113.6001760562016
82,350,188,115.73245007343446
81,350,187,116.72617529928752
136,300,403,118.1905241548577
143,305,406,118.20744477400736
134,297,402,118.98319209031165
135,296,403,120.37026210821342
144,302,409,122.29881438509533
148,305,412,123.47064428438041
157,308,416,125.67418191498204
154,307,416,126.11502686040232
113,422,191,126.58988901172162
107,414,187,126.7162183779172
158,307,418,127.91012469699183
141,296,412,127.94530081249565
122,435,197,128.14054783713078
140,294,412,129.00387591076478
59,245,248,130.18832512940628
131,284,407,130.60245020672468
58,244,248,131.0953851209111
62,239,258,131.91285001848757
125,443,196,133.60014970051492
155,470,218,136.65284482951682
199,486,364,137.2953021774598
142,287,419,138.67948658687772
164,301,429,140.42791745233566
206,486,372,141.0319112825179
137,281,418,141.24092891226678
54,228,258,142.30249470757707
152,289,427,144.40221604947757
161,294,430,144.53373308677806
208,486,380,145.11374848717816
111,426,172,145.3616180427282
47,241,221,146.99659860010368
126,451,184,148.00337833982033
46,243,216,148.2194319244275
149,283,429,149.25146565444507
45,240,217,150.08331019803634
151,283,431,150.94369811290565
48,227,237,151.16877984557524
91,405,157,151.92103211866353
211,459,421,152.11837495845134
118,438,170,152.6892268629323
150,279,433,154.77725931156684
146,275,431,155.3319027115808
147,276,432,155.59562975867928
114,239,397,155.60205654167942
139,470,190,155.62133529821674
162,284,438,156.41611170208776
185,515,265,156.6780137734711
60,316,153,157.19096666157378
160,282,438,157.4357011608231
194,392,458,157.68956845650888
163,283,439,157.78466338652817
65,322,150,158.39823231336896
49,209,254,161.60754932861275
50,208,257,161.68178623456632
171,307,455,161.9876538505327
187,520,263,162.0154313638056
51,207,258,162.3607095328177
42,227,214,162.53307355735325
80,203,337,163.5726138447387
61,321,144,164.45364088398895
74,198,317,165.59287424282482
44,206,242,168.4339633209407
214,487,417,168.43990026119107
38,219,215,168.7601848778319
103,428,147,169.0
106,430,147,169.77926846349644
67,331,135,171.0204666114556
203,535,296,172.14238292762187
37,215,215,172.18594600024707
39,207,230,172.23530416264836
202,535,292,172.35138525698017
56,321,135,173.17043627594174
64,328,133,173.5655495770978
57,323,131,176.58992043715293
93,206,385,177.12425017484196
217,457,457,180.42172818150257
218,456,458,180.75950874020432
94,202,388,182.0604295282201
100,207,399,183.17205026968497
222,458,461,184.36105879496353
192,543,260,185.06485349736184
97,425,127,186.60117898877274
153,245,455,192.4266093865399
174,521,187,196.01020381602586
43,293,118,197.80040444852483
225,509,441,200.89798406156294
101,191,408,201.51674868357716
226,539,404,202.9211669589942
231,512,441,203.08865059377396
233,515,441,205.2997808084558
235,524,431,205.6817930688081
90,177,392,206.196508214858
209,350,509,206.4097865896867
210,348,512,209.53758612716717
237,493,468,210.05951537600004
41,155,270,210.60151946270474
243,521,443,211.10187114282053
86,161,365,211.30073355291506
40,154,270,211.5892246783848
246,527,439,213.0539837693724
230,462,493,214.24518664371436
234,467,492,215.72436116489024
165,230,475,217.4235497824465
34,220,138,218.3437656540713
188,297,512,219.17344729688404
212,579,257,220.8438362282271
177,536,164,221.92341021172146
72,143,334,222.17335573826128
223,585,327,223.29352879114074
240,455,507,223.78561169118984
33,215,135,223.89283150650448
250,478,496,224.66419385384935
197,308,522,225.80079716422614
205,315,524,226.15260334561705
184,269,509,226.43321311150447
191,298,521,227.48406537601704
32,217,128,227.9056822459677
30,206,136,229.21169254643183
201,573,210,229.67150454507848
195,300,524,229.804264538324
186,268,514,231.40008643040736
196,571,200,232.1055794245369
251,455,518,233.8567937862828
198,574,200,234.7977853387889
236,597,324,234.94041797868667
27,177,159,235.2275494069519
256,474,511,235.76471322061747
29,206,127,235.8495283014151
259,475,511,236.2371689637344
257,588,375,236.23928547132036
63,128,330,236.54597861726586
207,307,533,236.71924298628534
260,473,514,237.95167576632025
245,600,332,238.76766950322232
263,492,507,241.36486902612816
204,296,535,241.48084810187328
266,491,510,243.37830634631345
248,606,327,244.1823089414956
181,545,140,244.3215094910802
252,606,331,244.60784942433878
26,160,166,244.90406284910833
254,611,328,249.25689559167665
88,133,402,250.40167731067618
268,509,507,250.8625121455974
179,546,130,251.82930726982514
180,547,131,251.87298386289865
249,414,550,252.21022976873877
255,615,327,253.14027731674784
262,614,337,253.2923212416831
31,122,216,256.2225595063791
272,591,421,256.7255343747482
273,589,426,257.30332294783915
169,205,508,258.8223328849348
35,260,65,259.33183375744676
28,121,209,259.61509971494337
168,201,508,261.283371074395
25,129,184,262.5204753919206
24,138,162,265.52965936030574
193,255,546,265.9191606484948
278,597,432,267.20217064986576
280,536,507,267.47897113605023
279,598,431,267.5985799663369
21,135,161,268.6037974415105
22,134,162,268.9274995235705
215,614,201,270.9335711941213
288,569,482,272.90474528670256
289,571,480,273.11719096387907
176,197,521,274.0072991728505
270,452,563,274.8108440364026
283,611,423,275.506805723561
219,618,198,275.77164466275354
18,131,153,276.26798583983634
290,599,447,276.4633791300396
286,611,426,276.82666056577716
36,87,280,276.9566753122228
292,599,449,277.5103601669675
227,344,580,277.6508598942204
17,129,152,278.4905743467811
228,344,581,278.6485241303101
170,185,518,279.12183719659055
166,168,503,279.32955446926843
216,295,574,279.4011453090341
172,185,519,279.89283663573815
221,301,576,279.95178156246834
23,200,75,280.2730811191114
190,585,131,280.8344708186657
96,111,428,281.298773548695
167,166,504,281.44271175498574
265,403,582,281.85279846047297
284,628,400,282.19496806286253
264,645,292,282.21445746098834
19,190,79,283.0282671395209
241,640,240,284.0739340383063
267,412,583,284.25516705945734
175,183,524,285.02806879323305
300,578,491,285.6028711340276
11,161,101,285.6711395993652
189,585,123,285.80412873154927
213,617,171,286.2516375499012
12,167,94,286.5257405539684
291,505,552,286.6443789785524
20,199,67,287.3882391469769
8,158,99,289.2075379377239
9,164,93,289.3112510774512
16,109,162,290.5116176678654
301,534,539,291.4395306062649
183,190,538,291.8115830463212
13,110,157,292.1044333795706
10,114,150,292.2498930709813
14,106,162,293.1381926668717
55,72,341,293.47061181658376
4,149,102,293.59325605333646
52,71,336,293.8588096348313
307,616,453,294.1241234581074
6,157,93,294.17001886664116
303,632,423,294.5522025040723
53,70,339,295.2033197645311
15,100,167,296.08275870100914
69,71,353,296.24989451474914
182,180,536,296.2735222729159
7,109,150,296.52150006365474
71,71,357,296.95117443781896
68,70,353,297.2355967915014
5,162,84,297.2574641619618
310,621,451,297.43570733857763
173,167,528,298.3973860475323
308,638,422,299.64312106237315
315,622,454,299.8032688280767
70,68,357,299.90165054564136
3,146,94,301.2806001056158
2,143,96,302.07449412355226
277,429,599,303.2688576164721
314,530,557,303.9819073563425
66,62,352,304.9622927510875
281,673,309,310.0580590792634
73,59,368,310.871356030111
323,649,431,313.3368794125581
75,57,372,313.68296096536704
200,203,574,314.70780098370614
78,59,386,315.12695854210887
76,56,382,317.00157728314224
242,299,615,318.4964677983101
287,418,617,318.7804887379402
244,299,616,319.4761336938958
336,624,490,321.0763149159402
128,96,482,321.4498405661449
138,105,496,322.2002482928901
333,651,449,322.893171188243
335,648,455,323.0
232,283,616,323.0619135707581
84,53,397,323.93826572357887
271,683,243,325.5764119219941
253,299,623,326.3372488699382
77,46,388,328.1981109025462
1,138,62,329.70592957967864
85,47,398,329.9712108654329
0,136,63,330.34678748248785
274,688,240,331.0498451895122
326,494,608,331.94276615103394
321,470,618,332.6770205469563
83,44,398,332.8453094156503
330,502,606,333.36166546260233
229,265,622,333.7139493638227
247,669,168,334.45627516911685
224,658,144,335.1208737157386
334,511,604,335.41765010207797
87,41,402,336.8753478662397
348,602,543,338.7048862948393
276,695,234,339.09438214160963
239,668,143,344.41980198589044
238,668,142,344.88548824211205
220,643,99,346.433254754794
344,700,398,350.13425996323184
108,47,455,350.65652710308984
358,612,551,351.4327816240255
343,507,624,351.81955602268613
116,50,465,352.4386471430169
361,652,508,354.3247098354841
341,490,634,354.52785504103906
115,47,465,355.10561809129405
351,701,414,355.75975039343615
352,701,417,356.7071628100563
285,346,660,357.4045327076868
293,353,661,358.13963757171587
337,720,338,358.7115833089308
357,554,608,359.86942076258714
363,677,479,359.9611090104041
294,347,665,362.3534186398688
340,468,650,362.5382738415353
296,350,666,363.23270777836075
347,485,647,364.99315062066574
258,687,134,365.4271473221441
354,511,638,366.23626254099963
345,727,350,367.02179771779225
261,689,134,367.2015795173
350,492,647,367.39216104865386
338,730,326,367.72000217556837
346,731,346,370.50371118249274
339,733,324,370.59546678285204
282,316,671,370.98921817217274
349,731,353,371.3812057711052
295,723,211,371.56964353940435
302,350,675,372.22708122865
342,735,327,372.7733896082176
359,516,645,374.66384933697566
312,361,679,376.0053191113126
356,499,654,376.42661967507024
275,285,672,377.1538147758816
306,350,680,377.22407134221964
316,364,681,378.00132274900835
304,347,681,378.33847279915904
372,681,508,378.35036672375514
355,738,361,379.458825170795
373,680,512,379.6972478172577
371,720,433,379.93288881064245
309,345,685,382.42384862871717
320,361,687,384.0052082980125
367,528,650,384.2317009305713
362,490,666,384.5750901969601
374,680,523,385.86137407105156
317,351,689,386.186483450677
318,349,691,388.25249516261965
377,656,561,390.40107581818984
328,368,694,391.0319680026174
376,622,596,391.0626548265636
329,368,695,392.03188645823184
365,754,364,395.72970573359794
375,580,634,395.790348543266
360,758,331,395.9911615175268
366,755,364,396.7177838211945
369,756,363,397.55376994816686
297,737,165,398.6477141537375
269,714,114,398.6502226263018
378,634,596,399.1115132390946
298,738,164,399.93249430372623
299,741,166,402.06094065452316
379,726,482,404.7344808636892
382,647,597,408.7688833558641
383,641,604,409.7377209874629
381,631,613,409.78530964396464
313,297,710,412.3166259078089
384,627,621,413.30376238306854
387,639,611,413.5698248180106
388,638,618,418.1506905411015
305,277,713,418.9224271867048
391,700,553,419.6057673578856
353,781,246,421.8684629123158
364,424,721,422.4275085739564
368,424,723,424.4066446228193
311,274,719,425.41391608643926
331,303,729,430.20460248584044
325,289,727,430.40910771032713
322,280,726,431.06612021823287
324,285,727,431.1148338899973
319,275,726,432.0567092408125
327,286,731,434.8712453129087
393,568,695,442.36749428501184
397,763,492,442.4036618293298
398,765,489,442.944691807002
380,485,731,445.04831198421596
332,278,740,445.18984714388984
385,505,725,445.25049129675307
370,382,748,445.4054332852261
392,541,713,446.97203491941195
386,472,748,458.15499560738175
401,557,719,459.0119824144028
402,559,719,459.8608485183317
389,484,747,460.1923510881075
404,587,710,464.5696933722647
390,470,758,467.4120238076894
407,702,628,469.6232532573318
406,661,669,471.9745755864398
394,482,760,472.2393460947531
408,675,660,474.12340165826026
410,722,614,474.9757888566532
411,704,635,475.9254143245557
409,675,665,477.899571039774
412,710,632,478.17360864020924
405,599,719,478.28025257164865
395,465,771,478.98642987040876
396,467,771,479.4163117792301
399,477,773,483.62795618119515
400,477,774,484.59983491536605
403,480,782,493.08214325809854
414,724,658,506.3062314449626
413,688,693,507.66622893393253
415,705,711,532.379563845195
