342,735,327,23.345235059857504
339,733,324,25.96150997149434
338,730,326,28.442925306655784
346,731,346,30.886890422961002
369,756,363,32.0624390837628
366,755,364,33.13608305156178
365,754,364,33.24154027718932
349,731,353,34.828149534535996
355,738,361,36.05551275463989
345,727,350,36.359317925395686
337,720,338,38.63935817272331
281,673,309,87.80091115700337
353,781,246,88.05679985100527
344,700,398,88.61715409558128
351,701,414,100.68763578513501
352,701,417,103.1746092796091
371,720,433,108.84851859350222
274,688,240,114.80853626799707
271,683,243,115.62439189029277
276,695,234,115.66330446602328
264,645,292,119.54078801814885
295,723,211,125.0
255,615,327,143.05593311708537
262,614,337,144.12494579357175
254,611,328,147.03060905811415
284,628,400,147.1767644704829
323,649,431,147.92227688891217
241,640,240,149.01342221424215
308,638,422,150.60212481900777
252,606,331,152.0
248,606,327,152.0526224699857
379,726,482,154.35349040433132
303,632,423,156.01281998605114
245,600,332,158.00316452527144
398,765,489,158.15498727514097
333,651,449,159.28904544883179
397,763,492,161.07762104029226
236,597,324,161.15210206509875
335,648,455,165.75886099994776
299,741,166,165.873445734994
297,737,165,167.32304085211933
298,738,164,168.19334112859522
363,677,479,168.71573726241425
223,585,327,173.04623659588788
283,611,423,173.4156855650607
286,611,426,175.025712396779
257,588,375,175.60182231400674
310,621,451,182.12358441453978
315,622,454,183.3712082089225
247,669,168,185.71483516402236
307,616,453,187.21111078138497
279,598,431,188.67962264113208
272,591,421,189.70766985021982
278,597,432,190.057885919001
372,681,508,193.02331465395574
219,618,198,193.1035991378721
212,579,257,193.6930561481232
273,589,426,193.87109119205988
215,614,201,194.0
290,599,447,196.81717404738845
373,680,512,197.0913493789111
292,599,449,198.00252523642217
361,652,508,206.31286920597077
374,680,523,207.23899247004653
336,624,490,207.93508602446101
239,668,143,208.43224318708465
261,689,134,208.73428084528905
238,668,142,209.33466029303412
258,687,134,209.40391591371923
224,658,144,212.05895406702354
213,617,171,213.26274873967088
201,573,210,221.05655384991417
269,714,114,221.41589825484527
203,535,296,225.72992712531496
198,574,200,225.86943130932968
202,535,292,226.38462845343543
192,543,260,226.4199637841151
196,571,200,228.31995094603536
391,700,553,229.45151993395032
226,539,404,230.8462691922917
289,571,480,239.10248848558643
300,578,491,240.8318915758459
288,569,482,241.91320757660174
187,520,263,247.52373623553763
377,656,561,251.60286166894048
185,515,265,251.80349481291955
235,524,431,254.4720023892609
246,527,439,255.0
220,643,99,258.9382165691268
243,521,443,262.1316463153581
348,602,543,263.21094202179364
358,612,551,264.0378760708395
190,585,131,264.4409196777231
233,515,441,266.7376988728815
231,512,441,269.47356085523495
189,585,123,270.542048487846
225,509,441,272.21498856602295
199,486,364,273.99452549275503
206,486,372,275.0727176584403
208,486,380,276.3783638420345
174,521,187,277.31750756127894
177,536,164,277.80028797681257
280,536,507,283.30195904723286
214,487,417,284.3184833949422
410,722,614,285.2805636562014
181,545,140,286.09439001839934
382,647,597,288.2308102892541
180,547,131,290.7249559291393
179,546,130,292.138665705175
378,634,596,292.5764857263823
383,641,604,297.0151511286924
376,622,596,297.86070569982877
237,493,468,298.3186216111894
407,702,628,302.2333535531775
387,639,611,304.23839336941023
412,710,632,304.8032152061392
268,509,507,304.92130132216084
301,534,539,305.6795707926848
411,704,635,308.7588055424493
381,631,613,309.27819192435794
155,470,218,309.3751767676263
388,638,618,311.0771608459869
211,459,421,312.2515011973521
384,627,621,318.2153358969363
263,492,507,318.9545422156581
139,470,190,320.66337489647924
314,530,557,321.02959365142647
266,491,510,321.4498405661449
250,478,496,325.0
217,457,457,326.3081365825866
222,458,461,326.9556544854363
218,456,458,327.6171546180084
414,724,658,328.76283244916846
234,467,492,332.5687898766209
259,475,511,335.393798392278
291,505,552,335.9315406448165
256,474,511,336.23801093868013
230,462,493,337.4314745248285
260,473,514,338.6945526577007
408,675,660,339.3081195609678
126,451,184,340.37920030460145
125,443,196,342.70978976387585
178,417,372,343.45596515419555
357,554,608,344.01308114663317
409,675,665,344.15839376659113
122,435,197,349.6927222576987
240,455,507,350.4069063246328
375,580,634,351.4157082431006
406,661,669,351.64328516267733
251,455,518,356.0589838776716
119,421,214,356.7323926979438
118,438,170,358.2192066319169
113,422,191,364.0
111,426,172,368.11003789627904
334,511,604,368.1548587211637
413,688,693,368.7058448139926
107,414,187,372.9235846658133
129,384,307,374.7692623468472
330,502,606,375.71398696348797
106,430,147,376.0850967533811
123,385,282,376.20473149603
103,428,147,377.8306498948967
326,494,608,382.65519727294964
415,705,711,383.67825062153315
270,452,563,384.0052082980125
343,507,624,385.8108344772085
194,392,458,387.40805360756247
112,376,266,387.4906450483676
109,376,256,389.2929488187527
97,425,127,390.5188855868561
367,528,650,393.269627609354
91,405,157,393.55431645453973
354,511,638,394.0279177926356
121,363,303,395.9911615175268
359,516,645,396.43410549547826
120,360,306,398.78440290462714
117,357,303,401.9763674645563
105,358,277,403.6285421027606
341,490,634,404.5157598907612
321,470,618,406.5870140572618
249,414,550,407.7952917825315
393,568,695,410.6044325138247
92,354,251,411.8446308985951
350,492,647,413.05205483086513
356,499,654,414.01690786729955
404,587,710,415.79081278931596
104,344,292,415.83289913136986
347,485,647,417.5943007273926
124,340,336,418.0299032365986
405,599,719,419.3149174546501
277,429,599,424.3406650322356
267,412,583,428.04205400871535
362,490,666,429.00932390800085
340,468,650,431.11599367223664
82,350,188,432.3343613454753
81,350,187,432.6661530556787
265,403,582,434.77120419825417
402,559,719,436.05618903989887
156,327,401,436.64745504812004
401,557,719,436.972539182956
392,541,713,439.33244815287657
95,319,300,440.09317195339446
145,322,394,440.52809218028307
98,317,311,441.4532817864196
99,316,313,442.36636400160444
102,315,321,443.11285244280606
159,321,408,443.7319010393551
287,418,617,444.292696316291
209,350,509,445.1381807933352
210,348,512,448.1751889607456
132,309,390,452.8598017046777
133,307,392,455.10658092363377
157,308,416,457.9574216016157
154,307,416,458.94008323527373
143,305,406,459.1666364186318
158,307,418,459.31470692761405
148,305,412,460.1847455098876
110,296,349,462.35051638340366
144,302,409,462.6229566288296
136,300,403,463.6248483418463
127,297,388,464.51049503751796
134,297,402,466.4354188952636
130,295,394,467.266519237148
164,301,429,467.38955914739904
135,296,403,467.57673167085636
171,307,455,467.736036670257
385,505,725,468.2360515808239
141,296,412,469.046905969968
67,331,135,469.83507744739535
140,294,412,471.01698483175744
65,322,150,472.0773241747585
64,328,133,473.3962399512696
161,294,430,474.4438849853584
89,283,320,475.1273513490883
61,321,144,475.32935949718063
60,316,153,476.49554037787175
152,289,427,478.72434657117657
57,323,131,478.77447718106276
56,321,135,478.9415413179358
142,287,419,479.15028957520207
131,284,407,480.0541636107326
79,280,269,482.0041493597332
227,344,580,483.1117883057709
205,315,524,483.2163076718334
228,344,581,483.62795618119515
380,485,731,484.28194267389324
137,281,418,484.86905448791015
149,283,429,485.00412369380945
151,283,431,485.41219597368996
162,284,438,485.92694924237327
163,283,439,487.1231877051225
160,282,438,487.8780585351221
197,308,522,488.8568297569341
150,279,433,489.73972679373276
147,276,432,492.4682730897494
146,275,431,493.24334764900783
207,307,533,494.17102302745354
188,297,512,495.2595279245014
195,300,524,497.00402412857784
191,298,521,497.69468552517213
389,484,747,498.1284974783113
204,296,535,505.0346522764552
386,472,748,505.6530431036681
394,482,760,510.11469298580295
43,293,118,511.46260860399167
364,424,721,513.4744394806814
368,424,723,514.9951456081892
390,470,758,515.046599833452
221,301,576,518.530616260988
59,245,248,519.6710497997748
184,269,509,520.3892773683947
58,244,248,520.6582372343686
293,353,661,522.4222430180399
216,295,574,522.893870685056
186,268,514,523.0573582313893
114,239,397,523.1797014411014
399,477,773,523.7604414233667
62,239,258,524.1087673374678
400,477,774,524.6046130182235
316,364,681,527.0066413243765
285,346,660,527.2428283058955
396,467,771,527.5234591939964
46,243,216,527.683617331446
153,245,455,527.7736257146619
296,350,666,527.9100302134825
312,361,679,527.9327608701699
47,241,221,528.5726061762944
395,465,771,528.629359759747
294,347,665,529.6007930507658
403,480,782,529.7971309850592
45,240,217,530.3960784168752
328,368,694,532.7935810424145
320,361,687,533.2400960167943
329,368,695,533.475397745763
302,350,675,533.6665625650534
54,228,258,535.0037383046963
306,350,680,536.9031570031974
48,227,237,539.2559689053056
242,299,615,539.7564265481236
304,347,681,539.8342338162706
244,299,616,540.283259041033
317,351,689,542.0452010672172
42,227,214,543.7370688117558
309,345,685,543.9531229802803
253,299,623,544.0082719959321
318,349,691,544.8678738923777
193,255,546,547.022851442241
165,230,475,547.2842040475863
38,219,215,551.3410922468958
232,283,616,553.9404300103035
49,209,254,554.3735202911481
93,206,385,554.6350151225579
50,208,257,554.9558541001257
80,203,337,555.0324314848638
100,207,399,555.1801509420163
37,215,215,555.2521949528881
51,207,258,555.8147173294352
282,316,671,557.6414618731286
94,202,388,558.9141257832011
44,206,242,559.128786595718
74,198,317,560.1749726647915
39,207,230,560.180328108726
370,382,748,561.4846391487482
35,260,65,564.5883456112073
34,220,138,571.5706430529825
101,191,408,572.2045088952026
229,265,622,572.4770737767583
33,215,135,577.2910877538297
32,217,128,577.8321555607649
169,205,508,580.6358583484144
275,285,672,583.1037643507372
90,177,392,584.1934611068494
168,201,508,584.4467469325157
30,206,136,585.430610747337
29,206,127,588.4895920914829
176,197,521,592.3014435234816
313,297,710,596.7930964748168
86,161,365,597.9673904152299
170,185,518,602.742067554605
172,185,519,603.0530656584045
331,303,729,604.5072373429452
183,190,538,604.5436295256117
200,203,574,605.8663218895732
27,177,159,605.9249128398667
41,155,270,606.0775527933698
175,183,524,606.5261742085003
40,154,270,607.0724833164488
182,180,536,613.2772619297083
325,289,727,613.8216353306553
23,200,75,613.9218191268332
305,277,713,614.2352969343264
166,168,503,614.5600052069773
72,143,334,615.0073170296431
167,166,504,616.7600830144571
324,285,727,616.883295283638
20,199,67,618.2046586689556
327,286,731,618.6954016315299
322,280,726,620.0878969952566
311,274,719,620.3224967708329
26,160,166,620.3458712686013
19,190,79,621.3919857867496
173,167,528,622.9686990531708
319,275,726,623.9503185350577
88,133,402,629.0198725000665
63,128,330,630.0007936502938
332,278,740,630.6195366463047
12,167,94,636.7495583037337
11,161,101,639.7726158566026
9,164,93,639.9062431325389
24,138,162,642.6204167313703
8,158,99,643.291535775188
5,162,84,645.155020130821
21,135,161,645.7778255716125
25,129,184,645.9489143887464
31,122,216,646.3133914750645
6,157,93,646.4093130517226
22,134,162,646.4804714761306
28,121,209,648.5776746080611
4,149,102,650.6320004426466
18,131,153,651.7768022874088
17,129,152,653.974005599611
96,111,428,654.2308461086194
3,146,94,656.2872846551272
2,143,96,658.3691973353552
10,114,150,668.9521657039463
16,109,162,670.6429750619923
13,110,157,670.9545439148617
36,87,280,672.9353609374381
138,105,496,673.5235704858443
14,106,162,673.5465833927153
7,109,150,673.7670220484229
1,138,62,675.8409576224276
0,136,63,677.2798535317584
15,100,167,678.1297810891364
128,96,482,679.0029455017113
55,72,341,686.0728824257668
52,71,336,687.0181948100064
69,71,353,687.3521659236989
71,71,357,687.4918181331324
53,70,339,688.0465100558247
68,70,353,688.3516543163095
70,68,357,690.4896813131968
66,62,352,696.3167382736107
73,59,368,699.978571100573
78,59,386,701.1604666551017
75,57,372,702.1979777811953
76,56,382,703.8501260921959
84,53,397,708.082622297709
85,47,398,714.1498442203849
77,46,388,714.2779571007354
83,44,398,717.1366675885427
87,41,402,720.506766102859
116,50,465,720.569219436967
108,47,455,721.7319446996925
115,47,465,723.5171041516572
