9,158,99,3.605551275463989
10,164,93,8.54400374531753
7,157,93,8.94427190999916
13,167,94,9.219544457292887
5,149,102,12.041594578792296
4,146,94,16.55294535724685
6,162,83,18.027756377319946
3,143,95,18.973665961010276
2,146,84,22.67156809750927
20,188,78,35.4682957019364
1,139,62,44.77722635447622
0,136,62,46.32493928760188
25,201,72,49.4064773081425
30,206,127,51.97114584074513
21,198,64,52.32590180780452
32,206,136,57.0087712549569
28,177,157,58.240879114244144
18,130,152,59.682493245507096
19,131,153,60.03332407921454
33,217,128,62.16912416947821
34,215,135,63.812224534175265
24,138,161,64.25729530566937
27,160,166,65.00769185258002
23,135,161,65.39113089708727
22,133,161,66.2117814289874
11,114,150,67.89698078707183
35,220,138,69.6419413859206
8,109,150,71.449282711585
14,110,157,75.7429864739964
15,107,160,79.98124780221924
16,107,162,81.46778504415104
26,129,183,88.02272433866155
17,100,167,89.87213138676528
36,262,66,106.89246933250256
37,274,87,113.86395390991831
29,121,208,114.23221962301179
38,277,89,116.61903789690601
31,123,214,119.21828718783037
41,219,215,127.90621564255585
40,215,217,127.9531164137865
46,228,213,130.51053597315428
47,292,119,132.23085872821065
42,206,228,134.73678042761748
50,240,217,140.34600101178515
51,243,215,140.42791745233566
52,241,220,143.39107364128355
48,206,238,144.20124826089406
49,206,242,148.00675660252813
53,227,236,150.26975743641833
54,208,253,159.10059710761615
55,208,255,161.01242188104618
58,320,133,162.18816233005415
56,207,257,162.64070831129578
63,316,153,163.4900608599801
59,323,129,164.40194646049662
64,321,144,165.67739737212196
62,325,132,166.90416411821485
68,322,150,168.2914139223983
60,243,248,168.32409215557945
45,155,270,169.10647533432893
44,154,270,169.14490828872147
61,245,248,169.30741271426953
57,227,257,169.38713056191725
65,239,258,175.30829986055994
43,124,283,185.72291188757515
39,87,278,191.84629264074925
79,280,267,204.2473990042468
83,350,187,207.64633394307737
85,351,188,208.9712898940905
76,197,318,219.9659064491586
66,128,329,230.37577997697588
67,128,331,232.35533133543547
73,143,334,233.69424468736923
81,202,336,238.549785160247
91,354,250,243.82370680473218
88,283,319,249.81593223811808
90,405,157,250.3437636531016
92,316,299,251.45377308761942
98,341,284,256.68852720758673
97,316,311,261.00766272276377
99,318,310,261.4000765110829
95,424,122,263.8370709358334
86,161,365,264.0
109,376,256,265.04716561397146
108,360,277,265.6633207652121
107,414,187,267.21714016881475
71,71,353,267.5892374517331
70,70,353,267.9272289260649
104,316,321,269.1189328159578
69,61,352,270.1869722988138
103,428,145,270.60118255469615
112,376,266,271.01660465735307
72,68,357,272.3692346796899
105,430,145,272.5747603869441
110,427,170,274.8035662068453
113,421,192,275.4650613054222
118,357,304,282.17902119044925
120,421,212,282.70302439132126
119,361,302,283.5507009337131
121,359,305,284.2885857715712
74,59,367,284.8859420891105
111,296,352,285.00175438056516
117,438,170,285.4645336990219
122,362,306,287.0992859621911
93,206,385,287.5430402565849
124,385,282,287.98784696580515
94,205,387,289.36482163524994
123,435,195,289.67568071897233
75,57,372,290.27056344038743
89,177,392,291.4395306062649
125,341,335,295.22195040342103
126,443,194,296.9393877544709
77,56,380,298.104008694952
101,206,398,300.38974682901545
127,451,182,301.09965127844305
87,133,402,302.29952034364857
130,385,304,302.29952034364857
80,59,386,302.70282456561256
100,192,405,305.57650433238484
114,239,397,306.10455730027934
102,190,407,307.37111119947497
133,392,305,308.1833869630224
78,45,387,308.62922739105574
84,47,397,317.1939469788161
128,297,388,317.59250620882096
82,43,397,318.6534167398806
142,470,189,321.2864765283469
131,297,393,322.11799080461185
134,307,392,325.5718046760192
132,284,407,329.7953911139451
135,296,402,329.887859734183
140,322,389,329.946965435356
136,299,401,330.21810973960834
162,470,219,330.76426651015373
96,111,428,330.80054413498175
137,300,403,332.4530041975858
147,322,394,334.32020579079574
143,304,405,335.9538658804211
141,293,412,337.85351855500926
138,281,417,338.0177510131679
146,302,409,338.74031351464504
144,296,412,339.0368711512068
158,327,400,341.9897659287482
145,287,419,342.0526275297414
157,321,404,342.6499671676622
150,305,412,342.720002334267
161,321,406,344.41980198589044
159,307,416,347.1901496298534
160,308,416,347.6118525021838
151,288,425,348.0014367786432
163,307,418,349.0057306119772
148,277,431,349.79422522391644
152,283,429,349.954282728473
149,276,432,350.4083332342426
156,285,430,351.5920931989228
155,283,431,351.8295041635934
153,279,433,352.3464204444257
164,294,429,353.93926032583613
168,301,427,354.79007877898727
170,314,424,357.4045327076868
165,282,438,358.06424004639166
166,284,438,358.74503480884584
167,283,439,359.3438464757676
154,245,454,362.8567210346255
179,520,185,368.6963520296885
106,48,454,370.6453830819966
185,417,374,374.25258850140233
182,535,162,378.9419480606495
169,230,474,379.3283538044579
116,49,464,379.8855090681928
115,47,464,380.4799600504605
176,307,455,382.9255802372048
184,546,130,386.0906629277636
129,96,482,386.50485119853283
187,546,139,386.87077946001557
186,547,131,387.1640479176753
195,515,265,390.1435633199656
197,520,263,393.8591118661596
139,102,495,398.39302202724383
171,168,502,401.06109260310956
172,166,504,403.0310161761747
174,204,508,409.26519519744164
173,201,509,409.9560952102066
177,204,511,412.24871133819204
204,543,258,413.0048425866215
210,485,363,416.6773331968035
175,185,518,417.6900764921283
203,567,200,417.8959200566572
212,534,291,418.60363113570816
178,185,519,418.68842830916645
214,534,294,419.9738087071621
193,266,509,421.2944338583172
194,269,509,422.05212948165536
217,485,372,422.3943654927229
200,583,121,422.47366781848075
205,390,457,423.2930427020978
208,573,199,423.4949822607111
181,183,524,423.5717176582969
183,197,524,424.5291509425472
213,573,209,425.9201803155141
201,586,129,425.9213542427757
196,268,514,426.63567595783644
180,167,528,427.0421524861451
198,272,516,429.5881748838066
199,297,512,432.9168511388763
188,180,536,435.41474481234553
192,204,536,437.1201207906129
190,198,537,437.5671377057468
189,184,538,437.6048445801303
191,190,540,439.95681606266766
202,298,521,441.77935669290844
222,602,160,444.92920785221554
207,300,524,445.25273721786374
221,604,150,445.70169396133105
209,308,522,445.92600283006595
225,579,257,446.1614057714988
223,603,165,446.6094490715574
227,497,399,449.1102314577124
219,350,509,449.64986378292167
216,314,524,449.8199639855928
228,486,414,451.2139182250477
220,348,512,451.54180315891017
230,487,414,451.9347298006649
215,295,534,453.2604108015612
206,255,546,454.8197445142416
218,307,533,456.0043859438196
224,614,156,456.32663739913323
226,617,155,459.18623672753955
229,617,172,461.49431199094965
231,613,199,462.50189188802244
235,457,457,462.98164110469867
236,456,458,463.11337704713304
241,496,422,463.9676712875586
233,616,198,465.2246769035366
239,458,460,465.9291791678216
242,507,418,469.26005583258416
234,628,159,470.5879301469599
238,631,159,473.56520142426007
211,199,574,474.5239719972006
243,585,326,480.0010416655364
237,642,97,481.01663172909105
245,539,403,483.82641515320347
253,596,325,489.2862148068347
232,295,574,491.6146865178053
251,490,468,492.87929556839777
249,462,493,494.2317270269079
240,301,576,495.20197899443014
261,600,332,496.0665277964237
254,467,492,496.5047834613479
257,640,240,498.7604635493876
244,658,144,498.8566928487579
263,606,327,499.1001903425804
256,453,506,499.2884937588688
264,605,330,499.5768209194658
258,653,204,502.6658930144356
269,611,328,504.012896660393
252,666,139,506.42768486724736
265,478,496,506.4721117692464
271,587,375,506.50962478515646
270,615,326,506.69616142220775
255,667,138,507.35096333800334
268,455,518,510.22054055084845
277,614,336,510.32734592612223
262,669,166,512.1415819868564
246,344,580,512.7670036186026
247,345,580,513.1247411692405
273,474,511,515.8187666225416
266,415,550,515.8652924940774
274,475,511,516.4261805911857
275,473,514,517.6031298205219
279,644,294,520.1326753819644
278,492,506,523.0544904692053
280,491,509,524.7513696980695
272,687,132,526.9127062426944
248,283,614,527.3073107780699
282,534,474,527.5016587651645
276,689,132,528.9092549766925
259,299,615,532.202968800438
260,299,616,533.1688287962829
250,266,624,533.4360317788817
284,508,507,534.083326832059
289,591,421,536.0037313302959
291,589,426,537.4095272694744
285,682,233,537.4616265371882
281,403,582,538.4468404587402
267,299,622,538.9666037891402
288,683,243,540.9695000644676
290,687,238,543.548525892583
283,413,583,543.9007262359556
287,452,563,546.0082416960389
295,597,430,546.2023434589054
297,598,431,547.602958355778
293,693,234,548.3730482071488
294,692,245,550.1790617608053
299,673,309,552.6373132534574
298,536,507,552.6852630566515
286,714,112,553.1093924351674
301,613,422,554.3870489107768
304,611,426,555.0900827793629
306,629,401,555.8992714512225
302,570,479,556.9245909456683
307,569,482,558.2338219778519
310,600,446,558.3421889844972
311,600,448,559.580199792666
296,429,599,565.533376557034
317,626,423,565.6049858337531
308,504,551,565.8171082602576
322,631,422,569.1581502535125
320,578,491,570.9544640336916
316,717,241,573.3550383488401
326,638,421,574.3944637616208
314,725,210,574.4362453745412
327,616,453,575.2642870889866
321,534,539,575.302529109685
305,418,617,576.4590184913408
330,621,451,578.013840664737
333,621,453,579.2270711905651
313,737,165,579.5446488407947
315,738,164,580.4291515766588
318,741,164,583.4115185698685
292,285,672,584.3089935984214
334,530,557,586.5978179297977
346,648,430,587.7159177698014
303,346,660,588.8174589802853
309,353,659,590.1084646062959
300,316,671,590.6987387831465
312,351,664,594.1960955778825
328,442,626,595.4712419588371
358,651,447,599.8466470690655
337,443,631,600.3532293575175
348,749,224,600.7270594870852
360,651,449,601.0024958350839
361,648,454,601.4798417237273
344,470,618,602.3039099989306
319,350,673,602.415969243844
340,450,631,603.6729246868705
362,623,491,604.6023486557094
363,719,338,606.2449999793813
352,494,608,606.5789313848611
323,350,679,608.1159428924718
324,347,681,609.0944097592753
355,501,607,609.619553492176
329,360,678,610.3523572494826
364,730,326,611.8709014163037
359,510,604,612.2172816900876
365,732,323,612.6377396145294
366,724,344,613.2030658762234
336,363,680,613.2250810265347
370,699,396,613.5706968231126
367,722,350,613.7768324073498
371,735,327,616.8889689401165
373,725,352,617.3305435502118
338,351,689,617.9352716911376
342,361,687,619.18979319753
339,349,691,619.2285523132796
376,700,413,622.7880859489848
325,277,713,622.8964600958975
332,297,710,624.0008012815368
378,700,416,624.2964039620923
350,368,690,624.3156253050215
375,602,543,624.3756881878089
335,294,712,625.3079241461761
351,368,692,626.2028425358671
372,507,624,627.0924971644932
368,492,634,627.4153329334564
331,273,719,628.0668754201259
354,368,694,628.0907577731103
369,470,651,630.8573531314349
381,737,360,631.5512647442011
345,292,721,633.6884092359588
374,485,647,634.8952669535346
382,611,549,634.9834643516317
341,275,726,635.3117345051955
379,780,245,635.5289135830092
343,278,726,635.8569021407254
385,756,330,637.54686102278
387,652,508,637.7538710192201
347,283,727,637.7773906309317
377,492,647,638.4958887886437
349,289,727,638.9522673877916
389,677,479,639.6405240445605
380,511,638,640.9906395572403
384,554,608,641.481098708294
353,286,732,643.2619994994263
356,302,729,643.6342128880348
390,753,363,647.3855111137412
383,499,654,648.114958938613
386,517,643,648.459713474939
391,754,364,648.7048635550684
357,278,740,649.6229675742692
394,756,363,650.1299870025994
397,720,433,650.1576731839747
388,490,666,653.8088405642739
398,679,510,660.0037878679183
399,681,508,660.3400639064694
393,528,650,660.3711077871291
400,680,521,667.6533531706405
392,424,722,674.3960260855634
402,620,596,675.0599973335703
403,656,561,675.7403347440494
395,424,724,676.2381237404469
401,577,636,677.702737193823
405,712,497,678.5403451527403
406,714,497,680.1654210557899
404,625,600,681.3934252691319
408,726,482,681.4587294913757
396,382,748,683.7031519599716
407,634,596,684.6561180621992
412,647,597,694.4148615921177
411,631,613,695.0136689303312
413,641,604,695.276204108842
415,627,621,698.2521034697997
423,790,415,703.0199143694296
419,638,618,703.4330103144151
424,700,553,703.4379858949899
410,484,730,707.0855676649044
409,438,754,709.3222116922605
414,505,722,709.9133749972598
429,800,415,711.981039073373
417,506,724,712.147456640828
418,505,726,713.4150264747723
431,803,416,715.1146761184531
432,763,488,715.6626300150092
416,471,747,716.530529705469
433,763,491,717.2893418976752
426,568,695,720.0590253583382
420,483,746,720.9084546598133
425,542,714,721.7548060110165
421,470,757,725.1324017033028
422,461,763,726.8039625648721
427,482,759,732.1236234407411
436,550,723,733.6245633837515
437,552,723,734.6870081878404
428,463,771,734.917682465186
430,467,771,736.5704311197945
434,477,772,741.6852432130493
435,477,773,742.5900618780189
439,587,710,743.2072389313764
438,480,782,752.0119679898718
443,702,628,755.2549238502189
440,598,717,755.2648542067875
441,649,679,756.4575335073345
442,661,669,756.7192345910073
444,675,660,759.3925203740158
446,722,614,760.1907655319156
447,704,635,761.5805932401377
445,675,665,763.0805986263837
448,710,632,763.7813823339765
449,670,681,771.6741540313502
450,724,658,791.9709590635252
451,645,752,811.2071252152559
452,705,711,817.334692766678
