314,530,557,18.439088914585774
291,505,552,31.78049716414141
280,536,507,32.0624390837628
268,509,507,40.607881008493905
266,491,510,51.86520991955976
263,492,507,52.80151512977634
300,578,491,65.11528238439882
259,475,511,65.30696746902278
260,473,514,65.92419889539804
256,474,511,66.2117814289874
288,569,482,66.88796603276258
348,602,543,68.11754546370561
334,511,604,68.9492567037528
289,571,480,69.6419413859206
250,478,496,70.60453243241541
357,554,608,71.84010022264724
330,502,606,74.24957912338628
358,612,551,78.91767862779544
326,494,608,79.75587752636166
251,455,518,81.74350127074322
234,467,492,81.8413098624405
237,493,468,81.98780397107853
240,455,507,85.23496934944014
230,462,493,85.44003745317531
270,452,563,85.44003745317531
343,507,624,89.1852005660132
243,521,443,96.87620966986684
233,515,441,99.82484660644363
246,527,439,100.24470060806208
231,512,441,100.43903623591775
225,509,441,101.13851887386922
354,511,638,101.6366075781753
321,470,618,101.67103815738285
336,624,490,102.47438704378767
341,490,634,104.69479452198185
376,622,596,104.84750831564858
375,580,634,105.55093557141026
359,516,645,107.5174404457249
235,524,431,108.46197490364999
222,458,461,108.90362712049586
292,599,449,111.01801655587259
367,528,650,111.16204388189342
218,456,458,112.44998888394787
217,457,457,112.48555462813881
290,599,447,112.6454615153225
378,634,596,115.10430052782563
350,492,647,115.8792474949678
347,485,647,118.59595271340417
307,616,453,118.82760622010359
356,499,654,120.20815280171308
249,414,550,120.50311199301038
277,429,599,120.93386622447825
361,652,508,122.00409829181969
381,631,613,122.00409829181969
315,622,454,122.34786471369249
310,621,451,123.7457069962429
377,656,561,123.96773773849388
384,627,621,123.98790263570072
278,597,432,124.16923934694937
383,641,604,125.19584657647394
279,598,431,125.53883861180172
273,589,426,125.67418191498204
382,647,597,127.01574705523721
387,639,611,127.31457104353767
340,468,650,129.1394595001853
267,412,583,129.6919426949878
388,638,618,130.60245020672468
214,487,417,130.74020039758238
272,591,421,131.04579352272242
362,490,666,134.40610105199838
226,539,404,135.09256086106296
286,611,426,136.74063039199433
265,403,582,137.87675656179326
283,611,423,139.2300254973761
287,418,617,139.7855500400524
211,459,421,139.8177385026664
335,648,455,141.60508465447137
374,680,523,146.87409574189726
333,651,449,147.61097520171052
373,680,512,148.47558721890948
372,681,508,150.23315213360866
303,632,423,151.85519418182574
363,677,479,155.07740002979156
308,638,422,156.54072952429985
323,649,431,157.76247969653622
393,568,695,159.66214329013624
194,392,458,163.47782724271815
208,486,380,166.0873264279969
391,700,553,166.5893153836704
284,628,400,167.80047675736802
257,588,375,172.66151858477326
206,486,372,173.761330565808
392,541,713,174.14074767268
404,587,710,179.02513789968157
199,486,364,181.46349495146399
401,557,719,181.46349495146399
402,559,719,181.72781845386248
406,661,669,181.738823590338
408,675,660,185.80096878111266
209,350,509,186.4296113818832
210,348,512,187.94946129212502
385,505,725,188.2471779336944
409,675,665,189.0952141118331
407,702,628,190.11838417154718
405,599,719,191.3765920900464
227,344,580,194.3733520830466
228,344,581,194.58674158328466
411,704,635,195.2331938989884
380,485,731,198.15398053029367
412,710,632,199.06029237394384
379,726,482,200.28230076569423
410,722,614,202.4080037943164
178,417,372,203.90684147423792
352,701,417,206.81634364817495
351,701,414,208.60009587725506
364,424,721,212.6593520163174
389,484,747,213.92522057952868
371,720,433,214.0840956259946
368,424,723,214.37350582569667
262,614,337,217.26481537515457
245,600,332,217.26711670199887
413,688,693,217.78888860545663
344,700,398,217.8003673091485
386,472,748,218.0022935659164
223,585,327,218.04815981796315
293,353,661,218.27734651126764
205,315,524,219.5130975591206
252,606,331,220.10906387516167
316,364,681,221.50395030337495
312,361,679,222.55111772354684
285,346,660,223.57325421436258
296,350,666,223.57325421436258
248,606,327,223.89283150650448
236,597,324,224.04017496868727
414,724,658,224.18965185752887
254,611,328,224.61077445216202
294,347,665,225.48835890129672
197,308,522,226.63847863944022
255,615,327,226.947130407062
394,482,760,227.03523955544875
207,307,533,227.07928130941406
328,368,694,227.11450856341168
320,361,687,227.6686188300882
329,368,695,227.7981562699751
390,470,758,228.16003155680005
302,350,675,228.80559433720146
306,350,680,231.81242417092315
397,763,492,233.77339455121918
195,300,524,234.48027635602958
304,347,681,234.8041737278109
221,301,576,235.9194777885031
398,765,489,236.34931774811622
317,351,689,236.61994844053194
191,298,521,236.6854452643846
204,296,535,238.03361107205006
188,297,512,238.53301658261063
309,345,685,238.8242031285774
318,349,691,239.4347510283334
399,477,773,240.8422720371156
396,467,771,241.48084810187328
216,295,574,241.54916683772686
400,477,774,241.81397809059757
171,307,455,242.0433845408711
395,465,771,242.0433845408711
415,705,711,242.53865671269807
203,535,296,243.00205760445732
242,299,615,246.98380513709802
202,535,292,247.00202428320299
244,299,616,247.29334807066687
156,327,401,248.78303800701525
403,480,782,248.92770034690795
253,299,623,249.56161563830284
159,321,408,250.05999280172747
282,316,671,254.8489748851268
145,322,394,256.8443108188305
158,307,418,257.2353008434107
157,308,416,257.30332294783915
164,301,429,257.6606295109907
154,307,416,258.18210627384695
370,382,748,258.42793966597344
148,305,412,261.8587405453559
232,283,616,262.54523419784255
161,294,430,263.592488512097
143,305,406,264.82069405543064
144,302,409,265.9398428216426
184,269,509,266.6927070618917
186,268,514,267.1722290957651
281,673,309,268.73965096353015
152,289,427,269.386339668514
162,284,438,269.6312296452323
141,296,412,269.7647122957337
132,309,390,269.8629281690985
345,727,350,270.12959852633696
163,283,439,270.1869722988138
133,307,392,270.44038160008574
136,300,403,270.65106687393643
355,738,361,270.7397274136177
264,645,292,270.79512551004314
349,731,353,270.9335711941213
160,282,438,271.48664792214
140,294,412,271.53084539329967
151,283,431,273.2489707208428
134,297,402,273.7480593538519
337,720,338,273.85580147223465
149,283,429,274.0456166407337
135,296,403,274.11676344215067
142,287,419,274.6069918993324
185,515,265,274.6579691179559
346,731,346,275.7861490358064
150,279,433,276.1539425755135
129,384,307,276.26798583983634
187,520,263,276.3548443577568
193,255,546,279.0877998050076
192,543,260,279.1451235468748
147,276,432,279.30807363912703
130,295,394,279.5460606054036
137,281,418,280.4460732476032
146,275,431,280.6153951585693
124,340,336,280.79351844371337
127,297,388,281.0160137785746
365,754,364,281.1138559374119
229,265,622,281.51376520518494
366,755,364,281.89714436297504
275,285,672,282.29417280560364
131,284,407,282.7083302628347
369,756,363,283.30195904723286
212,579,257,285.56785533389433
338,730,326,289.4563870430224
120,360,306,290.80061898145954
121,363,303,291.4395306062649
342,735,327,292.138665705175
313,297,710,292.2498930709813
339,733,324,292.9607482240582
117,357,303,295.0
123,385,282,297.06901555025894
331,303,729,299.1003176193566
153,245,455,300.9601302498389
110,296,349,304.538995860957
360,758,331,305.6795707926848
325,289,727,308.81871704933945
102,315,321,309.00647242412253
305,277,713,310.3626910567699
165,230,475,310.6638054231616
104,344,292,311.62316987027776
324,285,727,312.00160255998685
327,286,731,313.63673254260254
99,316,313,314.00636936215164
98,317,311,314.75863768926183
322,280,726,315.41242841714404
112,376,266,315.42510997065534
105,358,277,315.6263613832026
311,274,719,316.22776601683796
241,640,240,317.2333525971063
319,275,726,319.4526568992658
95,319,300,321.4747268448952
109,376,256,324.11880537852164
332,278,740,325.4796460610095
155,470,218,327.3178882982108
114,239,397,327.3973121453504
169,205,508,330.45725896097366
201,573,210,331.3034862478812
271,683,243,331.3864813175094
200,203,574,332.8453094156503
89,283,320,333.1095915761058
168,201,508,334.43983016381287
274,688,240,336.3287082602376
176,197,521,337.4803697994892
92,354,251,339.62332075403776
196,571,200,341.0131962256006
198,574,200,341.35172476494097
183,190,538,344.0014534853014
119,421,214,344.0842919983416
276,695,234,344.88548824211205
215,614,201,347.3384516577455
172,185,519,349.57259617996374
170,185,518,349.6312343026578
219,618,198,351.1936787586018
175,183,524,351.32036661713767
174,521,187,352.239975017033
182,180,536,354.0127116361784
139,470,190,354.81967250985394
125,443,196,354.8661719578241
100,207,399,355.7091508522096
122,435,197,356.0407280073447
93,206,385,362.3534186398688
126,451,184,364.5737236828787
94,202,388,364.72592449673766
113,422,191,365.57899283191864
101,191,408,367.16481312892716
173,167,528,367.16481312892716
166,168,503,367.7662300973269
167,166,504,369.66065519608657
79,280,269,370.69664147386067
107,414,187,371.8924575734227
177,536,164,375.0053332954079
213,617,171,377.24395290050705
295,723,211,378.55646870711377
118,438,170,381.2833591962807
111,426,172,382.5611062301028
353,781,246,383.22056312259656
90,177,392,386.08030252785494
80,203,337,387.76926128820475
247,669,168,394.7986828752092
82,350,188,396.30417610719167
81,350,187,397.1901307938051
181,545,140,399.1516002723777
74,198,317,402.715780669196
91,405,157,403.1935019317648
106,430,147,405.56133938037044
103,428,147,406.07881008493905
62,239,258,407.4137945627271
180,547,131,408.2070553040454
179,546,130,409.1760012512953
59,245,248,410.1243713801949
58,244,248,410.8296483945627
190,585,131,411.17514516322603
86,161,365,411.58838661944776
224,658,144,414.00603860330347
54,228,258,415.44795101191676
239,668,143,418.0574123251494
238,668,142,419.00477324250136
189,585,123,419.1145428161614
88,133,402,423.75700584179134
297,737,165,425.54083235337123
97,425,127,426.1748467472007
299,741,166,426.5887949770833
298,738,164,426.8969430670592
48,227,237,430.64254318401936
50,208,257,431.0452412450461
51,207,258,431.1496260000697
138,105,496,431.1496260000697
49,209,254,432.26149493101974
47,241,221,432.40374651475906
258,687,134,432.936484949005
261,689,134,433.64732214093056
46,243,216,434.752803326212
45,240,217,436.02752206712825
96,111,428,437.3213921133975
72,143,334,441.48159644542375
128,96,482,441.6933325283505
44,206,242,442.48502799529837
65,322,150,443.0180583226828
60,316,153,443.30576355378014
42,227,214,447.0727010229992
61,321,144,448.7694285487816
39,207,230,449.89998888641907
38,219,215,451.8860475827949
67,331,135,452.133829745132
220,643,99,453.3001213324347
37,215,215,454.6834063389602
64,328,133,455.27134765983243
63,128,330,456.6366170162003
56,321,135,456.71106840101874
57,323,131,459.3310353111359
269,714,114,461.5463140357639
41,155,270,464.7601531973239
40,154,270,465.5759873532998
43,293,118,485.09998969284675
116,50,465,489.6243457999204
115,47,465,492.590093282437
108,47,455,494.19125852244696
71,71,357,497.4866832388582
69,71,353,498.96392655180995
78,59,386,499.0330650367769
68,70,353,499.8919883334799
70,68,357,500.2799216438733
84,53,397,501.52268144122854
55,72,341,502.64102498701794
76,56,382,503.1232453385552
73,59,368,504.84254971228404
53,70,339,505.2682455884201
75,57,372,505.3889591196072
52,71,336,505.5472282586465
85,47,398,507.0009861923347
66,62,352,507.69380535909636
34,220,138,509.31031797912755
83,44,398,509.88331998605327
77,46,388,510.82775962157734
87,41,402,511.68154158617057
33,215,135,514.7591669897681
36,87,280,516.6139758078559
32,217,128,519.0472040190565
30,206,136,519.6085064738644
27,177,159,521.3914076775719
31,122,216,523.5198181540027
29,206,127,526.6194071623263
26,160,166,528.2092388438506
28,121,209,528.6482762669334
25,129,184,538.5629025471397
24,138,162,546.7586304760081
35,260,65,547.4961187077038
21,135,161,549.6225977887008
22,134,162,549.6626237975437
18,131,153,558.0367371419197
17,129,152,560.1731875054356
16,109,162,568.1144250941002
14,106,162,570.3621656456536
13,110,157,570.701322935211
15,100,167,571.611756352159
23,200,75,571.7097165520278
10,114,150,572.4692131459997
19,190,79,574.4005571027939
11,161,101,575.302529109685
7,109,150,576.147550545865
12,167,94,576.813661419353
8,158,99,578.7711119259495
20,199,67,578.7996199031232
9,164,93,579.4963330341271
4,149,102,582.4036400985145
6,157,93,583.990582115842
5,162,84,587.7150670180237
3,146,94,590.3973238421733
2,143,96,590.8722366129584
1,138,62,619.9556435746028
0,136,63,620.4675656309522
