354,511,638,8.602325267042627
367,528,650,13.0
356,499,654,19.235384061671343
343,507,624,22.847319317591726
350,492,647,24.08318915758459
341,490,634,28.231188426986208
347,485,647,31.064449134018133
362,490,666,33.421549934136806
334,511,604,41.30375285612676
330,502,606,41.43669871020132
326,494,608,43.04648650006177
340,468,650,48.25971404805462
357,554,608,53.03772242470448
321,470,618,53.33854141237835
375,580,634,64.93843238021688
393,568,695,72.13875518748573
392,541,713,72.44998274671983
385,505,725,80.75270893288967
401,557,719,84.59905436823747
402,559,719,85.58621384311844
314,530,557,89.10667763978185
380,485,731,91.4166286842826
291,505,552,93.64827814754524
404,587,710,96.26006440887103
277,429,599,98.41239759298622
287,418,617,101.92153844992725
270,452,563,104.01922899156675
389,484,747,106.90182411914213
301,534,539,107.5174404457249
405,599,719,111.19802156513397
386,472,748,112.0044641967453
384,627,621,113.5649593844862
376,622,596,116.77756633874505
364,424,721,119.33147112141039
381,631,613,119.36917525056458
394,482,760,119.9208072020865
368,424,723,120.61509026651682
267,412,583,121.07848694132248
390,470,758,122.00409829181969
388,638,618,124.95199078045935
387,639,611,127.61269529321916
378,634,596,127.76932339180638
265,403,582,129.37542270462347
383,641,604,131.55227098001768
348,602,543,133.41664064126334
399,477,773,133.80956617521784
358,612,551,134.35773144854747
400,477,774,134.7664646712972
396,467,771,135.19245541079576
395,465,771,135.9301291105103
266,491,510,137.2953021774598
260,473,514,137.87675656179326
268,509,507,138.1774221788784
249,414,550,139.38794782907166
280,536,507,139.44174410842686
382,647,597,139.51702405083043
263,492,507,140.07141035914503
259,475,511,140.13208055259867
256,474,511,140.42791745233566
251,455,518,140.8900280360537
403,480,782,141.65097952361643
406,661,669,146.972786596703
240,455,507,150.88074761214565
250,478,496,153.7693077307692
328,368,694,155.90060936378666
316,364,681,156.20499351813308
329,368,695,156.21779668142807
312,361,679,158.68522300453813
408,675,660,159.70597985047397
409,675,665,160.25292509030842
320,361,687,160.58953888718904
234,467,492,160.65490966665163
230,462,493,161.3071604114337
377,656,561,163.2666530556684
293,353,661,163.783393541592
300,578,491,166.01204775557707
296,350,666,167.32304085211933
302,350,675,168.68906307167634
370,382,748,169.01183390520322
306,350,680,169.64963896218583
294,347,665,170.17931719218996
285,346,660,170.66048165876012
317,351,689,170.76592165886026
288,569,482,171.40011668607463
304,347,681,172.7917822120022
318,349,691,173.21951391226105
289,571,480,173.92527130926086
309,345,685,175.6160584912439
237,493,468,178.48809484108457
413,688,693,178.5721142843977
228,344,581,183.52111595127138
227,344,580,183.87223825254318
407,702,628,186.77526602845464
411,704,635,188.26576959181932
336,624,490,188.91532494744834
222,458,461,192.92485583770693
361,652,508,193.04144632694815
412,710,632,194.4350791395421
218,456,458,196.38991827484423
217,457,457,197.0406049523803
415,705,711,200.19240744843447
282,316,671,201.6829194552677
243,521,443,202.06187171260194
233,515,441,204.00245096566854
231,512,441,204.0392119177096
225,509,441,204.12006270820123
374,680,523,204.40156555173445
391,700,553,205.71825392998065
246,527,439,206.29348026537338
410,722,614,208.31946620515328
414,724,658,208.40585404445815
373,680,512,211.15160430363773
292,599,449,212.8497122384712
235,524,431,214.1494805036893
210,348,512,214.27319011019554
372,681,508,214.46211786700232
209,350,509,214.59729728027799
290,599,447,214.6928037918365
307,616,453,216.48094604375694
253,299,623,218.11235636707977
315,622,454,218.44221203787512
244,299,616,218.92921230388603
242,299,615,219.06391761310215
310,621,451,220.592384274707
194,392,458,224.37691503361035
221,301,576,225.80079716422614
278,597,432,227.8815481779953
313,297,710,228.44255295369118
331,303,729,228.96506283710622
279,598,431,229.17242417009948
214,487,417,229.83689869122406
273,589,426,230.8462691922917
211,459,421,231.1384866265244
363,677,479,231.25094594401122
335,648,455,231.35254483147577
216,295,574,232.12496634356245
275,285,672,232.57256931977167
205,315,524,234.61031520374377
232,283,616,234.7977853387889
272,591,421,236.22235287965447
207,307,533,237.11811402758752
333,651,449,237.9936973955403
286,611,426,238.71740615212792
325,289,727,241.3565826738521
283,611,423,241.47256572952548
197,308,522,241.6464359348178
226,539,404,242.09502266672067
324,285,727,245.12241839538055
327,286,731,245.55243839147678
204,296,535,245.96747752497686
195,300,524,247.58230954573472
305,277,713,248.4854120466632
322,280,726,249.51352668743232
303,632,423,250.4795400826183
191,298,521,250.79872407968904
323,649,431,251.9622987670973
229,265,622,252.05158202241066
311,274,719,253.06125740618614
308,638,422,254.19087316424248
319,275,726,254.24791051255465
188,297,512,256.2225595063791
332,278,740,256.25963396524236
379,726,482,265.8364158650955
208,486,380,266.6927070618917
284,628,400,269.386339668514
206,486,372,274.6434051638597
193,255,546,279.1451235468748
257,588,375,279.43514453268045
186,268,514,280.4728150819612
184,269,509,281.966310044303
171,307,455,282.4553061990516
199,486,364,282.59688604087626
178,417,372,290.3962809679215
397,763,492,290.5477585527033
352,701,417,293.6136917788406
398,765,489,293.83158441529054
371,720,433,294.2108087749327
351,701,414,295.94931998570297
164,301,429,304.76384299978895
159,321,408,306.91041038061906
344,700,398,308.00162337234525
158,307,418,308.5611770783875
156,327,401,308.6373276193273
161,294,430,309.0453041222274
157,308,416,309.3622472119053
154,307,416,310.0354818403855
162,284,438,310.9228200052225
163,283,439,311.0064308016797
160,282,438,312.41798923877604
148,305,412,314.3405796266209
152,289,427,314.7268657105713
151,283,431,316.36213427020624
145,322,394,317.2333525971063
149,283,429,317.71842880135233
150,279,433,317.98270393214784
144,302,409,318.57809089766357
143,305,406,318.8134250623709
141,296,412,320.45124434147544
147,276,432,320.887830869293
200,203,574,320.95170976332247
142,287,419,321.74057872764513
140,294,412,321.8275935963229
146,275,431,322.29955010828047
262,614,337,323.2150986572255
245,600,332,324.07560846197606
136,300,403,324.3763246601083
223,585,327,325.39975414864716
252,606,331,326.6435365960882
137,281,418,326.73230633042704
135,296,403,327.0535124410071
134,297,402,327.1238297648155
133,307,392,328.16154558387854
132,309,390,328.4417756619885
248,606,327,330.4905444940899
254,611,328,330.9289954053588
153,245,455,330.96978714076005
236,597,324,331.0619277416236
131,284,407,332.3672667396716
165,230,475,332.7100840070827
255,615,327,333.0540496676178
130,295,394,334.4278696520372
127,297,388,337.6536687198882
169,205,508,339.83819679370947
176,197,521,342.2528305215313
183,190,538,343.11076928595526
168,201,508,343.50254729768744
203,535,296,349.516809323958
182,180,536,353.23788018840787
202,535,292,353.5109616405126
172,185,519,354.1708627202413
175,183,524,354.3021309560528
170,185,518,354.52785504103906
124,340,336,355.607930170293
355,738,361,360.4719129141687
349,731,353,362.61411996776957
345,727,350,362.6927073984256
129,384,307,362.86085487415147
173,167,528,368.0896629898753
365,754,364,368.2458417959394
346,731,346,368.27435425236985
337,720,338,368.5986977730659
110,296,349,368.80347069950415
366,755,364,368.89293839812115
369,756,363,370.30257898102735
281,673,309,370.87059737865445
114,239,397,371.79698761555346
120,360,306,373.17154232336634
121,363,303,374.66384933697566
264,645,292,375.8324094593227
166,168,503,375.85635554025157
117,357,303,377.1538147758816
167,166,504,377.3340694928037
185,515,265,380.00131578719567
102,315,321,381.2833591962807
187,520,263,382.02094183434497
338,730,326,384.1314879048579
123,385,282,385.91449830240896
192,543,260,385.94559202042973
342,735,327,386.1152677633973
339,733,324,387.4661275518158
99,316,313,387.5874094962322
98,317,311,388.78914593902954
104,344,292,392.674165180242
212,579,257,393.0814165029937
100,207,399,394.9645553717447
360,758,331,396.43410549547826
95,319,300,397.28327425150934
89,283,320,399.892485550804
105,358,277,400.48470632472345
101,191,408,402.2362489880791
112,376,266,404.0309394093477
93,206,385,404.5985664828782
94,202,388,405.7647101461634
109,376,256,413.4259304881589
90,177,392,423.0011820314454
241,640,240,423.55755216971403
92,354,251,426.00469480981076
155,470,218,429.4706043491219
271,683,243,435.3079369825457
138,105,496,437.1750221593178
201,573,210,438.71858861917394
80,203,337,439.1275441144634
274,688,240,440.01022715386966
119,421,214,441.34566951540376
79,280,269,443.92792207744714
276,695,234,448.28785395100766
196,571,200,448.3859944289072
198,574,200,448.7638577247504
128,96,482,450.5208097302499
86,161,365,452.133829745132
88,133,402,453.583509400419
215,614,201,454.686705325766
125,443,196,454.89559241654564
122,435,197,455.2636598719472
74,198,317,456.84570699526114
139,470,190,457.31936324629856
174,521,187,458.0272917632747
219,618,198,458.489912648032
96,111,428,459.47143545600306
113,422,191,463.62916215440976
126,451,184,465.55987799637546
107,414,187,469.22063040748753
62,239,258,475.9180601742279
353,781,246,478.9843421240406
59,245,248,480.67660646218263
295,723,211,480.8378104933097
58,244,248,481.2411038138783
118,438,170,481.361610434401
177,536,164,481.4156208516712
111,426,172,481.48624071721923
54,228,258,482.4033581972663
213,617,171,484.6411043236015
72,143,334,485.64390246352315
82,350,188,486.2149730314771
81,350,187,487.15500613254505
51,207,258,495.22722057657535
50,208,257,495.3867176257353
49,209,254,497.1217154782116
116,50,465,499.55580268874866
63,128,330,499.76894661433295
48,227,237,499.98499977499324
91,405,157,500.46478397585577
247,669,168,500.93712180272684
115,47,465,502.3554518465984
106,430,147,505.3711507397311
47,241,221,505.37214011063173
103,428,147,505.7153349464499
181,545,140,505.8319879169367
108,47,455,506.0247029543123
44,206,242,508.43780347255847
46,243,216,508.4977876058066
45,240,217,509.2739930528556
180,547,131,514.9339763503667
179,546,130,515.8730463980455
39,207,230,517.4031310303408
190,585,131,518.6106439324207
42,227,214,518.9238865190155
41,155,270,520.5247352431967
224,658,144,520.735057394833
40,154,270,521.2187640521013
38,219,215,522.5983161090361
239,668,143,524.5073879365285
37,215,215,524.8818914765492
84,53,397,525.2361373706116
78,59,386,525.2903958764142
238,668,142,525.4645563689334
97,425,127,525.9325051753314
189,585,123,526.5405967254567
297,737,165,528.4325879428709
299,741,166,529.2126226763681
298,738,164,529.7593793412251
76,56,382,529.8764006822723
71,71,357,530.0650903426862
85,47,398,530.0660336222271
60,316,153,531.0969779616524
65,322,150,531.6587251235514
69,71,353,532.2490018778805
70,68,357,532.5861432669836
83,44,398,532.7222540874372
68,70,353,533.0853590186097
87,41,402,533.5484982642159
75,57,372,534.0505594042571
73,59,368,534.3949850064089
77,46,388,535.6762081705701
61,321,144,537.611383808044
55,72,341,538.1003623860515
258,687,134,538.8524844519138
261,689,134,539.4905003797564
66,62,352,540.3378572708006
53,70,339,540.8807632001715
52,71,336,541.7619403391125
67,331,135,542.5172808307584
64,328,133,545.4246052388909
56,321,135,546.0082416960389
57,323,131,549.0400713973435
220,643,99,560.5755970428966
36,87,280,563.2637037835831
269,714,114,566.714213691522
43,293,118,572.2394603660255
31,122,216,582.4748921627438
34,220,138,587.0817660258238
28,121,209,588.3204908891072
33,215,135,592.2001350894814
27,177,159,592.5512636050994
30,206,136,595.9706368605755
26,160,166,596.8056635120012
32,217,128,597.2352970145016
25,129,184,601.9053081673229
29,206,127,603.675409471017
24,138,162,613.3294383934298
22,134,162,615.8027281524498
21,135,161,615.9683433424157
18,131,153,624.7311421723748
17,129,152,626.7519445522287
16,109,162,631.6153892995325
14,106,162,633.5526813138746
15,100,167,633.6718393616684
35,260,65,633.9842269331313
13,110,157,634.8070573016655
10,114,150,637.6746819499737
7,109,150,640.8385131996984
11,161,101,649.5852522956475
23,200,75,651.7330741952567
12,167,94,652.2284875716484
8,158,99,652.9012176432205
19,190,79,653.1707280642635
9,164,93,654.6816020020725
4,149,102,655.3914860600495
6,157,93,658.4717154138058
20,199,67,659.2215105713708
5,162,84,663.3528472841584
3,146,94,663.7024935918201
2,143,96,663.7243403703077
1,138,62,694.8186813838557
0,136,63,695.0712193725187
