85,47,398,6.082762530298219
83,44,398,9.055385138137417
77,46,388,11.40175425099138
78,59,386,12.529964086141668
87,41,402,13.0
76,56,382,15.297058540778355
75,57,372,25.317977802344327
73,59,368,29.614185789921695
70,68,357,42.720018726587654
71,71,357,43.86342439892262
66,62,352,45.89117562233506
68,70,353,47.16990566028302
69,71,353,47.53945729601885
108,47,455,58.309518948453004
55,72,341,59.135437767890075
53,70,339,60.440052945046304
52,71,336,63.60031446463138
96,111,428,65.76473218982953
116,50,465,68.06614430096654
115,47,465,68.26419266350405
88,133,402,80.15609770940699
128,96,482,95.25754563287887
63,128,330,100.56838469419701
72,143,334,109.85900054160332
138,105,496,111.8257573191436
86,161,365,112.64102272262978
36,87,280,121.8400590938793
90,177,392,124.10076550932311
101,191,408,138.43771162512041
94,202,388,149.27156460625713
93,206,385,153.46986674914396
100,207,399,154.01298646542764
167,166,504,155.62133529821674
166,168,503,156.40012787718558
80,203,337,161.55494421403512
40,154,270,162.265215003093
41,155,270,162.88953311984167
74,198,317,165.60495161679194
173,167,528,173.65770930194836
170,185,518,179.06702655709677
172,185,519,179.74426277353055
175,183,524,181.738823590338
168,201,508,185.0
114,239,397,186.0
169,205,508,188.2153022471871
182,180,536,188.2817038376273
176,197,521,190.03157632351525
165,230,475,193.42440383777844
31,122,216,193.70596273734063
183,190,538,196.596032513375
28,121,209,199.9199839935968
153,245,455,200.5691900566984
51,207,258,207.45360927204905
50,208,257,208.86598574205422
49,209,254,211.62466774929618
44,206,242,217.79348015953096
54,228,258,223.48601745970598
146,275,431,224.58851261807672
147,276,432,225.72992712531496
25,129,184,226.15260334561705
39,207,230,227.16733920174352
150,279,433,228.84929538890873
137,281,418,228.96506283710622
131,284,407,231.21634890292685
200,203,574,232.01077561182368
62,239,258,232.2003445303215
149,283,429,232.2154172315008
151,283,431,232.4994623649698
160,282,438,232.6413548791358
163,283,439,233.80333616097099
162,284,438,234.61031520374377
15,100,167,234.75306174787156
142,287,419,235.03191272676142
48,227,237,236.3810483097154
152,289,427,237.89913829183996
14,106,162,240.9024698918631
140,294,412,241.46635376383188
16,109,162,241.58021442162848
130,295,394,242.0185943269649
58,244,248,242.24367896810023
89,283,320,242.54690268069803
59,245,248,243.03291958086666
135,296,403,243.0740627874558
161,294,430,243.24884377936928
184,269,509,243.3105012119288
141,296,412,243.46252278328177
37,215,215,243.6554944999189
134,297,402,244.05122413132864
127,297,388,244.16592718886884
186,268,514,244.77336456403913
38,219,215,246.3331078032346
13,110,157,246.67590072806058
136,300,403,247.07286374670934
110,296,349,247.69537742961614
22,134,162,248.5678981686895
144,302,409,249.28898892650673
21,135,161,249.83994876720575
24,138,162,249.899979991996
164,301,429,250.05599372940455
193,255,546,251.00796800101784
143,305,406,252.1606630701942
148,305,412,252.44603383693712
42,227,214,252.5173261382276
7,109,150,253.26863208853953
133,307,392,254.04920783186867
10,114,150,254.42091109026396
26,160,166,254.57808232446092
154,307,416,254.70963860835735
158,307,418,254.86663179004034
157,308,416,255.70686341981516
132,309,390,256.09568524284043
18,131,153,256.1640099623677
17,129,152,256.51705596314645
47,241,221,257.52669764511796
45,240,217,259.55538907909425
171,307,455,260.5379051117131
79,280,269,260.6012279326404
46,243,216,262.4137953690697
159,321,408,268.2256512714621
27,177,159,268.36542251191753
145,322,394,269.0167281044062
188,297,512,269.74246977441277
102,315,321,272.80029325497435
156,327,401,274.02919552485645
191,298,521,274.592425241484
99,316,313,276.08875384557047
98,317,311,277.65446151646836
195,300,524,277.7372859376285
204,296,535,279.4512479843309
95,319,300,283.1342437784593
197,308,522,283.98943642325855
207,307,533,288.11803136909015
205,315,524,291.15803269015265
124,340,336,293.4109745732085
216,295,574,299.8216136305053
30,206,136,302.539253651489
221,301,576,305.8512710452582
33,215,135,308.0389585750478
34,220,138,308.1720298794165
229,265,622,309.142362027594
104,344,292,309.3638634359223
4,149,102,310.22733599732953
29,206,127,310.3369136922
2,143,96,314.1671529616042
32,217,128,315.0507895562238
11,161,101,315.08728949292765
8,158,99,315.9572755927611
210,348,512,316.62280397975127
3,146,94,316.9511003293726
209,350,509,317.4161306550126
232,283,616,317.58620876857987
117,357,303,318.2011942152323
120,360,306,320.2030605725061
6,157,93,321.29737004837125
9,164,93,323.6309626719916
12,167,94,323.736003558455
121,363,303,323.93826572357887
105,358,277,327.75753233144775
242,299,615,328.69438693108225
244,299,616,329.3584673270144
5,162,84,331.436268383531
253,299,623,334.0538878684096
92,354,251,334.53998266276034
129,384,307,343.0174922653362
227,344,580,343.7586362551492
0,136,63,344.15839376659113
228,344,581,344.2920272094607
194,392,458,344.4444802867365
1,138,62,345.61539317570913
19,190,79,346.2556858738929
112,376,266,348.5541564807397
123,385,282,351.35309874825356
109,376,256,352.4343910573995
23,200,75,353.96751263357487
60,316,153,358.75479090877656
275,285,672,359.79021665409414
20,199,67,360.85454133209964
82,350,188,363.16662842282193
81,350,187,363.7430411705494
178,417,372,364.8575064323057
65,322,150,365.1985761198967
43,293,118,368.0230971012553
61,321,144,368.5552875756906
56,321,135,374.79060820676926
57,323,131,379.01978840160837
282,316,671,379.7959978725421
64,328,133,381.209915925596
67,331,135,382.0052355662158
305,277,713,387.33964424003904
311,274,719,390.5444917035702
35,260,65,391.24544725785626
249,414,550,392.08417463600847
285,346,660,393.72325305981104
265,403,582,395.8850843363513
313,297,710,396.86899601757756
319,275,726,396.8941924493227
294,347,665,397.81905434506274
293,353,661,399.6198193283211
322,280,726,399.71239660535923
296,350,666,400.7118665575054
324,285,727,403.3906295391602
267,412,583,404.32289076924644
325,289,727,405.70432583348185
211,459,421,406.70874099286334
302,350,675,406.80830866637916
327,286,731,407.2407150568322
218,456,458,407.5904807524337
217,457,457,408.431144747802
304,347,681,408.7688833558641
222,458,461,410.0256089563187
309,345,685,410.13168616921075
332,278,740,410.21214023965695
306,350,680,410.24139235333143
119,421,214,410.99026752467023
331,303,729,415.60076997041284
240,455,507,416.7781184275393
318,349,691,417.1953978653168
317,351,689,417.21457309159274
312,361,679,417.59789271498965
107,414,187,417.6374025395714
251,455,518,419.81543563809083
230,462,493,420.11546032013626
316,364,681,421.1614892176159
113,422,191,422.60738280347164
320,361,687,423.04136913545466
234,467,492,424.75993219699996
91,405,157,426.03286258221914
287,418,617,426.1748467472007
277,429,599,426.82549127248717
122,435,197,431.18905366439907
270,452,563,432.15390776897993
328,368,694,432.936484949005
208,486,380,433.33358974351387
329,368,695,433.6231082403243
206,486,372,433.7211085478778
199,486,364,434.25568505202097
214,487,417,434.46058509374586
111,426,172,435.6076216045812
260,473,514,435.9919724031625
256,474,511,436.16166727487644
250,478,496,436.3782762695687
259,475,511,437.12698383879257
125,443,196,438.7493589738907
237,493,468,445.6915974078937
118,438,170,446.93847451299155
103,428,147,450.6939094329987
126,451,184,451.41222845642983
266,491,510,452.3416850125577
106,430,147,452.3593704125073
263,492,507,452.57154130590226
155,470,218,453.7951079507138
225,509,441,458.1178887579048
97,425,127,459.6563934070753
231,512,441,461.1041097192694
233,515,441,464.0905084140377
139,470,190,465.55128611142294
268,509,507,469.07995054148284
243,521,443,470.2552498377876
321,470,618,471.94279314340633
235,524,431,472.2255816873965
246,527,439,475.85712141356044
291,505,552,477.8378386021768
185,515,265,480.48725269251423
370,382,748,481.084192215874
187,520,263,485.84462536905767
340,468,650,486.0390930779128
226,539,404,486.0504089083765
326,494,608,488.8783079663077
203,535,296,492.4682730897494
364,424,721,492.5616712656396
202,535,292,493.3041658044254
368,424,723,493.87953996900904
330,502,606,495.2595279245014
280,536,507,495.36754031728805
341,490,634,497.12976173228657
347,485,647,499.1232312766057
301,534,539,501.52268144122854
334,511,604,502.6062076815208
314,530,557,503.11927015370816
350,492,647,505.1940221340708
343,507,624,507.5874308924523
192,543,260,508.7917059072406
174,521,187,512.956138475796
362,490,666,513.156896085398
356,499,654,514.7475109216168
354,511,638,517.5374382593012
288,569,482,522.9541088852826
289,571,480,524.6074723066762
359,516,645,525.2361373706116
300,578,491,533.348853940833
257,588,375,535.4521453874286
177,536,164,536.2629951805364
223,585,327,536.5855011086304
273,589,426,536.7839416376015
367,528,650,538.1765509570256
272,591,421,538.5350499271148
357,554,608,543.6193521205807
212,579,257,544.3124102939414
278,597,432,545.124756363165
380,485,731,546.0586049134287
279,598,431,546.0595205652952
386,472,748,546.5912549611455
290,599,447,548.2845976315585
292,599,449,548.4706008529537
236,597,324,548.8761244579691
245,600,332,550.8484365049973
390,470,758,551.5523547225594
201,573,210,552.602026778766
196,571,200,554.1958137698263
181,545,140,555.0792736177419
389,484,747,555.2125719037709
395,465,771,556.4350815683713
252,606,331,556.9245909456683
198,574,200,557.0008976653448
248,606,327,557.4127734453167
396,467,771,557.9175566335944
385,505,725,558.4693366694361
283,611,423,558.6054063469132
286,611,426,558.7530760541727
179,546,130,560.6585413600689
180,547,131,561.0632762888692
394,482,760,561.9697500755713
254,611,328,562.2499444197393
262,614,337,564.1994328249542
307,616,453,565.7782251023806
255,615,327,566.3426524640362
399,477,773,566.7027439495948
400,477,774,567.3667244384359
348,602,543,568.0818602983201
310,621,451,570.5611273124028
315,622,454,571.8478818706947
403,480,782,574.9382575546699
284,628,400,575.0078260336984
375,580,634,577.8390779447163
336,624,490,578.5239839453503
303,632,423,579.5834711238753
358,612,551,579.8249735911692
392,541,713,581.3776741499453
308,638,422,585.533944361896
215,614,201,594.2533129903442
190,585,131,594.794082014944
393,568,695,595.0033613350432
323,649,431,596.9690109210025
335,648,455,597.8202070857091
401,557,719,598.0802621722272
189,585,123,598.4145720150872
219,618,198,599.0208677500309
402,559,719,599.7666212786437
333,651,449,600.2566117919902
264,645,292,601.2395529237909
376,622,596,602.7951559194881
213,617,171,607.595260021011
241,640,240,607.6331129884217
361,652,508,609.1978332200468
378,634,596,614.135164275748
384,627,621,616.1590703706308
381,631,613,617.0413276272506
404,587,710,618.9709201569974
383,641,604,623.3722804231834
387,639,611,623.852546680704
377,656,561,624.9039926260673
388,638,618,625.352700481896
281,673,309,626.2140209225597
382,647,597,626.76630413576
363,677,479,629.3647591023825
405,599,719,633.8769596696192
373,680,512,637.4590182905879
372,681,508,637.7342706801949
374,680,523,639.5349873150021
344,700,398,647.0007727970656
351,701,414,648.2229554713409
352,701,417,648.308568507312
271,683,243,648.5491500264263
274,688,240,654.1207839535448
224,658,144,655.7697766747108
247,669,168,657.188709580437
220,643,99,660.9871405708284
276,695,234,662.3692323772293
239,668,143,665.3878568173603
391,700,553,665.5411332141688
238,668,142,665.7702306351644
406,661,669,666.0690654879568
371,720,433,667.9708077453685
337,720,338,669.6043607982253
408,675,660,675.3169626182953
345,727,350,675.6367367158183
409,675,665,677.2798535317584
379,726,482,678.3465191183633
349,731,353,679.4262285193294
346,731,346,679.9154359183207
338,730,326,680.7128616384445
339,733,324,683.9071574417101
342,735,327,685.5829636156371
355,738,361,685.9453330987827
258,687,134,686.3854602189647
261,689,134,688.2332453463724
407,702,628,688.8846057214517
411,704,635,693.1413997158155
295,723,211,695.3387663578093
412,710,632,697.7635702729112
413,688,693,700.600456751207
365,754,364,701.7763176397448
366,755,364,702.7752129948807
410,722,614,703.3135858207205
369,756,363,703.8217103784168
360,758,331,708.082622297709
397,763,492,716.3274390947201
398,765,489,717.919215511049
269,714,114,719.0340742969
414,724,658,719.9736106275008
297,737,165,722.2741861647833
298,738,164,723.5426732404939
415,705,711,723.6711960552251
299,741,166,725.7444453800525
353,781,246,743.4951243955807
