58,244,248,1.0
62,239,258,11.661903789690601
54,228,258,19.72308292331602
48,227,237,21.095023109728988
47,241,221,27.294688127912362
45,240,217,31.400636936215164
46,243,216,32.0624390837628
49,209,254,36.49657518178932
50,208,257,38.07886552931954
42,227,214,38.47076812334269
51,207,258,39.293765408777
44,206,242,39.45883931389772
79,280,269,40.8166632639171
38,219,215,42.01190307520001
39,207,230,42.04759208325728
37,215,215,44.598206241955516
89,283,320,81.41252974819048
74,198,317,83.48652585896721
95,319,300,90.44335243676011
41,155,270,92.64987857520376
40,154,270,93.62157870918435
98,317,311,95.67131231461184
99,316,313,96.26006440887103
80,203,337,98.41239759298622
102,315,321,101.13851887386922
104,344,292,108.33743581975715
92,354,251,109.04127658827184
27,177,159,112.0044641967453
34,220,138,112.80514172678478
110,296,349,113.14592347937243
105,358,277,116.66190466471906
33,215,135,116.91449867317569
26,160,166,118.10588469674151
30,206,136,118.59595271340417
60,316,153,118.6001686339442
82,350,188,120.93386622447825
81,350,187,121.43310915891102
32,217,128,123.2233744059949
65,322,150,124.63145670335399
117,357,303,124.77579893553076
31,122,216,127.09445306542689
29,206,127,127.12985487288185
120,360,306,128.79829191413992
61,321,144,128.80993750483694
124,340,336,129.49517365523704
28,121,209,129.98846102635417
121,363,303,130.18832512940628
109,376,256,131.24404748406687
112,376,266,132.23085872821065
25,129,184,132.48396129343357
72,143,334,133.41664064126334
56,321,135,136.1800279042415
24,138,162,137.27709204379295
43,293,118,138.57849761056005
21,135,161,140.24621207005913
22,134,162,140.41723540933285
57,323,131,140.61649974309557
64,328,133,141.8238343861849
67,331,135,142.00352108310554
93,206,385,142.44297104455524
63,128,330,142.87407042567241
86,161,365,144.03124660989366
123,385,282,144.06942770761603
94,202,388,146.4547711752676
18,131,153,148.39474384222643
114,239,397,149.12075643584967
127,297,388,149.34523762075577
17,129,152,150.57224179774968
129,384,307,151.00331122197287
130,295,394,154.3243337908834
100,207,399,155.7080601638849
132,309,390,155.7562197795003
133,307,392,156.7801007781281
90,177,392,159.24823389915505
16,109,162,160.90991268408544
36,87,280,161.20794025109308
134,297,402,162.5423021862309
13,110,157,162.8066337714775
135,296,403,163.17475294910057
14,106,162,163.45335726133007
10,114,150,163.6001222493431
131,284,407,163.71316379570703
136,300,403,164.46884203398528
145,322,394,165.0605949341029
15,100,167,166.0903368652132
7,109,150,167.6305461424021
101,191,408,168.86681142249356
143,305,406,169.00887550658396
11,161,101,169.30741271426953
144,302,409,170.79227148791014
140,294,412,171.1636643683466
141,296,412,171.74690681348528
8,158,99,172.53985046939155
12,167,94,172.6267650163207
156,327,401,173.5885940953495
137,281,418,173.76996288196645
148,305,412,174.63103962354458
4,149,102,174.73408368146153
9,164,93,174.88853593074649
142,287,419,176.08236708995025
159,321,408,177.13271860387624
19,190,79,177.72450590731714
6,157,93,178.23860412379804
23,200,75,178.7568180517879
154,307,416,179.075403112767
119,421,214,179.25400971805345
157,308,416,179.42407865166817
107,414,187,179.6719232378838
158,307,418,180.95303258028034
2,143,96,183.05190520723897
3,146,94,183.07648674802562
35,260,65,183.61372497719228
5,162,84,183.8069639594757
91,405,157,184.06792224611002
152,289,427,184.32851108821987
149,283,429,184.94593804677083
146,275,431,185.4427135263071
113,422,191,185.9516066077408
147,276,432,186.59314028120113
20,199,67,186.75384868858794
151,283,431,186.90371852908652
150,279,433,188.09837851507388
161,294,430,188.48076824970764
164,301,429,189.46503635235712
88,133,402,190.4205871222962
160,282,438,193.56910910576616
162,284,438,193.96133635340834
163,283,439,194.74342094150447
52,71,336,194.98717906570164
111,426,172,196.30843079195554
55,72,341,196.41283053812955
122,435,197,196.72569735548024
53,70,339,197.24603925047518
69,71,353,203.22647465327935
68,70,353,204.08331631958552
125,443,196,204.71443525066815
71,71,357,205.32169880458324
153,245,455,207.0
70,68,357,207.87015177749788
118,438,170,208.16579930430456
103,428,147,209.02152999152983
66,62,352,210.48752932181043
106,430,147,210.77476129745705
178,417,372,212.03773249117714
1,138,62,214.5809870421888
0,136,63,214.72307747422028
126,451,184,215.7127719909046
171,307,455,216.08563117431015
97,425,127,216.8893727225933
73,59,368,221.3504009483606
96,111,428,224.4014260204244
75,57,372,225.21101216414795
155,470,218,226.99118925632334
165,230,475,227.49505489130968
78,59,386,231.60310878742538
76,56,382,231.68297304722245
139,470,190,232.35533133543547
84,53,397,243.03291958086666
77,46,388,243.31255619059203
85,47,398,248.4028985338134
83,44,398,250.80071770232237
87,41,402,255.60125195311545
194,392,458,256.33766793040775
184,269,509,262.1011255221923
169,205,508,263.0589287593181
168,201,508,263.69679558159214
166,168,503,266.3719204420766
186,268,514,266.9925092582187
199,486,364,267.46401627134816
167,166,504,267.91229908311414
188,297,512,269.0724809414742
185,515,265,270.5346558206545
206,486,372,271.02951868754076
208,486,380,274.781731561616
211,459,421,275.1817581163403
187,520,263,275.40878707840824
170,185,518,276.5863337187866
176,197,521,277.1876620630868
128,96,482,277.41124706831914
172,185,519,277.5626055505316
191,298,521,278.09710534272017
197,308,522,281.1494264621573
209,350,509,281.3289889080043
195,300,524,281.42672225643395
174,521,187,282.66057383370605
175,183,524,282.8780656042458
210,348,512,283.3813684771813
205,315,524,284.7384765008059
138,105,496,284.787640181241
108,47,455,286.44894833111186
173,167,528,290.6613149354417
204,296,535,291.49614062625255
207,307,533,291.6659047609096
116,50,465,291.74303762043746
202,535,292,293.318939040765
115,47,465,293.7567020512043
203,535,296,293.945573193406
183,190,538,295.16944286290885
214,487,417,295.16944286290885
182,180,536,295.24396691549856
218,456,458,297.6927946726289
217,457,457,297.6995129320839
193,255,546,298.1677380267691
192,543,260,298.24151287169934
222,458,461,301.22748878546923
177,536,164,302.8811648155098
181,545,140,318.84792613407416
179,546,130,323.3032632065442
180,547,131,323.87188825212974
225,509,441,327.0244639166923
230,462,493,327.28275237170686
200,203,574,328.69438693108225
231,512,441,329.4510585807853
196,571,200,329.5147948120084
216,295,574,329.81206769916713
234,467,492,329.8787656094281
201,573,210,330.1938824387878
237,493,468,331.5177219998955
233,515,441,331.8870289722092
198,574,200,332.4830822763769
221,301,576,332.74614948936676
226,539,404,332.8242779606079
240,455,507,333.4381501868075
235,524,431,333.66150512158276
212,579,257,334.1212354819729
243,521,443,337.9363845459675
250,478,496,340.2837051637942
246,527,439,340.5950674921761
251,455,518,342.0526275297414
249,414,550,346.07080200444534
227,344,580,346.44624402640017
228,344,581,347.40466318113806
256,474,511,348.72625367184503
223,585,327,349.05730188609436
259,475,511,349.3837431821922
260,473,514,350.3426893771297
263,492,507,357.89663312191135
266,491,510,359.3883693165376
190,585,131,359.56779611083084
236,597,324,360.1110939696249
189,585,123,362.2499137335991
245,600,332,364.8026863936174
257,588,375,365.75674976683615
265,403,582,369.4861296449435
248,606,327,369.5429609666513
268,509,507,369.8337464320962
232,283,616,369.95675422946397
252,606,331,370.4186820342624
242,299,615,370.95147930693037
244,299,616,371.9408555133464
215,614,201,371.9811823197512
267,412,583,374.31804658605495
229,265,622,374.5343775943672
254,611,328,374.641161646715
219,618,198,376.3362857870604
270,452,563,376.92704864469465
255,615,327,378.33979436480115
253,299,623,378.8680509095482
262,614,337,379.5813483299726
213,617,171,379.8855090681928
272,591,421,386.83976010746363
273,589,426,387.3241536491108
280,536,507,389.56642565806413
241,640,240,395.08100435227203
277,429,599,396.30417610719167
278,597,432,397.1901307938051
279,598,431,397.6153920561929
288,569,482,399.6648596011413
291,505,552,400.019999500025
289,571,480,400.12498047485116
264,645,292,402.41272345690066
283,611,423,405.6858390429718
290,599,447,406.09974144291203
286,611,426,406.9889433387595
292,599,449,407.0835295120646
287,418,617,407.54140893901814
301,534,539,410.1243713801949
284,628,400,412.0594617285229
300,578,491,412.2353696615563
314,530,557,420.36412787011216
307,616,453,423.87026317023
285,346,660,424.19924563817887
303,632,423,424.72814834903517
220,643,99,424.976469936866
275,285,672,425.88261293459726
224,658,144,425.8931790954159
293,353,661,426.8875730212816
310,621,451,427.29966065982313
282,316,671,428.9172414347551
294,347,665,429.2936058224022
315,622,454,429.6102885173957
308,638,422,429.7964634568321
296,350,666,430.9860786614807
247,669,168,431.4811699251776
281,673,309,432.3251091481965
321,470,618,433.0415684434925
239,668,143,435.83712554118193
238,668,142,436.07912126126837
326,494,608,437.7225148424513
271,683,243,438.0285378830927
302,350,675,439.7203656871035
330,502,606,440.69604037249985
274,688,240,443.0722288747062
323,649,431,443.5143740624423
334,511,604,444.40072007142385
306,350,680,444.57732735712017
304,347,681,444.85166066903696
312,361,679,446.33731638750527
309,345,685,448.2956613664692
316,364,681,449.0545623863541
336,624,490,449.67210275933286
276,695,234,450.21772510642006
333,651,449,453.0309040231141
335,648,455,453.0540806570447
317,351,689,453.5603598199472
320,361,687,454.067175646952
318,349,691,455.04395392093716
258,687,134,456.46467552265204
341,490,634,457.1881450781505
343,507,624,458.27939076506595
261,689,134,458.40157067793734
340,468,650,459.7096910007445
328,368,694,462.6499756835614
348,602,543,463.11337704713304
329,368,695,463.6140636348298
313,297,710,464.9171969286574
347,485,647,465.6189429136233
305,277,713,466.0997747263991
350,492,647,469.26538333868183
311,274,719,471.8919367821408
354,511,638,472.07626502504866
357,554,608,474.4270228391296
358,612,551,475.9180601742279
356,499,654,478.90708911019476
319,275,726,478.94049734805265
344,700,398,479.0876746483883
322,280,726,479.27966783497084
295,723,211,479.42986974113325
324,285,727,480.6672445673826
359,516,645,480.67660646218263
325,289,727,481.01663172909105
361,652,508,482.95859035739284
337,720,338,483.4511350695125
331,303,729,484.48426187029025
362,490,666,484.509029843614
327,286,731,484.73704211665114
351,701,414,485.2751796661354
352,701,417,486.30957218627725
269,714,114,487.7673625817947
363,677,479,489.88263900652777
338,730,326,491.2321243567037
367,528,650,491.6228229039006
345,727,350,492.6743346268405
332,278,740,493.10546539254665
339,733,324,493.88257713752165
346,731,346,495.7822102496216
342,735,327,496.32751283804527
349,731,353,497.2132339348984
297,737,165,498.9519014895123
298,738,164,500.10498897731463
299,741,166,502.7325332619722
364,424,721,505.7370858459957
355,738,361,505.78453910731594
368,424,723,507.60811656237337
372,681,508,507.6376660571987
373,680,512,508.8428048032123
371,720,433,509.7548430373173
375,580,634,511.0978379919054
376,622,596,513.0623743756698
374,680,523,514.6357935472425
377,656,561,516.6139758078559
370,382,748,518.4293587365592
360,758,331,519.6710497997748
378,634,596,521.9434835305448
365,754,364,522.0507638151677
366,755,364,523.0258119825445
369,756,363,523.7804883727533
381,631,613,531.2447646800861
382,647,597,532.3579622772633
383,641,604,532.4960093747183
384,627,621,533.9035493420137
379,726,482,534.8990558974656
387,639,611,535.7284760025362
353,781,246,536.0037313302959
380,485,731,539.3412648778137
388,638,618,539.7675425588316
385,505,725,543.2577657061149
391,700,553,547.768199149969
386,472,748,549.1165632176833
392,541,713,551.217742820385
393,568,695,551.487080537704
389,484,747,553.2829294312269
390,470,758,557.4271252818614
394,482,760,564.1923430887732
401,557,719,564.9646006609618
402,559,719,566.0715502478463
395,465,771,567.387874385768
396,467,771,568.1663488803257
397,763,492,572.5906041841763
398,765,489,573.1326199057248
399,477,773,573.9764803543783
404,587,710,574.8112733758794
400,477,774,574.8912940721924
403,480,782,583.4218028150816
405,599,719,589.2003054989025
406,661,669,591.8589358960461
407,702,628,594.3475414267313
408,675,660,595.5199408919906
409,675,665,598.9899832217563
411,704,635,600.374882885685
410,722,614,601.2362264534631
412,710,632,603.0596985373836
413,688,693,627.912414274475
414,724,658,630.5085249225422
415,705,711,652.6630064589228
