225,509,441,3.0
233,515,441,3.0
243,521,443,9.219544457292887
246,527,439,15.132745950421556
235,524,431,15.620499351813308
237,493,468,33.015148038438355
214,487,417,34.655446902326915
226,539,404,45.803929962395145
211,459,421,56.64803615307419
217,457,457,57.28001396647874
222,458,461,57.584720195551874
218,456,458,58.52349955359813
250,478,496,64.66065264130884
268,509,507,66.06814663663572
208,486,380,66.30987860040162
234,467,492,68.01470429252781
263,492,507,68.96375859826666
288,569,482,70.21395872616783
280,536,507,70.22819946431775
289,571,480,70.7248188403477
266,491,510,72.12489168102785
230,462,493,72.13875518748573
206,486,372,73.7360156233031
273,589,426,78.44743462982075
259,475,511,79.17701686727027
256,474,511,79.64923100695951
199,486,364,81.27115109311545
272,591,421,81.49233092751734
260,473,514,82.76472678623425
300,578,491,82.80096617793781
278,597,432,85.47514258543241
279,598,431,86.57944328765345
240,455,507,87.20665112249179
290,599,447,87.20665112249179
292,599,449,87.36704184073076
251,455,518,95.80187889597991
286,611,426,100.12991560967181
301,534,539,100.43903623591775
283,611,423,100.62305898749054
257,588,375,100.65783625729296
307,616,453,104.6900186264192
310,621,451,109.45775440780794
315,622,454,110.76551810017412
291,505,552,111.22050170719426
314,530,557,117.38824472663352
178,417,372,117.41379816699569
194,392,458,121.19818480488888
303,632,423,121.3424904969401
336,624,490,122.24974437601087
284,628,400,123.03251602726817
308,638,422,127.4244874425634
223,585,327,135.36986370680884
270,452,563,135.95587519485872
348,602,543,136.02940858505562
335,648,455,136.7186892857008
323,649,431,137.3644786689776
333,651,449,139.2300254973761
245,600,332,140.089257261219
236,597,324,144.61673485458036
252,606,331,144.69277798148738
262,614,337,145.67086187704115
249,414,550,146.57762448614045
203,535,296,146.81280598094978
248,606,327,147.75655653811103
358,612,551,148.66068747318505
254,611,328,150.23315213360866
202,535,292,150.7647173578752
255,615,327,153.63918770938616
361,652,508,155.2063143045411
334,511,604,163.00306745579974
330,502,606,165.3027525481654
326,494,608,167.96725871431016
363,677,479,169.31922513406445
357,554,608,172.20046457544765
267,412,583,173.67786272291585
209,350,509,175.69291391516052
185,515,265,176.02556632489498
187,520,263,178.1796845883391
265,403,582,178.21896644296868
277,429,599,178.4740877550576
210,348,512,178.70926109186397
372,681,508,181.79658962697843
321,470,618,181.91481522954638
373,680,512,182.3869512876401
343,507,624,183.06829326784035
192,543,260,183.63550854886427
129,384,307,185.31055015837603
374,680,523,186.9438418349211
377,656,561,187.4459922217597
156,327,401,189.274932307477
376,622,596,190.06577808748213
352,701,417,190.51771571168914
351,701,414,190.91883092036784
344,700,398,192.85486771144772
159,321,408,193.82982226685345
341,490,634,194.2498391247725
145,322,394,195.7268504830137
212,579,257,195.8187937865005
354,511,638,197.00253805471644
378,634,596,197.25364381932212
287,418,617,199.52944644838766
264,645,292,199.7248106770914
124,340,336,201.51674868357716
121,363,303,203.08865059377396
120,360,306,203.2953516438583
123,385,282,203.49447166937975
359,516,645,204.0392119177096
375,580,634,204.62893246068603
171,307,455,205.47749268472205
157,308,416,205.526154053444
158,307,418,206.2862089428181
382,647,597,206.30317496345035
154,307,416,206.51876428063383
350,492,647,206.9685966517626
117,357,303,207.53072061745462
347,485,647,207.76188293332345
383,641,604,207.87015177749788
371,720,433,208.153789300123
281,673,309,208.19462048765814
148,305,412,209.02152999152983
381,631,613,209.15305400591214
132,309,390,209.3083849252103
367,528,650,209.6115454835444
143,305,406,209.9380861111199
133,307,392,210.77476129745705
164,301,429,211.3409567499873
387,639,611,212.20037700249262
144,302,409,212.4241040936739
356,499,654,213.39634486091836
340,468,650,213.58136622842358
384,627,621,213.60009363293827
205,315,524,213.77090541044166
136,300,403,215.37873618349607
388,638,618,217.26711670199887
379,726,482,217.89217516927954
141,296,412,217.9380645963435
227,344,580,218.04815981796315
161,294,430,218.27734651126764
134,297,402,218.50858106719744
228,344,581,218.6869909253863
391,700,553,218.8332698654389
135,296,403,219.31712199461307
197,308,522,219.49259668608414
140,294,412,219.92044015961773
127,297,388,221.43622106602163
112,376,266,221.6325788326256
130,295,394,222.03152929257593
152,289,427,223.4390297150433
104,344,292,224.5551157288562
207,307,533,224.69757453074567
105,358,277,224.97110925627763
142,287,419,226.07299706068392
362,490,666,226.07299706068392
188,297,512,226.4199637841151
155,470,218,226.92069099136816
195,300,524,227.6686188300882
162,284,438,228.01973598791838
191,298,521,228.46443924602357
163,283,439,229.0087334579186
151,283,431,229.21823662178366
149,283,429,229.31419493786248
109,376,256,229.6105398277701
160,282,438,230.0195643852931
131,284,407,230.52114870440846
102,315,321,230.6707610426601
337,720,338,232.1055794245369
137,281,418,232.14219780126146
150,279,433,233.13729860320507
345,727,350,233.46520083301493
99,316,313,234.0939982143925
98,317,311,234.3608329051593
110,296,349,234.77648945326703
204,296,535,235.5674001214939
349,731,353,236.01906702637396
147,276,432,236.17154782064668
146,275,431,237.21087664776252
241,640,240,238.29603437741048
346,731,346,238.71740615212792
201,573,210,238.91839611047115
95,319,300,239.0188277102873
355,738,361,239.74152748324602
119,421,214,244.56083087853622
338,730,326,246.4731222669117
92,354,251,247.1113109511582
196,571,200,248.11690792850052
198,574,200,248.84734276258607
339,733,324,250.05999280172747
342,735,327,250.44959572736389
221,301,576,250.49151682242655
184,269,509,252.33509466580347
365,754,364,253.95472037353431
174,521,187,254.159398803192
139,470,190,254.48968544913564
216,295,574,254.5152254777698
125,443,196,254.53094114468678
186,268,514,254.68608128439215
366,755,364,254.9078264785136
122,435,197,255.86129054626454
397,763,492,256.1288738116029
369,756,363,256.1640099623677
398,765,489,257.51310646256434
89,283,320,259.0019304947359
393,568,695,260.0999807766237
215,614,201,260.7757657452088
271,683,243,261.6199533674754
126,451,184,264.14011433328335
219,618,198,265.11318337645906
113,422,191,265.70660511172844
407,702,628,266.58769664033633
274,688,240,267.16474318292825
153,245,455,267.36678926149375
360,758,331,269.47356085523495
293,353,661,271.44244325455077
410,722,614,272.0827080135744
107,414,187,272.2498852157701
406,661,669,272.3692346796899
411,704,635,272.9468812791236
408,675,660,273.00183149568795
392,541,713,273.5415873317986
285,346,660,274.8035662068453
242,299,615,275.0363612324741
412,710,632,275.10906927980403
244,299,616,275.6700926832652
276,695,234,276.29332239487803
114,239,397,276.52305509667724
409,675,665,277.02887936097926
296,350,666,277.2525924134885
193,255,546,277.62204523416364
177,536,164,278.03776721877193
294,347,665,278.2103520719529
404,587,710,279.2597357300189
253,299,623,280.1660222082614
118,438,170,280.9216972752372
401,557,719,281.61853632174143
312,361,679,281.8598942737331
402,559,719,281.94503010338735
316,364,681,281.9645367772337
111,426,172,282.412818405964
165,230,475,284.0422503783548
385,505,725,284.0862545073239
302,350,675,284.60498941515414
232,283,616,288.2117277280715
320,361,687,288.6468430452687
306,350,680,288.7299776607895
79,280,269,288.80443209895515
213,617,171,289.69811873741946
328,368,694,291.10994486619654
304,347,681,291.247317584214
380,485,731,291.2541845192958
405,599,719,291.2953827303138
329,368,695,291.9794513317675
364,424,721,293.50298124550625
368,424,723,295.4115772951358
309,345,685,295.67718883945037
317,351,689,295.67718883945037
318,349,691,298.44429966075745
82,350,188,300.42137074449283
81,350,187,301.2640038238887
282,316,671,302.1853735705949
181,545,140,302.80356668969404
414,724,658,303.3694117738306
91,405,157,303.48805577814755
106,430,147,305.2212312405544
103,428,147,305.76461534978176
229,265,622,306.2188759694608
389,484,747,307.2783754187723
413,688,693,307.37599125501004
100,207,399,307.8782226790326
386,472,748,309.594896598765
93,206,385,311.0819827633867
180,547,131,311.96954979612997
295,723,211,312.1233730434169
179,546,130,312.8530006248941
169,205,508,314.226033294506
94,202,388,314.49801271232224
247,669,168,314.92538798896476
168,201,508,318.1351913888182
190,585,131,318.47919869278746
390,470,758,319.7702300089863
394,482,760,320.4075529696515
101,191,408,322.69180342859653
275,285,672,323.86725675807367
176,197,521,325.0
97,425,127,325.8297101247828
80,203,337,326.03220699802034
189,585,123,326.27135945405934
62,239,258,328.6609194899813
59,245,248,329.4510585807853
58,244,248,330.26201719241044
224,658,144,330.94561486745823
415,705,711,331.8870289722092
353,781,246,332.24388632448904
396,467,771,333.0540496676178
395,465,771,333.33016665162484
370,382,748,333.3901618224509
399,477,773,333.83978193139296
400,477,774,334.8342873721268
170,185,518,335.9434476217686
172,185,519,336.17406205714326
183,190,538,336.29302698688235
239,668,143,336.3628992620916
200,203,574,336.4074909986399
238,668,142,337.24916604789405
74,198,317,337.5973933548658
54,228,258,337.85351855500926
90,177,392,338.5646171707847
175,183,524,339.3081195609678
403,480,782,342.49817517762045
313,297,710,344.363180377926
182,180,536,345.3244850861288
65,322,150,347.53560968625936
60,316,153,348.36762191684807
47,241,221,349.05730188609436
166,168,503,349.54255821001254
48,227,237,350.4868043165106
46,243,216,350.6935984588256
167,166,504,351.6887828748594
45,240,217,352.3634487287238
61,321,144,353.1147122395214
258,687,134,353.3751547576598
261,689,134,354.36986327846785
50,208,257,355.34771703220497
67,331,135,355.5235575879607
51,207,258,355.6880655855633
173,167,528,355.8005059018326
331,303,729,355.8440669731617
49,209,254,356.0589838776716
297,737,165,356.09128043241947
298,738,164,357.49825174397705
299,741,166,357.8631023170732
64,328,133,358.77569594385847
86,161,365,359.133679846377
305,277,713,359.4565342291054
56,321,135,360.7173408640067
325,289,727,362.6637561157718
57,323,131,363.0716182793692
42,227,214,364.3542232498479
44,206,242,365.0164379860173
324,285,727,365.1369606051954
311,274,719,365.96174663480883
220,643,99,366.23080154459973
322,280,726,367.4901359220408
327,286,731,367.66288907095316
38,219,215,370.0337822415678
319,275,726,370.6669664267373
39,207,230,370.87194555533586
37,215,215,373.20905669610966
332,278,740,379.6801285292661
88,133,402,381.00131233369785
72,143,334,384.2004685057008
269,714,114,384.36050785688167
43,293,118,390.24351371931857
41,155,270,395.8408771210977
40,154,270,396.7429898561536
63,128,330,399.7211528053025
96,111,428,401.21066785418355
138,105,496,410.69940345707835
128,96,482,418.01554994999884
34,220,138,420.8004277564366
33,215,135,426.4328786573568
32,217,128,430.10928843725287
30,206,136,432.0428219517135
27,177,159,437.8915390824536
29,206,127,438.44269865057623
26,160,166,446.68669109343296
71,71,357,448.9287248550709
69,71,353,449.694340635948
31,122,216,450.24993059410906
68,70,353,450.6750492317053
55,72,341,451.22056690713913
70,68,357,451.8760892103055
35,260,65,452.6367196770496
52,71,336,453.32769604338097
53,70,339,453.61657818029533
36,87,280,454.47332154924123
28,121,209,454.64821565689664
78,59,386,456.32663739913323
66,62,352,458.7166881638382
73,59,368,458.8442001376938
76,56,382,459.80104393095934
75,57,372,460.2021295039822
84,53,397,461.1041097192694
25,129,184,461.2352978686692
116,50,465,462.6229566288296
108,47,455,465.21070494991835
115,47,465,465.6189429136233
24,138,162,466.601543075031
85,47,398,466.98393976666904
77,46,388,469.00426437293726
21,135,161,469.60515329370054
22,134,162,469.81379290097476
83,44,398,469.97127571799535
87,41,402,472.6118915135335
18,131,153,477.60339194775406
17,129,152,479.80204251336824
23,200,75,480.9365862564419
19,190,79,484.48735793620045
20,199,67,487.6935513209089
11,161,101,488.67269209563983
12,167,94,489.3199362380405
16,109,162,490.1530373260988
9,164,93,492.1463197058371
13,110,157,492.1991466875984
8,158,99,492.2194632478484
14,106,162,492.62257357940877
10,114,150,493.0365098042943
15,100,167,494.79288596340996
4,149,102,496.6789707648191
7,109,150,497.08148225416727
6,157,93,497.1207096872952
5,162,84,499.94899739873466
3,146,94,504.34611131642527
2,143,96,505.15938078986517
1,138,62,532.4631442644645
0,136,63,533.1603886261619
