115,47,465,10.0
116,50,465,10.44030650891055
87,41,402,53.33854141237835
128,96,482,55.94640292279746
85,47,398,57.0
83,44,398,57.07889277132134
84,53,397,58.309518948453004
77,46,388,67.00746227100382
96,111,428,69.46221994724903
78,59,386,70.03570517957252
138,105,496,71.02816342831905
76,56,382,73.55270219373317
75,57,372,83.60023923410746
73,59,368,87.82368700982668
70,68,357,100.22474744293447
71,71,357,100.89598604503551
88,133,402,101.01980003939822
66,62,352,104.08650248711405
68,70,353,104.5609869884557
69,71,353,104.78549517943789
55,72,341,116.70903992407786
53,70,339,118.25819210524064
52,71,336,121.39604606411199
167,166,504,128.69343417595164
166,168,503,130.17296186228538
173,167,528,140.45995870709916
90,177,392,144.46106741956464
86,161,365,145.24462124292245
63,128,330,148.94965592440957
101,191,408,151.47607071745688
170,185,518,151.7003625572464
172,185,519,152.11837495845134
175,183,524,152.50245899656832
72,143,334,154.45711378890906
182,180,536,155.72411502397438
168,201,508,162.8649747490233
176,197,521,163.87800340497196
183,190,538,165.3420696616563
169,205,508,166.652332716947
94,202,388,168.86088949191284
100,207,399,169.51696080333673
93,206,385,173.72679701186
36,87,280,179.51323071016242
165,230,475,184.08965207202712
80,203,337,195.6016359849784
200,203,574,196.2065238466856
153,245,455,198.0
114,239,397,200.5691900566984
74,198,317,204.56050449683585
40,154,270,213.71476317746513
41,155,270,214.21717951648975
193,255,546,227.03523955544875
184,269,509,228.47319317591726
186,268,514,228.74002710500844
146,275,431,229.2596780945136
147,276,432,230.15212360523637
150,279,433,233.0407689654323
160,282,438,235.61409125941512
163,283,439,236.5417510715603
137,281,418,236.90715480964266
151,283,431,237.2172000509238
149,283,429,237.42788378789885
162,284,438,237.60892239139505
131,284,407,241.81191037663964
142,287,419,242.6849809938802
152,289,427,243.61444948935193
161,294,430,248.26195842295292
31,122,216,250.49151682242655
140,294,412,250.7149776140229
141,296,412,252.68557536986555
51,207,258,253.78928267363852
135,296,403,254.37177516383377
50,208,257,255.1960031034969
164,301,429,255.32724100651697
130,295,394,255.3918557824427
134,297,402,255.55625603768732
188,297,512,256.4156781478075
28,121,209,256.8890811225732
49,209,254,258.15692901799093
136,300,403,258.28859827719845
127,297,388,258.8223328849348
144,302,409,259.11580422660444
191,298,521,259.53227159642404
171,307,455,260.0
204,296,535,261.53584840323515
148,305,412,261.55878880282347
195,300,524,262.2403477728017
143,305,406,262.6118809193522
158,307,418,262.6194966105906
154,307,416,262.90872941003687
157,308,416,263.89770745499095
44,206,242,265.80067720004024
133,307,392,267.52383071420013
54,228,258,267.5256997000475
197,308,522,269.462427807663
132,309,390,269.9425864883124
110,296,349,270.6233544984616
207,307,533,271.4479692316743
89,283,320,271.88416651213805
229,265,622,274.6142749385035
216,295,574,275.0727176584403
62,239,258,275.0872588834314
39,207,230,276.08875384557047
205,315,524,276.739950133695
159,321,408,278.0017985553331
221,301,576,281.3485382936972
145,322,394,281.6842203603177
48,227,237,282.7083302628347
25,129,184,283.1342437784593
156,327,401,285.1596044323249
232,283,616,285.68689154387187
58,244,248,285.7586394144541
59,245,248,286.44894833111186
15,100,167,292.8361316504505
37,215,215,292.9573347776089
38,219,215,295.26936854336924
79,280,269,298.1358750637031
242,299,615,298.50293130889014
14,106,162,298.8812473207377
244,299,616,299.0401310861136
16,109,162,299.48789624958135
102,315,321,299.63310898497184
42,227,214,300.8005984036601
253,299,623,302.8663071389751
47,241,221,303.9605237526742
99,316,313,304.1792234851026
13,110,157,304.58660508958695
22,134,162,305.6435832796102
98,317,311,306.0
210,348,512,306.3494736408078
45,240,217,306.41964688968625
24,138,162,306.8061277093403
21,135,161,306.88760157425713
209,350,509,307.77426793024785
46,243,216,309.09060160412514
26,160,166,310.3063002905355
7,109,150,311.23785116852355
10,114,150,312.27231705676377
95,319,300,313.06389124266633
18,131,153,313.4645115479582
17,129,152,313.8996654983882
124,340,336,316.24357700987383
275,285,672,322.07607796916557
227,344,580,322.23283507426737
228,344,581,322.62206992082855
27,177,159,323.2893440866865
104,344,292,338.7890198929121
282,316,671,344.9884056022753
194,392,458,345.0130432317016
117,357,303,345.2593228285081
305,277,713,345.6356463098099
120,360,306,346.6554485364394
311,274,719,348.1738071710737
121,363,303,350.65652710308984
319,275,726,354.1539213392956
30,206,136,356.4295161739555
313,297,710,357.1064267133819
322,280,726,357.39334073258834
105,358,277,358.33643409511126
34,220,138,361.13432404023854
33,215,135,361.4194239384486
324,285,727,361.4249576329781
285,346,660,362.52724035581105
325,289,727,364.07142156450567
29,206,127,364.5065157167976
327,286,731,365.0986168146902
294,347,665,366.1966684720111
332,278,740,366.8596461863856
4,149,102,367.441151750862
129,384,307,368.06657006579667
32,217,128,368.5498609415014
92,354,251,368.5986977730659
293,353,661,368.8793840810299
296,350,666,369.2289262774519
2,143,96,371.61404709725383
11,161,101,371.9032132154816
8,158,99,372.90347276473574
3,146,94,374.3287325333176
302,350,675,374.44492251865296
331,303,729,374.98266626605556
304,347,681,375.6008519692148
309,345,685,376.4359175211632
306,350,680,377.4042925034107
265,403,582,377.9748668893211
6,157,93,378.3437590340298
249,414,550,379.09629383574827
178,417,372,379.1952003915661
112,376,266,379.4232465202943
123,385,282,379.7011983125679
12,167,94,380.42213395122
9,164,93,380.43790557724395
318,349,691,383.275357934736
317,351,689,383.6300301071333
109,376,256,384.50227567597045
312,361,679,385.70973542289545
267,412,583,386.79322641432077
5,162,84,388.4147268062837
316,364,681,389.31349835319094
320,361,687,390.4100408544842
328,368,694,400.20244876812035
329,368,695,400.8004491015448
0,136,63,401.9763674645563
19,190,79,402.2747817102136
1,138,62,403.39806643066595
82,350,188,403.8539339909914
60,316,153,404.4317000434066
81,350,187,404.5157598907612
287,418,617,404.82712359722143
277,429,599,408.24012541640246
218,456,458,409.0110022970042
23,200,75,409.64496823468977
217,457,457,410.0048780197621
65,322,150,410.67018396762137
222,458,461,411.04379328728464
240,455,507,411.3003768537053
251,455,518,412.8353182565658
211,459,421,413.40053217188773
61,321,144,414.48401657965053
20,199,67,416.71093098213777
230,462,493,416.73612754355725
43,293,118,417.2349458039199
270,452,563,419.15271679902065
56,321,135,421.2790049361587
234,467,492,421.6266120633279
57,323,131,425.6195484232368
64,328,133,427.36986323324203
67,331,135,427.85044115905737
260,473,514,430.06627396251383
256,474,511,430.65647562761666
259,475,511,431.6480047446067
250,478,496,432.9457240809753
214,487,417,441.63786069584205
35,260,65,444.3748417721237
119,421,214,444.9235889453379
370,382,748,445.05505277437305
208,486,380,445.360528111776
237,493,468,446.1894216585597
206,486,372,446.7773494706284
266,491,510,447.3935627610214
263,492,507,448.02790091689604
199,486,364,448.33246592233314
321,470,618,453.3188723183715
107,414,187,454.4370143375207
113,422,191,458.60767547000347
364,424,721,461.39462502287563
225,509,441,462.21207253813697
368,424,723,462.55053777938684
340,468,650,463.9676712875586
268,509,507,464.9171969286574
231,512,441,465.21070494991835
91,405,157,465.79823958447935
122,435,197,465.9484950077637
291,505,552,468.1591609698565
233,515,441,468.20935488304804
326,494,608,472.4595220757012
111,426,172,473.0010570812712
125,443,196,473.17755652608884
243,521,443,474.1518744031284
235,524,431,477.60339194775406
341,490,634,477.7970280359642
347,485,647,478.23425222374027
330,502,606,479.40171046837116
246,527,439,480.2665926337163
118,438,170,483.84501650838564
350,492,647,484.65348446080526
155,470,218,484.86905448791015
126,451,184,486.47404863980154
334,511,604,487.33663929567206
103,428,147,489.9234634103576
343,507,624,490.06224094496406
362,490,666,490.6831971853122
106,430,147,491.4804167004012
280,536,507,491.7570538385799
314,530,557,493.6527119342099
356,499,654,493.86739110817996
301,534,539,494.19125852244696
226,539,404,494.63622997107683
354,511,638,498.78352017683983
139,470,190,499.1532830704412
97,425,127,500.4677811807669
185,515,265,505.0980102910721
359,516,645,506.0247029543123
187,520,263,510.4831045196305
203,535,296,513.2494520211395
202,535,292,514.5026724906295
386,472,748,516.2111970889434
380,485,731,517.706480546651
367,528,650,519.0240842196054
390,470,758,520.324898500927
288,569,482,522.6978094463377
395,465,771,524.0038167799926
289,571,480,524.5960350593588
389,484,747,525.5787286411047
396,467,771,525.6006088276534
357,554,608,529.582854707363
394,482,760,531.2720583655798
385,505,725,531.6615464748227
300,578,491,532.2189399110107
192,543,260,532.9549699552487
399,477,773,534.812116541875
400,477,774,535.4073215786276
403,480,782,542.6029856165555
273,589,426,542.7752757817917
174,521,187,544.5181356024792
272,591,421,545.0614644239675
257,588,375,546.8829856559811
278,597,432,550.4806990258605
279,598,431,551.5224383468002
292,599,449,552.0326077325506
290,599,447,552.0579679707557
223,585,327,553.017178756682
392,541,713,557.3149917237109
348,602,543,561.9332700597109
375,580,634,562.2543908232287
286,611,426,564.7450752330648
283,611,423,564.9070720038828
236,597,324,565.3857090517942
245,600,332,566.5139009768427
212,579,257,567.6513014166355
307,616,453,569.0035149276321
177,536,164,569.0360269789603
252,606,331,572.5879845054383
358,612,551,573.097722905963
248,606,327,573.467523056014
393,568,695,573.6209549868275
310,621,451,574.0139371130286
401,557,719,574.2786779952744
315,622,454,575.0008695645598
402,559,719,576.0555528766301
336,624,490,578.0605504616277
254,611,328,578.1219594514638
262,614,337,579.148512904937
201,573,210,580.2594247403483
255,615,327,582.2439351337204
196,571,200,582.7529493704858
284,628,400,583.5974640109397
198,574,200,585.4519621625672
303,632,423,585.8745599528964
181,545,140,589.261402095878
308,638,422,591.920602783853
376,622,596,592.0354719102564
179,546,130,595.5048278561644
180,547,131,595.7986236976383
404,587,710,597.1808771218315
335,648,455,601.0
323,649,431,602.4782153738009
384,627,621,603.2876594129868
378,634,596,603.6969438385455
333,651,449,604.0298005893418
381,631,613,604.9958677544831
361,652,508,607.3170506415903
405,599,719,611.8823416311342
387,639,611,612.2091146005587
383,641,604,612.4026453241364
388,638,618,613.0660649554826
382,647,597,616.5744075129943
377,656,561,618.1561291453802
264,645,292,619.816908449584
215,614,201,621.2930065597069
219,618,198,626.1709031885783
190,585,131,628.0286617663241
363,677,479,630.4569771205645
241,640,240,630.7725422051914
189,585,123,632.1930085029413
373,680,512,635.5611693613763
372,681,508,636.2114428395641
374,680,523,636.6419715978518
213,617,171,636.8327881006128
281,673,309,642.800124455495
406,661,669,650.2245765887352
352,701,417,655.1030453295115
351,701,414,655.2839079360945
344,700,398,655.4830280030139
391,700,553,660.3128046615483
408,675,660,660.6125944909013
409,675,665,662.18124407144
271,683,243,670.4028639556964
371,720,433,673.359487940877
274,688,240,676.0961470086928
407,702,628,677.4614380169546
379,726,482,679.5366068137904
411,704,635,681.2114209259854
337,720,338,683.0944297825887
413,688,693,683.7579981250676
276,695,234,684.6495453880036
247,669,168,685.0204376513157
224,658,144,685.5960910040255
412,710,632,686.2200813150254
345,727,350,688.058863760943
349,731,353,691.5634461132254
346,731,346,692.6304931202495
410,722,614,693.4738639631634
220,643,99,694.2276283755926
239,668,143,694.9712224257922
338,730,326,695.0755354635926
238,668,142,695.4207359577366
355,738,361,697.3643237218262
339,733,324,698.3960194617378
342,735,327,699.8056873161293
415,705,711,706.0453243241541
414,724,658,706.780022354905
365,754,364,712.8323786136542
366,755,364,713.824208051254
369,756,363,714.9440537552572
258,687,134,715.9895250630417
397,763,492,716.9553682064177
261,689,134,717.7778207774325
295,723,211,718.6876929515352
398,765,489,718.8045631463395
360,758,331,721.7319446996925
297,737,165,748.4650960465692
269,714,114,749.112808594273
298,738,164,749.7746328064187
299,741,166,751.7692465111884
353,781,246,763.1756023353996
