381,631,613,8.94427190999916
388,638,618,11.40175425099138
387,639,611,15.620499351813308
383,641,604,22.02271554554524
376,622,596,25.495097567963924
378,634,596,25.96150997149434
382,647,597,31.240998703626616
375,580,634,48.76474136094644
406,661,669,58.82176467941097
408,675,660,61.84658438426491
409,675,665,65.11528238439882
377,656,561,66.64082832618455
358,612,551,71.58910531638176
357,554,608,74.14849964766651
407,702,628,75.32595834106593
411,704,635,78.26237921249263
348,602,543,81.9084855189009
412,710,632,83.72574275573791
413,688,693,94.36630754670864
393,568,695,94.64142856064674
410,722,614,95.25754563287887
404,587,710,97.57561170702442
391,700,553,99.76472322419383
405,599,719,101.92153844992725
367,528,650,103.16006979447037
414,724,658,103.81714694596457
374,680,523,111.4136436887332
359,516,645,113.5649593844862
361,652,508,115.73245007343446
314,530,557,116.21101496846157
334,511,604,117.23907198540937
354,511,638,117.23907198540937
415,705,711,119.09659944767525
402,559,719,119.28118040998756
343,507,624,120.03749414245534
401,557,719,120.43255373859678
373,680,512,121.2023102090055
301,534,539,123.98790263570072
372,681,508,125.23977004130916
330,502,606,125.89678312014172
392,541,713,125.93649193144932
336,624,490,131.03434664239754
356,499,654,132.1854757528224
326,494,608,133.63382805263043
350,492,647,137.48090776540573
341,490,634,137.6154061142865
300,578,491,138.9280389266328
291,505,552,140.1606221447379
362,490,666,144.20124826089406
347,485,647,144.3606594609487
280,536,507,145.86637720873168
363,677,479,150.5456741324705
288,569,482,150.6154042586614
289,571,480,151.71354586852158
321,470,618,157.0286598045083
385,505,725,160.31219541881399
340,468,650,161.62301816263673
268,509,507,164.07315441594946
315,622,454,167.0748335327616
335,648,455,167.32304085211933
307,616,453,168.35973390332975
310,621,451,170.10584939971935
379,726,482,170.65169205138284
333,651,449,173.6663467687393
292,599,449,174.26416728633572
266,491,510,175.54771431152272
290,599,447,176.23847480048164
263,492,507,176.69465187152667
380,485,731,179.62182495454164
270,452,563,184.36105879496353
397,763,492,187.44865963777923
260,473,514,187.52333188166213
259,475,511,187.62729012593024
256,474,511,188.43831882077487
389,484,747,190.59118552545917
398,765,489,190.9659655540746
323,649,431,191.2694434560837
278,597,432,191.36614120580475
279,598,431,192.20041623263984
250,478,496,194.48907424325924
286,611,426,195.65530915362353
303,632,423,198.0631212517868
283,611,423,198.6454127333425
273,589,426,198.66806487203723
277,429,599,199.21847303902317
308,638,422,199.3037882229036
386,472,748,200.38463014912097
251,455,518,200.48191938426766
394,482,760,200.86313748420838
272,591,421,203.2141727340886
237,493,468,203.38387350033435
234,467,492,205.526154053444
240,455,507,206.3492185592182
243,521,443,207.17142660125697
246,527,439,207.66318884193223
390,470,758,208.3698634639856
230,462,493,208.8276801575883
287,418,617,209.03827400741713
371,720,433,209.74508337503408
233,515,441,212.0
399,477,773,213.55093069335942
231,512,441,213.60009363293827
400,477,774,214.26385602802915
225,509,441,215.23010941780427
235,524,431,216.12265036316762
352,701,417,217.00691233230336
403,480,782,218.01376103356412
267,412,583,218.3323155192561
396,467,771,219.31712199461307
351,701,414,219.82947936980608
395,465,771,220.78043391568917
284,628,400,221.00226243185838
249,414,550,224.52171387195494
364,424,721,226.29405648403582
368,424,723,227.18494668441394
265,403,582,227.36974292988063
222,458,461,232.72515979154468
226,539,404,234.1644721130855
344,700,398,234.64441182350797
217,457,457,236.21176939348302
218,456,458,236.24140195994434
214,487,417,247.41867350707383
257,588,375,249.07227866625382
211,459,421,261.19724347703215
328,368,694,269.09106265351886
329,368,695,269.3640659033792
316,364,681,269.75729832573575
312,361,679,272.2498852157701
320,361,687,274.0656855573131
370,382,748,275.9601420495358
293,353,661,276.90431560378397
208,486,380,279.21676167450977
296,350,666,280.6314308839977
302,350,675,282.21445746098834
355,738,361,282.70302439132126
306,350,680,283.21370023358685
294,347,665,283.43605980891
285,346,660,283.69349657685143
317,351,689,284.2534080710379
262,614,337,284.29737951659
228,344,581,285.8128758471178
227,344,580,285.9545418418809
194,392,458,285.99650347512994
206,486,372,286.1503101518501
304,347,681,286.35642126552705
365,754,364,286.66705426330384
318,349,691,286.67751917442007
366,755,364,287.1114766079545
349,731,353,287.4717377412952
369,756,363,288.45276909747287
345,727,350,288.8615585362649
309,345,685,289.1712295509358
245,600,332,290.25850547399983
252,606,331,290.7593506664919
199,486,364,293.1381926668717
254,611,328,293.43653487594213
346,731,346,294.0085032783916
255,615,327,294.24479604574145
248,606,327,294.7490457999822
223,585,327,296.98484809834997
337,720,338,297.88924116187883
236,597,324,298.51130631853795
209,350,509,298.7858765069059
210,348,512,299.5363083167047
338,730,326,312.464397971993
342,735,327,313.2091952673165
282,316,671,314.9936507296615
339,733,324,315.3490129998824
281,673,309,315.37279527568637
360,758,331,318.2153358969363
178,417,372,325.73148450832934
205,315,524,326.73077602209435
253,299,623,328.0060975042995
244,299,616,328.03810754240124
242,299,615,328.05487345869443
221,301,576,329.0911727773931
264,645,292,329.49203328760467
207,307,533,331.87949620306466
197,308,522,334.0089819151575
216,295,574,335.31030404686345
203,535,296,337.7706322343611
195,300,524,341.0835674728409
331,303,729,341.525987298185
202,535,292,341.62113517755307
313,297,710,341.79087173299405
204,296,535,341.9897659287482
191,298,521,343.8618908806267
232,283,616,344.0363352903295
275,285,672,345.7817230566127
188,297,512,347.53560968625936
325,289,727,354.2315626818141
324,285,727,358.05027579936313
327,286,731,358.3029444478513
171,307,455,360.4941053609615
305,277,713,361.8894858931384
229,265,622,362.0013812128346
322,280,726,362.5382738415353
311,274,719,366.35092466104135
212,579,257,367.1511950137164
319,275,726,367.3268299484806
332,278,740,368.73025370858846
192,543,260,370.6440340812192
156,327,401,372.0215047547655
159,321,408,372.83374310810444
185,515,265,373.2023579775455
187,520,263,373.6482302915404
186,268,514,374.60646016853474
184,269,509,375.11065034200243
164,301,429,378.33847279915904
158,307,418,378.957781289684
157,308,416,379.19124462466164
193,255,546,379.48517757614724
154,307,416,380.0328933131973
145,322,394,380.2025775820043
241,640,240,381.22172026263144
271,683,243,382.12563379077307
148,305,412,383.8814921300583
161,294,430,383.8880045013129
274,688,240,385.85230334935153
143,305,406,387.18083630262487
144,302,409,388.03221515745315
162,284,438,388.76471033261237
163,283,439,389.17862222891944
152,289,427,389.71784665319086
160,282,438,390.53040854714504
141,296,412,391.4613646325778
276,695,234,392.9287467213362
151,283,431,392.9834602117499
136,300,403,393.0050890255748
132,309,390,393.04579885809744
140,294,412,393.15391388106514
133,307,392,393.49841168675636
149,283,429,393.9543120718442
142,287,419,395.47945585074325
150,279,433,395.53508061864756
134,297,402,396.05681410625925
135,296,403,396.3395009332277
129,384,307,397.04533746160524
147,276,432,398.6502226263018
146,275,431,400.0049999687504
137,281,418,401.15458367068425
130,295,394,402.18528068540746
127,297,388,403.966582776348
131,284,407,404.2833164997042
124,340,336,404.46755123248147
353,781,246,405.3899357408864
120,360,306,412.93340867505503
121,363,303,413.30376238306854
201,573,210,414.53226653663523
153,245,455,416.50930361757827
123,385,282,416.51530584121394
117,357,303,417.1618390984487
215,614,201,420.2011423116315
295,723,211,421.08906421326117
165,230,475,422.9952718411874
219,618,198,423.0957338475537
198,574,200,424.3229901855425
196,571,200,424.70813507631334
200,203,574,426.5969995206249
110,296,349,428.4215214015281
155,470,218,432.5020231166555
102,315,321,432.8325311249144
104,344,292,433.9700450491946
112,376,266,434.77120419825417
105,358,277,436.6886762901003
169,205,508,436.86725672680024
99,316,313,437.70423804208247
98,317,311,438.4062043356595
168,201,508,440.732345080322
176,197,521,441.47480109288233
109,376,256,442.9740398714128
183,190,538,444.81231997326694
95,319,300,444.86514810670434
174,521,187,446.7572047544393
114,239,397,448.0178567869812
213,617,171,450.111097397076
172,185,519,453.61657818029533
170,185,518,453.84248368789804
175,183,524,454.47222137332
247,669,168,454.9428535541579
182,180,536,455.00989000240423
119,421,214,456.1633479358025
89,283,320,457.0962699475899
139,470,190,458.7046980356752
92,354,251,459.8140928679764
125,443,196,463.1209345300642
122,435,197,465.4460226492434
177,536,164,465.97210216921786
299,741,166,469.06396152337265
297,737,165,469.07995054148284
173,167,528,469.30693581066964
298,738,164,470.28714632658205
126,451,184,471.11039046066475
166,168,503,473.92509956743163
100,207,399,475.0621012036216
167,166,504,475.6153908359148
113,422,191,476.366455578056
224,658,144,478.00627610942513
239,668,143,479.75514588172996
238,668,142,480.7514950574777
93,206,385,482.63547320933634
107,414,187,483.4511350695125
94,202,388,484.67927539765924
101,191,408,485.24735960126566
181,545,140,487.93954543570254
118,438,170,489.00102249381854
258,687,134,490.68217819684463
261,689,134,490.9307486805038
190,585,131,491.7967059670083
111,426,172,491.9369878348242
79,280,269,494.28028485870243
180,547,131,496.4876634922564
179,546,130,497.6364134586616
189,585,123,499.7679461510112
90,177,392,504.9168248335561
80,203,337,510.3253863957779
106,430,147,513.3078998028376
82,350,188,514.0214003327098
103,428,147,514.0787877358878
91,405,157,514.3734052223151
269,714,114,514.410342042226
81,350,187,514.8640597283909
220,643,99,522.2451531608504
74,198,317,525.7917838840771
62,239,258,531.331346713141
86,161,365,531.6878783647413
97,425,127,533.7040378337042
59,245,248,533.9035493420137
58,244,248,534.6194908530739
138,105,496,536.7578597468322
54,228,258,539.4163512538344
88,133,402,540.3674675625838
128,96,482,548.8916104296002
96,111,428,550.9128787748567
48,227,237,554.4871504372306
50,208,257,555.0288280801277
51,207,258,555.1297145712883
47,241,221,555.8740864620332
49,209,254,556.2490449430003
46,243,216,558.1048288628222
45,240,217,559.4506233797581
65,322,150,561.12921862972
60,316,153,561.9119148051587
72,143,334,562.6944108483751
44,206,242,566.4644737315837
61,321,144,566.714213691522
67,331,135,569.044813700995
42,227,214,570.656639320003
64,328,133,572.3154724450493
39,207,230,573.8301142324268
56,321,135,574.3100208075774
38,219,215,575.5866572463264
57,323,131,576.6420033261538
63,128,330,577.6521444606607
37,215,215,578.4289066082365
41,155,270,588.204896273399
40,154,270,589.0076400183617
116,50,465,597.7164879773687
115,47,465,600.6130201718908
108,47,455,603.2876594129868
43,293,118,603.7921827913972
78,59,386,614.694232932114
71,71,357,615.4932980951133
84,53,397,616.1590703706308
69,71,353,617.2195719515057
68,70,353,618.1205384065473
70,68,357,618.2046586689556
76,56,382,619.0008077539156
85,47,398,621.392790431302
55,72,341,621.6309194369276
73,59,368,621.7981987751332
75,57,372,622.0136654447392
83,44,398,624.1938801366127
53,70,339,624.318027931278
52,71,336,624.7887643035845
87,41,402,625.5853259148587
66,62,352,625.7683277379896
77,46,388,625.9792328823696
34,220,138,631.6153892995325
33,215,135,637.1342087817919
36,87,280,638.6556192503124
32,217,128,641.2090142847338
30,206,136,642.2351594237114
27,177,159,644.9372062456933
31,122,216,647.3407139984322
29,206,127,649.0585489769009
26,160,166,652.007668666558
28,121,209,652.5181989799212
25,129,184,662.5503754432564
35,260,65,666.2019213421709
24,138,162,670.672796525996
21,135,161,673.5458410531536
22,134,162,673.5948337094043
18,131,153,681.9384136415839
17,129,152,684.0796737222938
16,109,162,692.1018711143613
23,200,75,693.1413997158155
14,106,162,694.3500558075876
13,110,157,694.6833811168941
15,100,167,695.5896778992627
19,190,79,696.2276926408487
10,114,150,696.4265934037844
11,161,101,698.2521034697997
12,167,94,699.520550091275
20,199,67,700.0714249274855
7,109,150,700.1178472228801
8,158,99,701.7442554093336
9,164,93,702.2485315043385
4,149,102,705.5813206144278
6,157,93,706.8833001281046
5,162,84,710.3478021363901
3,146,94,713.5054309534021
2,143,96,714.0595213285794
1,138,62,742.6991315465502
0,136,63,743.2664394414697
