10,114,150,5.0
13,110,157,7.0710678118654755
16,109,162,12.0
14,106,162,12.36931687685298
15,100,167,19.235384061671343
17,129,152,20.09975124224178
18,131,153,22.20360331117452
22,134,162,27.730849247724095
21,135,161,28.231188426986208
24,138,162,31.38470965295043
25,129,184,39.44616584663204
26,160,166,53.45091205957107
28,121,209,60.207972893961475
4,149,102,62.48199740725323
2,143,96,63.812224534175265
3,146,94,67.11929677819934
31,122,216,67.26812023536856
27,177,159,68.59300255857006
8,158,99,70.7248188403477
11,161,101,71.449282711585
6,157,93,74.51845409024533
9,164,93,79.20858539325141
12,167,94,80.62257748298549
5,162,84,84.64632301523794
0,136,63,91.09335870413386
1,138,62,92.65527507918802
30,206,136,98.00510190801293
29,206,127,99.68951800465283
33,215,135,107.05606008068857
19,190,79,107.71258050942797
32,217,128,110.21796586763884
34,220,138,111.64676439557037
23,200,75,117.92370414806346
20,199,67,122.42957159118053
37,215,215,124.34226956268733
39,207,230,126.50691680694776
38,219,215,127.76932339180638
40,154,270,128.16005617976296
41,155,270,128.51459061133875
36,87,280,131.84839779079607
44,206,242,133.6899397860587
42,227,214,134.23859355639868
49,209,254,144.27751037497146
50,208,257,145.7737973711325
51,207,258,145.83552379307312
48,227,237,146.60491124106312
45,240,217,147.13938969562162
46,243,216,149.37201879870273
47,241,221,149.88328792764054
54,228,258,160.70158679988197
58,244,248,166.82026255823962
59,245,248,167.6305461424021
62,239,258,169.00887550658396
35,260,65,173.28012003689287
63,128,330,181.0
43,293,118,186.76188047886004
72,143,334,187.11493793922494
74,198,317,189.2353032602532
52,71,336,189.84203960134857
53,70,339,192.98186443290467
55,72,341,194.5507645834372
69,71,353,206.52602741543257
68,70,353,206.71236053995418
60,316,153,207.02173798903343
66,62,352,207.3957569479183
79,280,269,208.33146665830392
80,203,337,209.29644048573783
71,71,357,210.459022139703
70,68,357,211.0213259365034
61,321,144,212.08488866489287
56,321,135,212.52999788265186
65,322,150,213.0
57,323,131,214.84180226389836
64,328,133,219.65882636488797
86,161,365,221.19900542271884
67,331,135,222.50617968946392
73,59,368,223.6604569431083
75,57,372,228.00877176108818
76,56,382,237.9768896342668
78,59,386,241.23847122712414
89,283,320,243.26117651610582
81,350,187,243.82370680473218
82,350,188,243.97745797511703
77,46,388,246.19707553096563
90,177,392,251.372233947984
88,133,402,253.14027731674784
84,53,397,253.26863208853953
93,206,385,254.23217734976035
94,202,388,255.5249498581303
85,47,398,255.63254878829494
83,44,398,256.3766760062233
95,319,300,258.0697580112788
87,41,402,261.01340961720723
98,317,311,263.0304164920856
99,316,313,263.47295876427245
92,354,251,265.0018867857359
100,207,399,267.5911059807482
102,315,321,267.72560579817537
101,191,408,270.7175650008695
110,296,349,273.0750812505601
104,344,292,274.57057380571575
96,111,428,278.0071941515183
114,239,397,279.12183719659055
105,358,277,279.5174413162799
109,376,256,287.2716484444645
112,376,266,291.10994486619654
117,357,303,291.39835277502857
120,360,306,295.52834043455124
91,405,157,296.08275870100914
121,363,303,296.52150006365474
124,340,336,296.5754541427864
127,297,388,303.29523570277195
123,385,282,305.9411708155671
130,295,394,306.80938707933956
107,414,187,307.23606559126483
131,284,407,310.92442811718735
108,47,455,311.23785116852355
132,309,390,312.40998703626616
133,307,392,312.6787488781417
134,297,402,314.40101781005734
135,296,403,314.607692213652
113,422,191,315.67388235329196
129,384,307,316.6607016982057
97,425,127,316.8359196808342
136,300,403,317.00157728314224
111,426,172,317.7624899197512
137,281,418,318.44622779992227
119,421,214,318.4964677983101
103,428,147,319.0141062711804
116,50,465,320.4777683397087
140,294,412,320.73197533142843
106,430,147,321.01401838549043
115,47,465,321.04361074470864
141,296,412,321.88973267254113
143,305,406,322.41588050218616
142,287,419,322.56007192459515
144,302,409,323.00154798390673
145,322,394,323.8904135660702
146,275,431,326.3694225873496
148,305,412,327.2002444986862
147,276,432,327.7392256047481
149,283,429,328.81149614938954
122,435,197,329.3706119252293
118,438,170,329.607342151233
150,279,433,330.13482094441355
152,289,427,330.34678748248785
151,283,431,330.5102116425452
154,307,416,331.602171283603
157,308,416,332.20024081869656
128,96,482,332.2544205875973
156,327,401,332.4530041975858
158,307,418,333.208643345277
159,321,408,333.9281359813815
153,245,455,333.9476006801067
161,294,430,335.5964838909967
160,282,438,335.96577206614364
162,284,438,337.0
125,443,196,337.1527843574779
163,283,439,337.33810932060436
164,301,429,338.6812660895196
126,451,184,343.685903115039
138,105,496,346.0231206147936
165,230,475,346.79388691267326
166,168,503,357.89663312191135
167,166,504,358.5596184736926
139,470,190,363.2093060481793
171,307,455,363.633056803146
155,470,218,367.3486082728503
168,201,508,369.63224967526844
169,205,508,370.64808106882197
170,185,518,375.7658845611187
172,185,519,376.7452720340363
178,417,372,379.6682762623182
175,183,524,381.25057377006004
176,197,521,381.29384993728917
173,167,528,382.42384862871717
182,180,536,392.4754769409167
184,269,509,393.04071035962676
183,190,538,396.36473102434326
186,268,514,397.2115305476416
188,297,512,407.9068521120968
174,521,187,413.65807135845904
191,298,521,416.36762602296545
194,392,458,418.2738337500925
195,300,524,419.9488064038282
197,308,522,421.882685115187
185,515,265,421.97274793521916
193,255,546,422.05686820616955
187,520,263,426.2510997053263
205,315,524,426.9800932127867
177,536,164,427.2294465506796
204,296,535,428.0116820835618
207,307,533,431.1531050566608
209,350,509,432.39102673390437
199,486,364,433.50317184537414
210,348,512,433.7798981050182
200,203,574,434.2948307313823
181,545,140,436.11466382133955
179,546,130,437.4574264999967
206,486,372,437.50771421770384
180,547,131,438.41190677261494
208,486,380,441.6208781296464
211,459,421,442.6522337004525
192,543,260,447.7231287302455
202,535,292,449.0434277439099
203,535,296,450.3243275684759
214,487,417,462.78828852943116
216,295,574,463.00323972948615
218,456,458,463.97521485527653
217,457,457,464.06141834890775
196,571,200,464.69775123191636
221,301,576,467.26865933850087
222,458,461,467.463367548731
198,574,200,467.68044645890427
201,573,210,467.8632278775497
190,585,131,476.3790507568527
189,585,123,476.7651413431985
212,579,257,482.02593291232785
227,344,580,490.02550954006466
228,344,581,490.90324912349075
230,462,493,492.19711498544973
225,509,441,494.65240320855617
234,467,492,495.1040294725948
231,512,441,497.08148225416727
229,265,622,497.11165747747253
240,455,507,497.15691687836346
232,283,616,497.4253712869901
237,493,468,498.57797785301346
226,539,404,499.41565854506405
233,515,441,499.51676648537034
235,524,431,501.1845967305859
242,299,615,502.3196193659969
249,414,550,503.0159043211258
244,299,616,503.24546694431336
251,455,518,505.11384855297723
243,521,443,505.5620634501762
250,478,496,505.8428609756196
215,614,201,507.5687145599106
223,585,327,507.84347982424663
246,527,439,508.17811837976654
213,617,171,508.43386983952985
253,299,623,509.7342444843195
219,618,198,511.2582517671475
256,474,511,513.3673148925631
259,475,511,514.0787877358878
260,473,514,514.7737367038065
236,597,324,518.0926558058896
265,403,582,522.5514328752721
263,492,507,523.5818942629701
245,600,332,523.6458727040632
266,491,510,524.9038007101873
248,606,327,527.5774824611074
267,412,583,528.4865182764836
252,606,331,528.9328879924182
257,588,375,529.2126226763681
254,611,328,532.6236945536689
255,615,327,536.0643618074233
268,509,507,536.1427048836905
220,643,99,536.4298649404226
270,452,563,536.8593856867923
262,614,337,538.51090982449
241,640,240,538.5731148135785
224,658,144,549.0327859062699
275,285,672,550.8720359575352
277,429,599,551.3628569281758
272,591,421,552.9602155670876
273,589,426,553.6930557628477
264,645,292,554.4907573621043
280,536,507,556.5770386927582
239,668,143,559.0438265467208
238,668,142,559.0572421496747
287,418,617,559.9732136450814
247,669,168,560.2892110330164
282,316,671,560.6157329222932
285,346,660,562.3779867669075
278,597,432,563.6204396577541
279,598,431,563.9875885159177
291,505,552,564.2871609384711
293,353,661,566.2658386305852
288,569,482,567.2953375447396
294,347,665,567.3349980390774
289,571,480,567.7534676248133
296,350,666,569.5059262202633
283,611,423,571.4306607104662
286,611,426,572.8699677937394
290,599,447,572.982547727241
292,599,449,574.0217765904008
284,628,400,576.0737799969722
301,534,539,576.147550545865
302,350,675,577.6729178349977
258,687,134,578.22141087995
300,578,491,579.8637771063131
261,689,134,580.2206476849992
271,683,243,581.4851674806504
304,347,681,581.8977573423015
306,350,680,582.2207485138262
309,345,685,584.7401132126989
314,530,557,585.5681002240474
274,688,240,585.9530697931363
312,361,679,585.9564830258302
281,673,309,585.9837881716525
305,277,713,587.5312757632568
316,364,681,589.0551756839083
303,632,423,589.9644057059713
307,616,453,590.642023564189
313,297,710,590.714821212402
317,351,689,590.8341560878146
321,470,618,591.0541430359827
318,349,691,591.8454190073621
276,695,234,591.9898647781058
311,274,719,592.4407143335103
320,361,687,593.1888400838303
310,621,451,593.923395733827
308,638,422,594.8319090297695
315,622,454,596.3094834060582
326,494,608,598.3218197592329
319,275,726,599.4430748619922
322,280,726,600.8469022970827
330,502,606,601.9842190622608
328,368,694,602.5089210957793
324,285,727,603.2453895389503
329,368,695,603.411965410034
325,289,727,604.4245196879425
269,714,114,606.0701279555032
334,511,604,606.3992084427551
327,286,731,607.3631533110977
323,649,431,608.737217524935
331,303,729,610.6365531148623
332,278,740,613.7271380670729
340,468,650,615.5331022780172
341,490,634,615.9683433424157
295,723,211,617.0226900203913
336,624,490,617.1102008555685
343,507,624,618.9345684319143
333,651,449,619.0032310093382
335,648,455,619.3109073801301
347,485,647,623.2054235964254
350,492,647,627.4535839406768
297,737,165,628.1791145843675
298,738,164,629.1557835703333
348,602,543,630.474424540758
299,741,166,632.2024992041711
354,511,638,632.2562771534973
356,499,654,637.2723122810216
357,554,608,638.5835888902877
337,720,338,639.2691139105658
359,516,645,640.8385131996984
344,700,398,640.9251126301731
362,490,666,641.4179604594807
358,612,551,643.2806541471615
338,730,326,645.4587515868075
339,733,324,647.8055263734634
351,701,414,648.1975007665487
352,701,417,649.4251304038057
345,727,350,649.5567719606963
361,652,508,650.3944956716654
342,735,327,650.5420816519097
364,424,721,652.1242212952989
346,731,346,652.1502894272148
367,528,650,652.3503659844149
368,424,723,653.8761350592328
349,731,353,654.2881628151315
363,677,479,656.4030773846205
370,382,748,657.3682377480676
355,738,361,663.4470589278394
371,720,433,673.3572603009491
360,758,331,673.7670220484229
372,681,508,674.794783619435
375,580,634,675.3495391277024
373,680,512,676.0806164948083
353,781,246,678.8225099390856
365,754,364,679.5741313499212
376,622,596,679.7683428933713
366,755,364,680.5233280351233
369,756,363,681.1593058895987
374,680,523,682.0337235063968
377,656,561,684.2002630809199
378,634,596,688.8693635225768
380,485,731,692.0527436547015
381,631,613,697.7485220335476
385,505,725,698.1697501324445
383,641,604,699.3854445153974
382,647,597,699.466225060224
386,472,748,699.5519994968208
384,627,621,700.1178472228801
379,726,482,700.6518393610338
387,639,611,702.4393212228371
389,484,747,705.0063829498283
388,638,618,706.3037590159067
390,470,758,707.096174505279
392,541,713,709.6428679272412
393,568,695,712.5349114253981
394,482,760,715.0027971973257
391,700,553,715.3251009156606
395,465,771,715.8051410824038
396,467,771,716.8019252206288
399,477,773,723.5696234641142
401,557,719,724.1995581329776
400,477,774,724.4308110509934
402,559,719,725.4384880884113
403,480,782,732.8471873453565
404,587,710,736.2635397736329
397,763,492,738.0243898408778
398,765,489,738.4151948599108
405,599,719,750.9067851604485
406,661,669,757.6707728294658
407,702,628,761.6646243590417
408,675,660,761.876630433038
409,675,665,765.2326443637909
411,704,635,767.6262111210117
410,722,614,768.8075181734372
412,710,632,770.4057372579724
413,688,693,793.7820859656636
414,724,658,797.6772530290682
415,705,711,818.4967929075838
