62,239,258,11.0
58,244,248,18.867962264113206
49,209,254,19.4164878389476
59,245,248,19.72308292331602
50,208,257,20.024984394500787
51,207,258,21.0
48,227,237,21.02379604162864
44,206,242,27.202941017470888
39,207,230,35.0
47,241,221,39.21734310225516
45,240,217,42.720018726587654
38,219,215,43.93176527297759
42,227,214,44.01136216933077
46,243,216,44.598206241955516
37,215,215,44.9221548904324
79,280,269,53.150729063673246
74,198,317,66.18912297349165
41,155,270,73.97972695272672
40,154,270,74.96665925596525
80,203,337,82.86132994346639
89,283,320,82.87943049997388
95,319,300,100.22474744293447
98,317,311,103.58571330062848
99,316,313,103.77379245262264
102,315,321,107.41508273980894
27,177,159,111.36426715962351
110,296,349,113.6001760562016
31,122,216,114.0175425099138
72,143,334,114.02192771568107
26,160,166,114.40279716860073
28,121,209,117.6860229593982
34,220,138,120.26637102698326
104,344,292,120.88010589009261
63,128,330,123.2233744059949
25,129,184,123.60016181219181
33,215,135,123.68508398347798
30,206,136,123.96773773849388
92,354,251,126.19429464123962
86,161,365,126.24579200908045
93,206,385,128.89142717807107
32,217,128,130.4645545732633
105,358,277,131.38112497615478
24,138,162,131.59027319676784
94,202,388,132.5745073534124
29,206,127,132.83448347473634
22,134,162,134.35773144854747
21,135,161,134.3800580443393
124,340,336,136.48443134658254
117,357,303,136.6235704408284
60,316,153,137.0
114,239,397,139.43457247038842
120,360,306,140.4563989286355
82,350,188,140.65560778013793
81,350,187,141.15594213493105
121,363,303,142.30249470757707
100,207,399,142.55525244620065
36,87,280,142.70599146496969
18,131,153,142.9475428260311
65,322,150,143.17821063276352
90,177,392,143.37712509323097
17,129,152,145.04137340772803
61,321,144,147.12239802287073
127,297,388,147.1767644704829
109,376,256,148.0135128966271
112,376,266,148.21605850919124
130,295,394,151.60804727981954
16,109,162,152.8953890737062
56,321,135,154.20116731075677
43,293,118,154.35349040433132
101,191,408,154.49595463959565
132,309,390,154.8709139896837
14,106,162,155.24174696260025
13,110,157,155.32224567009067
133,307,392,155.5538491969903
10,114,150,157.0350279396288
15,100,167,157.05094714773293
57,323,131,158.60012610335465
123,385,282,158.8238017426859
131,284,407,159.17600321656528
134,297,402,159.67780058605516
64,328,133,160.0781059358212
135,296,403,160.15305179733542
67,331,135,160.4306703844374
7,109,150,160.70158679988197
136,300,403,161.8919392681427
129,384,307,163.5145253486674
145,322,394,165.32392446346051
143,305,406,166.83225107874077
140,294,412,167.547008329006
144,302,409,168.15766411317682
141,296,412,168.34488409215172
137,281,418,168.5496959356498
11,161,101,170.6985647274165
142,287,419,171.47011401407536
148,305,412,172.1772342674838
88,133,402,172.51376756653366
8,158,99,173.72679701186
156,327,401,173.92527130926086
4,149,102,174.86280336309378
12,167,94,174.9771413642365
52,71,336,175.30829986055994
159,321,408,176.49079296099274
154,307,416,176.64937022248338
55,72,341,176.70597047072292
9,164,93,176.9773996870787
157,308,416,177.09884245810304
53,70,339,177.55280904564702
158,307,418,178.44046626256053
146,275,431,179.27074496414633
6,157,93,179.62739212046696
149,283,429,179.62739212046696
152,289,427,179.6719232378838
147,276,432,180.49930747789588
151,283,431,181.53236626012455
150,279,433,182.28000438885226
2,143,96,182.94534703019914
19,190,79,182.98907071188705
3,146,94,183.35757415498276
69,71,353,183.50476833041697
161,294,430,184.22811946062956
68,70,353,184.36105879496353
23,200,75,185.129684275645
71,71,357,185.60711193270586
164,301,429,185.930094390338
5,162,84,186.09674903124989
160,282,438,187.92551716038992
70,68,357,188.1515346735179
162,284,438,188.50994668717087
163,283,439,189.1718795170149
66,62,352,190.76687343456672
20,199,67,193.18902660347973
35,260,65,195.63486396856774
153,245,455,197.7321420508057
119,421,214,197.9520143873257
107,414,187,199.090431713832
73,59,368,201.64572894063488
91,405,157,203.78910667648555
113,422,191,205.24375751773792
75,57,372,205.5164227014474
96,111,428,206.37102509800158
78,59,386,212.00235847744713
76,56,382,212.03773249117714
171,307,455,212.24985276791125
0,136,63,215.61307938063499
1,138,62,215.67568244936655
122,435,197,215.8008341040414
111,426,172,215.87033144922904
165,230,475,217.00921639414304
178,417,372,220.7192787229969
84,53,397,223.48601745970598
77,46,388,223.6604569431083
125,443,196,223.76103324752503
118,438,170,227.69277546729498
103,428,147,228.7378412069153
85,47,398,228.82526084329064
106,430,147,230.4886114323222
83,44,398,231.2055362658948
126,451,184,234.95744295510198
87,41,402,236.01906702637396
97,425,127,236.57979626333267
155,470,218,245.2835094334717
169,205,508,251.05577069647293
139,470,190,251.372233947984
168,201,508,251.45377308761942
166,168,503,252.23996511258878
167,166,504,253.69272752682525
184,269,509,254.32656172724074
194,392,458,258.6426105652354
186,268,514,259.10615585122633
128,96,482,260.0
188,297,512,263.20524310887123
170,185,518,263.53178176455305
172,185,519,264.51843035977663
176,197,521,264.82069405543064
108,47,455,267.5256997000475
138,105,496,267.904833849634
175,183,524,269.77953962448674
191,298,521,272.1562051469707
116,50,465,273.00732590903124
115,47,465,274.9727259202265
195,300,524,275.5721321178903
197,308,522,275.85503439306666
173,167,528,276.80498550423545
199,486,364,278.9265136196271
209,350,509,279.0788419067271
205,315,524,279.8660393831306
210,348,512,280.9199174141983
206,486,372,282.0638225650358
182,180,536,282.11345235560816
183,190,538,282.5668062600418
211,459,421,282.71894170713074
204,296,535,285.2244730032821
208,486,380,285.3909599128886
207,307,533,286.1223514512629
185,515,265,287.0853531617383
193,255,546,289.26285623978754
187,520,263,292.04280508172087
174,521,187,301.4796842243271
218,456,458,303.2886413962778
217,457,457,303.38424481175684
214,487,417,303.9111712326482
222,458,461,306.7719022335651
202,535,292,308.8769981724117
203,535,296,309.3428518650463
192,543,260,315.0063491423625
200,203,574,316.98738145232215
177,536,164,322.02484376209236
216,295,574,323.02476685232665
221,301,576,326.27135945405934
230,462,493,331.6338342208165
234,467,492,334.48019373350047
225,509,441,335.3356527421443
240,455,507,336.94213153002994
231,512,441,337.85351855500926
237,493,468,338.11980125393427
181,545,140,338.2499076126999
233,515,441,340.37920030460145
227,344,580,342.257213218363
179,546,130,342.79439902075416
235,524,431,342.84836298282073
228,344,581,343.1981934684389
180,547,131,343.35113222472415
226,539,404,343.56513210743606
251,455,518,345.15069172754096
250,478,496,345.17242068276545
249,414,550,346.2080299473136
243,521,443,346.51695485214
196,571,200,347.8692283028207
201,573,210,348.3231258472512
246,527,439,349.516809323958
198,574,200,350.8275929855005
212,579,257,351.00142449853394
256,474,511,352.8809997718778
259,475,511,353.5788455210521
260,473,514,354.3458762282976
232,283,616,362.2002208723788
263,492,507,362.9008128952042
223,585,327,363.60693062701654
242,299,615,363.9917581484504
266,491,510,364.2430507230028
244,299,616,364.97260171141613
229,265,622,365.8756619399547
265,403,582,368.2404106015525
253,299,623,371.8413640250369
267,412,583,373.47155179477863
236,597,324,374.85597234137805
268,509,507,375.44906445482053
270,452,563,378.41907985723975
257,588,375,378.53533520663564
190,585,131,378.9168774282824
245,600,332,379.2888081660201
189,585,123,381.67263459671824
248,606,327,384.2460149435515
252,606,331,384.98441526898205
254,611,328,389.34432062122085
215,614,201,390.1858531520588
255,615,327,393.10303992719264
262,614,337,394.0012690334893
219,618,198,394.58839313897715
277,429,599,395.8307719215372
280,536,507,396.06186385462564
272,591,421,397.91707678861934
273,589,426,398.1770962775232
213,617,171,398.61008517096
291,505,552,403.93687625667457
287,418,617,406.1785321752
278,597,432,407.966910422892
288,569,482,407.99142147844236
279,598,431,408.4470589929618
289,571,480,408.5743506389015
241,640,240,412.393016429716
301,534,539,415.44795101191676
290,599,447,416.36762602296545
283,611,423,417.02997494184996
292,599,449,417.2792829748441
275,285,672,417.90549170835266
286,611,426,418.226015450976
264,645,292,418.3837950972767
285,346,660,418.960618674357
300,578,491,420.4628402130205
293,353,661,421.9407541349852
282,316,671,422.2712398447235
294,347,665,424.04009244409895
284,628,400,424.45730056155236
314,530,557,424.976469936866
296,350,666,425.84973875769845
321,470,618,433.7787454451866
307,616,453,434.2453223697407
302,350,675,434.4801491437785
303,632,423,436.3954628545077
310,621,451,437.8333016114695
306,350,680,439.2812311037202
304,347,681,439.42007236811565
326,494,608,439.6089171070123
315,622,454,440.0590869417424
312,361,679,441.50877680970285
308,638,422,441.58351418502934
309,345,685,442.7392008846743
330,502,606,442.9221150495875
316,364,681,444.3253312607779
220,643,99,444.41647134191595
224,658,144,444.8550325667902
334,511,604,446.99552570467637
281,673,309,447.9129379689763
317,351,689,448.20754121277344
320,361,687,449.14362958857606
318,349,691,449.5887009256349
247,669,168,450.08999100179955
239,668,143,454.78016667396565
238,668,142,455.03406465890004
323,649,431,455.1593127686173
271,683,243,455.2471856036015
313,297,710,457.23626277888326
305,277,713,457.6308556030723
328,368,694,457.92575817483777
341,490,634,458.27939076506595
329,368,695,458.87797942372436
336,624,490,458.9553355175207
340,468,650,459.6346375111432
343,507,624,460.21408061900934
274,688,240,460.35203920478074
311,274,719,463.28932644730764
335,648,455,463.9062405271134
333,651,449,464.1228285701965
347,485,647,466.2295571925915
276,695,234,467.61629569552
350,492,647,470.12445160829486
348,602,543,470.2137811676727
319,275,726,470.35412191241613
322,280,726,470.88002718314567
324,285,727,472.451055666087
325,289,727,472.9503145151719
354,511,638,473.8027015541385
258,687,134,475.4545193811917
327,286,731,476.5427577877981
331,303,729,476.9339576922574
261,689,134,477.38558838741665
357,554,608,478.3053418058385
356,499,654,479.85101854638174
359,516,645,482.4033581972663
358,612,551,483.01656286301403
332,278,740,484.5864216009359
362,490,666,484.8793664407674
361,652,508,492.2154000028849
344,700,398,492.32509584623045
367,528,650,493.62333818408547
295,723,211,497.22630662506185
351,701,414,498.06124121437114
337,720,338,498.46163342829107
352,701,417,499.00901795458566
363,677,479,500.44180480851116
364,424,721,502.7772866787043
368,424,723,504.61965875300575
338,730,326,506.5846424833662
269,714,114,506.88460225183405
345,727,350,507.41009055792335
339,733,324,509.2946102208426
346,731,346,510.6397947673095
342,735,327,511.67372416413957
349,731,353,511.8925668536319
370,382,748,513.6302171796359
375,580,634,515.0533952902359
372,681,508,517.4060301156143
297,737,165,517.4263232577175
373,680,512,518.4785434326092
298,738,164,518.5903971343859
376,622,596,519.1146308860885
355,738,361,520.2970305508192
299,741,166,521.1842284643694
371,720,433,522.1963232348539
374,680,523,523.9551507524284
377,656,561,524.397749804478
378,634,596,528.2802286665667
360,758,331,535.0037383046963
365,754,364,536.5743191767567
381,631,613,537.0605180051872
366,755,364,537.5546483847014
380,485,731,538.310319425515
369,756,363,538.3391124560801
383,641,604,538.7810315889006
382,647,597,538.9638206781602
384,627,621,539.4163512538344
387,639,611,541.7840898365325
385,505,725,542.971454129957
388,638,618,545.6189146281496
379,726,482,546.0586049134287
386,472,748,547.3901716326299
389,484,747,551.9574258944253
392,541,713,552.2626186878848
353,781,246,553.1301835915303
393,568,695,553.6867345349715
390,470,758,555.4853733447893
391,700,553,556.6048867913396
394,482,760,562.6011020252271
395,465,771,565.0999911520084
396,467,771,565.9416931098115
401,557,719,566.3585436805911
402,559,719,567.5226867711986
399,477,773,572.0367121085849
400,477,774,572.9371693301108
404,587,710,577.221794460327
403,480,782,581.4464721709128
397,763,492,583.9357841406878
398,765,489,584.5767699797863
405,599,719,591.7448774598729
406,661,669,597.0008375203505
408,675,660,601.1763468400932
407,702,628,601.3118991006248
409,675,665,604.5312233458252
411,704,635,607.2108365304427
410,722,614,608.9105024549996
412,710,632,610.0819617067857
413,688,693,633.1074158466319
414,724,658,637.1938480556761
415,705,711,657.8282450609734
