399,477,773,1.0
403,480,782,8.54400374531753
396,467,771,10.44030650891055
395,465,771,12.36931687685298
394,482,760,14.866068747318506
390,470,758,17.46424919657298
386,472,748,26.476404589747453
389,484,747,27.892651361962706
380,485,731,43.73785545725808
385,505,725,56.43580423808985
368,424,723,73.55270219373317
364,424,721,74.95331880577403
392,541,713,88.41379982785493
401,557,719,97.082439194738
370,382,748,98.49365461794989
402,559,719,98.73702446397704
362,490,666,108.77959367454909
393,568,695,120.50726119201282
356,499,654,122.0
340,468,650,124.32618388738553
347,485,647,127.251719045363
404,587,710,127.26350615946427
350,492,647,127.88275880665071
405,599,719,133.82451195502264
367,528,650,134.07833531186162
329,368,695,134.61797799699713
359,516,645,134.7664646712972
328,368,694,135.20724832641184
354,511,638,140.18559127100045
341,490,634,140.60227594174995
320,361,687,145.0
316,364,681,146.3488981851247
312,361,679,149.93665329064805
317,351,689,151.99013125857877
318,349,691,152.55490814785344
343,507,624,152.97058540778355
321,470,618,156.1569723067145
306,350,680,158.00316452527144
309,345,685,159.20113064925135
304,347,681,159.84054554461454
302,350,675,161.02794788483146
296,350,666,166.71232707871366
326,494,608,166.86821147240718
287,418,617,167.72000476985446
293,353,661,167.7647161950331
294,347,665,169.64963896218583
330,502,606,169.84993376507393
334,511,604,173.3666634621547
285,346,660,173.65770930194836
375,580,634,173.80736463107655
331,303,729,179.7247896090019
277,429,599,181.46349495146399
357,554,608,182.98907071188705
313,297,710,191.03926298015284
282,316,671,191.12822920751398
325,289,727,193.78596440403004
327,286,731,195.78048932414077
324,285,727,197.6689151080665
267,412,583,201.75727991822254
332,278,740,201.8836298465034
322,280,726,202.76340892774513
265,403,582,205.7668583615933
319,275,726,207.62466134830902
305,277,713,209.0956718825141
311,274,719,210.3188056261256
406,661,669,211.85136298829894
270,452,563,212.47588098417194
384,627,621,214.26385602802915
275,285,672,217.41205118392128
381,631,613,222.79362647975367
314,530,557,223.37860237721964
291,505,552,223.75879870968203
388,638,618,224.1807306616695
413,688,693,226.01327394646538
409,675,665,226.01991062736045
408,675,660,228.47319317591726
376,622,596,229.58440713602482
387,639,611,229.8107917396396
249,414,550,232.69078194032525
253,299,623,233.42022191746798
228,344,581,234.3885662740399
227,344,580,235.2126697267815
383,641,604,236.21176939348302
415,705,711,236.54386485385749
378,634,596,237.34573937612615
244,299,616,238.00840321299583
242,299,615,238.6734170367534
301,534,539,241.81397809059757
382,647,597,245.41597340026587
232,283,616,250.19992006393608
251,455,518,256.9435735720977
260,473,514,260.0307674103201
358,612,551,260.679880313
229,265,622,260.8601157708859
348,602,543,262.65186083483206
259,475,511,263.00760445279906
256,474,511,263.0171097096157
266,491,510,264.3709515056448
221,301,576,264.9150807334305
411,704,635,266.1766330841233
263,492,507,267.4210163767986
240,455,507,267.904833849634
407,702,628,268.21819475941595
268,509,507,268.9107658685312
216,295,574,270.4144966528237
412,710,632,272.8607703573381
414,724,658,272.88275870783775
280,536,507,273.4410356914265
250,478,496,278.0017985553331
377,656,561,278.22652641328074
230,462,493,281.40007107319644
234,467,492,282.177249260106
210,348,512,292.0359566902678
410,722,614,292.61749776799064
209,350,509,293.86051112730337
207,307,533,294.9254142999548
205,315,524,297.89931184881914
204,296,535,299.8032688280767
300,578,491,300.48294460751015
197,308,522,303.42214816983943
288,569,482,306.15028989043924
195,300,524,306.31519714176767
237,493,468,306.41801513618617
289,571,480,308.66162702869303
191,298,521,309.9193443462347
222,458,461,313.5761470520358
391,700,553,313.9585959963511
218,456,458,316.697016089511
217,457,457,317.63028822831114
188,297,512,317.8741889490243
193,255,546,318.2263345482269
361,652,508,318.40383163523643
336,624,490,319.7889929312765
374,680,523,322.8157369150395
194,392,458,327.23233336576016
373,680,512,331.4407941095966
186,268,514,333.58806933102386
243,521,443,333.9116649654516
225,509,441,334.534004250689
231,512,441,334.8342873721268
233,515,441,335.1611552671341
372,681,508,335.2193311848229
184,269,509,336.8812847280181
246,527,439,338.71079108879894
200,203,574,339.22853653547486
235,524,431,346.2051414985052
292,599,449,347.1440623141925
290,599,447,349.01719155365396
307,616,453,349.80280158969566
315,622,454,351.31894341182345
211,459,421,353.45862558438154
310,621,451,353.6453025278294
363,677,479,356.4056677439347
214,487,417,357.14002856022734
171,307,455,361.47060738046184
335,648,455,361.9419843013518
278,597,432,362.44171945293493
279,598,431,363.7169228947149
273,589,426,365.57899283191864
333,651,449,368.6475281349381
272,591,421,370.95147930693037
183,190,538,371.5709891797259
286,611,426,372.90749523172633
226,539,404,375.15863311404684
283,611,423,375.7086637276282
176,197,521,377.37117006999887
169,205,508,380.44710539048657
182,180,536,380.5955858913763
168,201,508,383.31710110559897
303,632,423,383.70040396121556
323,649,431,383.7095255528588
379,726,482,383.7512214964273
175,183,524,385.9222719667783
308,638,422,387.07234465923807
163,283,439,387.1188448009216
164,301,429,387.29962561303876
162,284,438,387.48548359906334
172,185,519,387.6712524807585
165,230,475,387.82728114458376
170,185,518,388.329756778952
160,282,438,388.48552096571115
161,294,430,389.6472763923803
151,283,431,394.06217783491985
208,486,380,394.10277847282424
150,279,433,394.31586323656825
153,245,455,394.44264475332784
158,307,418,394.50728763864424
152,289,427,394.65554601449605
173,167,528,395.7473941796711
149,283,429,395.8042445452044
157,308,416,395.8850843363513
154,307,416,396.31300760888485
147,276,432,396.69257618463195
159,321,408,397.8592716024097
146,275,431,398.06155302917665
148,305,412,400.78423122672876
397,763,492,401.6466108409232
156,327,401,402.031093324882
206,486,372,402.1007336476769
142,287,419,402.6474885057648
284,628,400,403.33236914485303
141,296,412,404.7283039274619
144,302,409,404.7838929601819
398,765,489,405.1777387764535
140,294,412,405.62667565139253
143,305,406,406.2117674317178
137,281,418,406.3889762284405
178,417,372,406.4529493065587
199,486,364,410.0987685911773
145,322,394,410.396150079408
166,168,503,411.0012165432117
136,300,403,411.0596063833079
167,166,504,411.8507011041744
135,296,403,412.79777131181316
134,297,402,413.26020858534156
257,588,375,414.1521459560484
131,284,407,414.65407269192474
133,307,392,418.1196001146084
371,720,433,418.7242529398076
132,309,390,419.14198071775155
130,295,394,421.33597045588215
352,701,417,421.4558102577303
351,701,414,424.0
127,297,388,425.9060929359898
344,700,398,437.1555787131167
114,239,397,445.83965727602117
262,614,337,457.97161484092004
245,600,332,458.7951612648067
124,340,336,458.9259199478713
223,585,327,459.8619358024754
252,606,331,461.4000433463352
110,296,349,461.93722517242537
100,207,399,462.0876540224809
138,105,496,464.400689060643
101,191,408,464.49111939842294
248,606,327,465.2418725781247
254,611,328,465.6951792750275
236,597,324,465.72524088780074
255,615,327,467.81727201974917
94,202,388,473.9419795713395
93,206,385,474.09070862019644
129,384,307,476.1701376608995
128,96,482,480.02604096027954
102,315,321,481.09562459037187
203,535,296,481.50597088717393
120,360,306,482.4033581972663
121,363,303,484.59983491536605
202,535,292,485.477084938105
90,177,392,485.7200839990045
117,357,303,486.04629409141677
99,316,313,488.3052324110402
355,738,361,488.5591059431806
98,317,311,489.8663082923748
349,731,353,491.6879091456287
345,727,350,492.2154000028849
89,283,320,493.71246692786684
365,754,364,494.80198059425754
366,755,364,495.3624935337757
369,756,363,496.7514469027745
346,731,346,497.69468552517213
337,720,338,499.14426772226886
95,319,300,499.63987030660394
104,344,292,500.0129998310044
123,385,282,500.5277215100079
96,111,428,503.6586145396503
281,673,309,504.61965875300575
88,133,402,506.67543852055826
185,515,265,510.4164965986111
264,645,292,510.43902672111585
105,358,277,511.0479429564314
187,520,263,512.8060062050756
338,730,326,514.5026724906295
80,203,337,515.7955021129983
342,735,327,516.1133596410773
86,161,365,516.852977160817
339,733,324,517.7219330876374
112,376,266,517.9430470621263
192,543,260,518.2200304889806
360,758,331,524.6046130182235
212,579,257,526.9658432953696
116,50,465,527.0768444923377
109,376,256,527.7546778570513
115,47,465,529.5101509886283
108,47,455,535.4073215786276
74,198,317,535.4344030784723
92,354,251,537.2690201379565
79,280,269,542.0645717993383
72,143,334,552.4092685681513
155,470,218,556.0440630022049
241,640,240,558.3233829959122
119,421,214,562.7930347827698
63,128,330,564.7450752330648
84,53,397,567.3667244384359
62,239,258,568.242905807015
271,683,243,569.5586010236348
78,59,386,570.3227156619312
85,47,398,571.2057422680552
201,573,210,572.1118771708905
54,228,258,572.9371693301108
87,41,402,573.131747506627
83,44,398,573.467523056014
274,688,240,574.175060412763
59,245,248,574.8912940721924
76,56,382,575.2434267334135
58,244,248,575.2955762040935
122,435,197,578.5265767447507
77,46,388,578.581887030695
125,443,196,578.9991364414976
75,57,372,581.3811142443483
196,571,200,581.6459404139257
71,71,357,582.0008591058952
198,574,200,582.1382997192334
276,695,234,582.343541219442
51,207,258,582.3710157622887
73,59,368,582.7177704515283
50,208,257,582.7949896833362
139,470,190,584.041950548075
70,68,357,584.0975945850146
69,71,353,584.8734905943336
49,209,254,584.999145298521
68,70,353,585.5681002240474
113,422,191,585.5885927850712
174,521,187,588.646753155065
215,614,201,589.1502355087367
107,414,187,590.3710697518976
126,451,184,590.5726034959631
66,62,352,591.8690733599789
48,227,237,592.3419620455738
55,72,341,592.8861610798484
219,618,198,593.0067453241995
53,70,339,595.7130181555546
44,206,242,597.0468993303625
52,71,336,597.2269250460834
41,155,270,598.0802621722272
40,154,270,598.6192445954273
82,350,188,599.6040360104324
81,350,187,600.5813849929084
47,241,221,601.2528586210631
111,426,172,604.1564366950004
46,243,216,605.078507302978
118,438,170,605.2577963149256
45,240,217,605.3247062527681
39,207,230,607.3186972257647
353,781,246,609.2618484691127
177,536,164,612.846636606582
42,227,214,613.2699242584786
295,723,211,614.3980794240815
38,219,215,615.6663057208832
37,215,215,617.353221421902
213,617,171,619.0387709990384
91,405,157,621.1867674057457
106,430,147,628.7590953616497
103,428,147,628.9117585162485
36,87,280,629.3933587193306
247,669,168,635.6886030125128
181,545,140,637.6362599476288
60,316,153,641.5309813251422
65,322,150,642.9626738777299
180,547,131,646.7990414340454
179,546,130,647.6858806551213
61,321,144,649.0269640007263
97,425,127,649.0862808594864
190,585,131,652.006901803961
67,331,135,655.4670090858883
224,658,144,655.4853163877891
56,321,135,657.7666759573641
64,328,133,658.089659544959
239,668,143,659.2738429514703
189,585,123,659.8977193474758
238,668,142,660.2310201739994
57,323,131,661.1845430740195
31,122,216,661.3539143302926
297,737,165,662.1789788267217
299,741,166,662.8423643672755
298,738,164,663.4915221764329
28,121,209,667.8031146977378
258,687,134,673.5725647619564
261,689,134,674.1987837425992
43,293,118,681.3163729134945
27,177,159,684.2696836774226
25,129,184,684.9846713613379
26,160,166,685.6770376788186
34,220,138,685.962826981171
33,215,135,690.6265271476328
30,206,136,693.1702532567306
220,643,99,695.1122211556923
32,217,128,696.3591027623606
24,138,162,699.6177527764715
269,714,114,701.2624330448623
29,206,127,701.4627573863063
22,134,162,701.5646798407115
21,135,161,701.9494283778569
18,131,153,710.8846601242708
17,129,152,712.7327689955051
16,109,162,714.1204380214867
15,100,167,714.547409203896
14,106,162,715.6710138045273
13,110,157,717.898321491282
10,114,150,721.9037331943921
7,109,150,724.4308110509934
35,260,65,741.464766526367
11,161,101,743.4951243955807
8,158,99,746.5828822039788
12,167,94,747.3285756613352
4,149,102,747.7753673396844
9,164,93,749.4864908722504
23,200,75,751.8842996099866
19,190,79,751.9268581451257
6,157,93,752.436708301768
2,143,96,755.8042074505804
3,146,94,756.2810324211497
5,162,84,758.5018127862319
20,199,67,759.6927010311472
0,136,63,788.5442283093574
1,138,62,788.5841743276363
