101,206,398,33.015148038438355
93,206,385,35.11409973215888
94,205,387,35.4400902933387
132,284,407,46.09772228646444
138,281,417,46.51881339845203
100,192,405,47.67598976424087
102,190,407,50.00999900019995
149,276,432,50.93132631298737
148,277,431,50.99019513592785
145,287,419,52.80151512977634
153,279,433,53.81449618829484
152,283,429,54.405882034941776
155,283,431,55.60575509783138
141,293,412,56.04462507680822
151,288,425,56.43580423808985
156,285,430,56.61271941887264
135,296,402,57.21887800367987
154,245,454,57.3149195236284
131,297,393,58.137767414994535
128,297,388,58.69412236331676
144,296,412,58.9406481131655
165,282,438,59.413803110051795
136,299,401,60.13318551349163
167,283,439,60.8276253029822
166,284,438,60.876925020897694
137,300,403,61.29437168288782
89,177,392,62.20128616033595
164,294,429,63.631753079732135
146,302,409,64.13267497929586
143,304,405,65.49045732013177
150,305,412,67.68308503607086
134,307,392,68.18357573492314
168,301,427,68.87670143089025
159,307,416,70.60453243241541
163,307,418,71.16881339463234
81,202,336,71.34423592694787
160,308,416,71.56814934033156
111,296,352,72.62231062146122
169,230,474,77.52418977325722
170,314,424,79.71198153351854
157,321,404,82.29823813423954
161,321,406,82.49242389456137
147,322,394,83.05419917138447
140,322,389,83.38465086573187
86,161,365,84.30895563343196
158,327,400,88.05112151472007
176,307,455,89.37561188601732
76,197,318,89.47066558375433
88,283,319,89.55445270895244
87,133,402,106.1178590059185
104,316,321,108.18964830333815
73,143,334,114.82595525402782
193,266,509,115.20850663036997
97,316,311,115.43396380615195
194,269,509,115.94826432508596
174,204,508,116.3872845288522
99,318,310,117.51595636338071
173,201,509,118.27087553578015
177,204,511,119.25183436744275
125,341,335,119.36498649101419
196,268,514,120.5404496424333
198,272,516,123.4908903522847
92,316,299,124.63145670335399
171,168,502,126.75172582651489
199,297,512,128.79829191413992
67,128,331,129.1394595001853
172,166,504,129.52991932368366
66,128,329,130.17296186228538
96,111,428,131.70041761513136
175,185,518,132.5028301584536
178,185,519,133.41664064126334
183,197,524,133.76471881628578
79,280,267,136.31214179228496
202,298,521,137.32079230764728
181,183,524,138.7984149765407
65,239,258,139.0
57,227,257,140.51334456200237
207,300,524,140.8900280360537
209,308,522,142.77955035648486
192,204,536,143.33875958721003
56,207,257,143.61058456812992
55,208,255,145.34441853748632
190,198,537,145.8800877433243
54,208,253,147.29901561110313
216,314,524,147.49237268414933
215,295,534,148.00337833982033
60,243,248,149.05368160498418
61,245,248,149.12075643584967
180,167,528,149.4824404403407
206,255,546,149.85659811966906
118,357,304,150.2431362824938
188,180,536,151.00331122197287
191,190,540,151.16216457830973
121,359,305,151.2084653714864
189,184,538,151.34728276384746
218,307,533,152.0526224699857
98,341,284,152.22680447279973
45,155,270,152.26621424334422
44,154,270,152.8201557386983
122,362,306,153.00326793895613
119,361,302,154.62535367784935
219,350,509,157.68639763784319
220,348,512,158.44872987815333
49,206,242,158.47397262642215
53,227,236,161.4465855941215
43,124,283,161.92899678562824
48,206,238,162.3884232326923
205,390,457,162.48384535085327
129,96,482,166.35504200354134
139,102,495,168.44286865284622
108,360,277,170.41420128616042
42,206,228,172.19175357722565
130,385,304,173.1040149736568
71,71,353,173.6663467687393
70,70,353,174.6339027795004
72,68,357,175.6160584912439
52,241,220,177.01129907438113
133,392,305,178.53010950537168
185,417,374,179.47980387776224
50,240,217,180.00277775634464
80,59,386,180.33579788827288
211,199,574,181.46349495146399
40,215,217,181.59295140505867
51,243,215,182.04395073717774
74,59,367,182.4828759089466
41,219,215,183.09560344257315
69,61,352,183.60010893242955
75,57,372,183.7090090333079
77,56,380,183.7879212570837
46,228,213,184.32851108821987
232,295,574,185.64751546950473
124,385,282,185.85209172887994
91,354,250,186.63868837944614
240,301,576,189.4333655932872
112,376,266,189.5521036549054
84,47,397,192.0
39,87,278,193.04144632694815
78,45,387,194.25756098540927
82,43,397,196.0
109,376,256,196.596032513375
106,48,454,199.32385707686876
116,49,464,201.4671189052943
115,47,464,203.35437049643167
246,344,580,210.98341167020692
247,345,580,211.482859825566
31,123,214,216.6679487141557
248,283,614,221.41589825484527
29,121,208,222.81157959136684
236,456,458,225.41073621280776
235,457,457,226.10616975217638
259,299,615,226.10616975217638
260,299,616,227.0704736419951
239,458,460,227.8815481779953
250,266,624,228.60008748904713
267,299,622,232.86262044390037
266,415,550,233.20591759215716
85,351,188,237.11811402758752
83,350,187,237.5310506018108
256,453,506,240.160363090998
26,129,183,240.61587645041215
249,462,493,242.78591392418136
27,160,166,244.13520843991347
254,467,492,247.0
281,403,582,247.226616690032
217,485,372,247.2670621008791
268,455,518,247.58230954573472
228,486,414,247.58432906789557
28,177,157,247.8790027412568
210,485,363,248.33847869389874
230,487,414,248.58197842965205
283,413,583,254.69982332149348
63,316,153,255.86129054626454
24,138,161,256.7041098229633
23,135,161,257.8992051170379
227,497,399,258.00775182152955
241,496,422,258.21309029559285
265,478,496,258.69286808878206
22,133,161,258.7121953059036
120,421,212,259.5168587972658
35,220,138,259.6959760951255
68,322,150,260.5724467398654
251,490,468,260.84861510078986
273,474,511,261.19150062741323
275,473,514,261.6199533674754
274,475,511,262.09158704544484
32,206,136,263.07793522072507
34,215,135,263.09694030908076
64,321,144,265.9567634033773
19,131,153,266.8332812825267
18,130,152,268.15294143454776
17,100,167,268.73965096353015
242,507,418,268.8215021161812
16,107,162,269.53478439711637
33,217,128,269.89812893015767
287,452,563,270.04629232781554
15,107,160,271.28029784707917
30,206,127,272.0091910211859
14,110,157,272.472016911829
107,414,187,273.3587386567329
113,421,192,274.1331793125378
278,492,506,275.4813968310746
280,491,509,275.7680184502909
58,320,133,276.14670014323906
11,114,150,276.8284667443
296,429,599,277.3157045679166
62,325,132,278.6054557972618
292,285,672,278.8207309365643
8,109,150,279.12183719659055
59,323,129,280.8558349046713
123,435,195,281.46047679914136
47,292,119,283.0070670495703
305,418,617,283.6212262860451
303,346,660,283.9330907097656
300,316,671,284.6137733842127
309,353,659,285.72714256787015
126,443,194,287.7933286231632
312,351,664,289.53928921650686
284,508,507,290.6217472936256
162,470,219,291.62475889402805
90,405,157,291.81500989496755
110,427,170,294.7422602885443
319,350,673,297.48445337529824
245,539,403,300.0599940011997
117,438,170,301.8774585821207
127,451,182,301.9420474196994
323,350,679,303.0594001181947
324,347,681,303.84206423732707
282,534,474,304.8835843399903
195,515,265,305.9411708155671
329,360,678,305.9444394003591
328,442,626,306.0228749619871
12,161,101,306.10455730027934
308,504,551,306.4979608415038
5,149,102,308.4234102658227
9,158,99,308.8122406900348
336,363,680,308.97410894765926
38,277,89,310.3353025358217
337,443,631,310.4383996866367
142,470,189,310.84562084739105
197,520,263,311.3149530620076
13,167,94,311.4369920224635
37,274,87,311.96954979612997
214,534,294,312.464397971993
338,351,689,312.74270575027003
10,164,93,313.1149948501349
212,534,291,313.4661066207956
339,349,691,313.90444405901616
342,361,687,314.6172277546161
7,157,93,314.8650504581288
103,428,145,315.0
340,450,631,315.0825288714054
105,430,145,316.2040480449294
298,536,507,316.7159610755353
3,143,95,316.8911485037094
4,146,94,316.9511003293726
325,277,713,318.27660925679095
332,297,710,318.3284467338727
344,470,618,319.6904753038476
335,294,712,319.7655391063896
350,368,690,320.14059411452337
351,368,692,321.97204847626136
20,188,78,323.0510795524448
6,162,83,323.3032632065442
331,273,719,323.7900554371613
354,368,694,323.80549717384355
2,146,84,326.52411855787926
25,201,72,327.2139972556186
321,534,539,327.3973121453504
345,292,721,328.3062594590606
341,275,726,330.9637442379452
352,494,608,330.97734061412723
343,278,726,331.3034862478812
95,424,122,331.436268383531
36,262,66,331.79813139919884
334,530,557,332.0858322783434
347,283,727,332.9204109092742
349,289,727,333.7663853655727
204,543,258,334.2708482652952
21,198,64,335.5145302367693
355,501,607,335.77373333838966
356,302,729,337.92454779136716
353,286,732,338.2809483255006
307,569,482,340.77118422777477
302,570,479,341.0058650522011
359,510,604,341.0131962256006
369,470,651,343.3322006453808
357,278,740,345.21008096520006
368,492,634,346.666987179339
271,587,375,348.69470887869807
1,139,62,349.6069221282668
0,136,62,350.47681806362027
374,485,647,350.736368231183
291,589,426,351.1993735757511
372,507,624,351.2164574731657
320,578,491,351.7911312128263
179,520,185,352.00142045167945
289,591,421,352.8172331391991
243,585,326,353.20956951928696
377,492,647,355.6810368855781
295,597,430,359.5177325251148
297,598,431,360.60643366418185
380,511,638,363.40748478808194
253,596,325,364.18813819233594
310,600,446,364.3103072931097
311,600,448,364.5846952355515
383,499,654,365.58036052282677
261,600,332,366.80512537313325
225,579,257,367.6955262170047
388,490,666,367.9157512257392
386,517,643,371.2142238654117
264,605,330,372.0819802140383
304,611,426,373.1286641361127
263,606,327,373.61611314288893
392,424,722,373.9652390263031
301,613,422,374.834630203774
395,424,724,375.7046712512369
182,535,162,377.94311741318955
269,611,328,378.34508058120696
396,382,748,379.0118731649445
384,554,608,379.1384971220939
277,614,336,379.92894072444653
327,616,453,381.13645850272576
203,567,200,382.6133818882973
270,615,326,382.6447438551848
213,573,209,383.275357934736
393,528,650,384.0963420809941
330,621,451,385.7978745405423
333,621,453,386.0828926538963
317,626,423,387.87240169932176
208,573,199,388.2782507429434
306,629,401,390.020512281085
375,602,543,391.26078259902306
322,631,422,392.7963849120814
362,623,491,395.337830216133
326,638,421,399.7211528053025
187,546,139,401.0149623143755
382,611,549,401.8556954927975
184,546,130,406.86361351194824
186,547,131,406.96437190496175
409,438,754,408.71750635371615
346,648,430,410.3291361821629
361,648,454,412.9527818044092
410,484,730,413.417464556107
401,577,636,413.96255869341616
358,651,447,415.0228909349459
360,651,449,415.26858778385827
279,644,294,417.89233063074994
416,471,747,419.90951406225605
414,505,722,419.9773803432752
417,506,724,422.15873791738574
418,505,726,423.0803706153241
231,613,199,423.1784493567696
420,483,746,425.8368232081392
233,616,198,426.2980178232125
387,652,508,427.6564041377143
421,470,757,427.7394066484873
422,461,763,428.06541556168725
402,620,596,429.83950493178264
257,640,240,430.6390600026895
223,603,165,431.6480047446067
222,602,160,433.5181657093506
428,463,771,435.9495383642469
427,482,759,435.9965596194539
404,625,600,436.1249820865574
430,467,771,438.0182644593716
201,586,129,438.44383904897103
425,542,714,438.5179585832261
229,617,172,439.8965787545977
221,604,150,440.7198656743306
200,583,121,441.03514599179056
407,634,596,442.2962807892465
299,673,309,442.83179650969055
426,568,695,443.8975106936285
434,477,772,444.1497495214874
435,477,773,444.9943819870089
389,677,479,445.60969468807565
224,614,156,445.7645118221055
411,631,613,447.5712233823797
415,627,621,448.0178567869812
403,656,561,448.0903926664797
226,617,155,448.8295890424338
436,550,723,450.5518838047401
437,552,723,451.9347298006649
413,641,604,452.16479296822746
438,480,782,454.2092029010421
398,679,510,454.27854891024737
412,647,597,454.38309827721366
399,681,508,455.7246975971348
234,628,159,456.0317971369979
419,638,618,456.1162132614889
258,653,204,456.77675072183786
400,680,521,458.10151713348426
238,631,159,458.5935019164576
370,699,396,460.00108695523755
376,700,413,461.27757370156206
378,700,416,461.39137399825756
439,587,710,468.05234749972146
288,683,243,469.9489333959595
285,682,233,472.3822604628586
290,687,238,475.3787963298321
294,692,245,477.82109622744787
440,598,717,480.916832726824
397,720,433,482.345311991316
293,693,234,482.3743359674103
405,712,497,483.45527197456437
363,719,338,483.61244814417256
367,722,350,485.28136168618715
406,714,497,485.41219597368996
424,700,553,486.6795660390931
366,724,344,487.88728206420797
373,725,352,488.07888706642495
262,669,166,488.1198623289161
244,658,144,489.45888489228594
408,726,482,494.3622153846307
364,730,326,496.1068433311518
441,649,679,497.61832763675415
365,732,323,498.52281793314137
252,666,139,498.89177183032393
381,737,360,499.3726063772421
255,667,138,500.2649298121946
371,735,327,500.9151624776395
442,661,669,502.06374097319554
237,642,97,502.4032245119452
316,717,241,502.81209213780846
444,675,660,509.1807144816072
445,675,665,511.7812032499826
390,753,363,515.1232862140868
391,754,364,516.0561984900481
449,670,681,516.1559841753266
443,702,628,517.4263232577175
394,756,363,518.1167822026227
272,687,132,520.5084053115761
314,725,210,520.735057394833
385,756,330,521.3233161867978
276,689,132,522.2307918918608
447,704,635,522.3686437756386
448,710,632,526.3705918837031
446,722,614,529.5073181741684
432,763,488,531.8430219529067
433,763,491,532.3645367602917
348,749,224,538.5434058643741
451,645,752,539.3153066620675
313,737,165,549.3887512499687
315,738,164,550.7177135338939
450,724,658,550.7685539316856
423,790,415,551.2939324897382
318,741,164,553.4374400056432
286,714,112,553.9404300103035
429,800,415,561.2886957707237
452,705,711,561.9181435049059
379,780,245,561.9475064452195
431,803,416,564.3199447122173
