222,602,160,10.198039027185569
224,614,156,11.661903789690601
226,617,155,13.92838827718412
223,603,165,15.033296378372908
229,617,172,25.553864678361276
234,628,159,25.632011235952593
201,586,129,27.65863337187866
238,631,159,28.460498941515414
200,583,121,35.805027579936315
233,616,198,49.47726750741192
231,613,199,49.8196748283246
244,658,144,54.3323108288245
208,573,199,57.982756057296896
187,546,139,59.033888572581766
186,547,131,60.08327554319921
184,546,130,61.35144660071187
203,567,200,62.20128616033595
252,666,139,62.96824596572466
255,667,138,64.13267497929586
237,642,97,65.21502894272147
213,573,209,66.64833081180653
262,669,166,66.94027188471824
182,535,162,70.03570517957252
258,653,204,72.91776189653656
272,687,132,84.92938243034621
276,689,132,86.88498144098322
179,520,185,91.0
257,640,240,96.93296652842108
225,579,257,109.88175462741756
285,682,233,113.89907813498755
286,714,112,116.37869220780924
290,687,238,120.96693763173474
288,683,243,122.0245876862528
293,693,234,122.38055401083949
204,543,258,124.03628501370073
294,692,245,129.49517365523704
313,737,165,133.843191832831
315,738,164,134.72935834479432
314,725,210,135.05924625881784
318,741,164,137.71347065556077
142,470,189,139.5600229292042
197,520,263,140.80127840328723
316,717,241,145.08618128546908
195,515,265,145.41664278891878
279,644,294,149.45233353815524
162,470,219,150.72159765607583
127,451,182,156.31058825300352
212,534,291,157.41982086128797
214,534,294,160.11246047700348
348,749,224,162.7912774076056
126,443,194,166.90416411821485
117,438,170,167.20047846821492
299,673,309,173.32628190785147
105,430,145,174.07182425654074
123,435,195,174.88853593074649
253,596,325,175.18276170902203
103,428,145,176.07100840286
270,615,326,176.34341496069538
263,606,327,177.01129907438113
243,585,326,177.02259742756007
110,427,170,178.12635964393365
269,611,328,178.13758727455584
264,605,330,180.00277775634464
261,600,332,182.04395073717774
95,424,122,182.1647605877712
277,614,336,186.26862323000083
113,421,192,187.7578227398262
120,421,212,193.2174940319846
107,414,187,193.56910910576616
90,405,157,199.12307751739877
379,780,245,200.0024999843752
365,732,323,215.20455385516357
364,730,326,216.453228204155
371,735,327,220.20445045457188
363,719,338,220.38375620721234
271,587,375,225.64130827488125
366,724,344,228.114006584427
367,722,350,232.2154172315008
373,725,352,235.46761985462035
385,756,330,235.59286916203556
210,485,363,243.98770460824454
381,737,360,248.57393266390585
109,376,256,251.4358765172544
217,485,372,251.88290930509754
306,629,401,252.24194734421155
124,385,282,255.70490804832042
112,376,266,255.8124312851117
85,351,188,255.8378392654222
83,350,187,256.6807355451515
390,753,363,259.9423012901132
245,539,403,261.21638539724114
391,754,364,261.3350340080717
394,756,363,261.6734606336684
133,392,305,262.6194966105906
370,699,396,263.7062759966095
130,385,304,267.72560579817537
91,354,250,269.2582403567252
227,497,399,271.01660465735307
289,591,421,271.31162894354526
301,613,422,272.1488563268271
326,638,421,273.1245137295442
322,631,422,273.33678859604686
317,626,423,273.8850123683295
108,360,277,275.0727176584403
304,611,426,276.08875384557047
291,589,426,276.40730815229904
62,325,132,279.5800422061632
376,700,413,279.9732130043873
295,597,430,280.08748633239577
297,598,431,281.06404963993526
59,323,129,281.78360491696463
68,322,150,282.0
378,700,416,282.79321066814884
64,321,144,283.0635970943632
346,648,430,283.43605980891
58,320,133,284.50834785643815
242,507,418,285.0140347421509
119,361,302,286.6234463542716
122,362,306,287.92360097775935
63,316,153,288.01562457616774
230,487,414,288.76461001999536
228,486,414,289.1712295509358
121,359,305,289.9137802864845
118,357,304,291.0755915565577
185,417,374,291.79616172938256
241,496,422,292.6567955814455
98,341,284,295.16944286290885
310,600,446,296.0270257932542
311,600,448,298.0268444284843
358,651,447,300.6958596322869
330,621,451,301.4796842243271
360,651,449,302.67143902258107
327,616,453,303.2375306587231
333,621,453,303.4765229799498
397,720,433,305.8512710452582
361,648,454,307.1677066359678
47,292,119,313.53628179207584
125,341,335,321.54937412472134
423,790,415,323.76071410842917
92,316,299,324.2606975876047
99,318,310,327.7132893246778
429,800,415,329.607342151233
97,316,311,329.946965435356
302,570,479,330.75217308432
282,534,474,331.4754892899323
431,803,416,332.20024081869656
38,277,89,332.6409475695979
307,569,482,333.83978193139296
104,316,321,334.94029318671113
37,274,87,335.9598190260258
389,677,479,337.0014836762592
251,490,468,337.81651824622196
235,457,457,340.37920030460145
362,623,491,341.528915320504
236,456,458,341.7133301467767
320,578,491,341.9897659287482
239,458,460,342.6601815209932
79,280,267,344.47786576208347
36,262,66,352.1647341799005
408,726,482,353.7060926814804
387,652,508,361.20354372569494
88,283,319,362.7698995230999
298,536,507,363.4184915493432
405,712,497,363.4184915493432
406,714,497,364.01785670486004
399,681,508,366.18711064154076
51,243,215,366.80512537313325
398,679,510,367.7295201639379
265,478,496,368.2281901212888
111,296,352,368.33137254380057
254,467,492,368.41959774148825
140,322,389,369.655244788979
284,508,507,369.68229603268804
52,241,220,369.68770604389863
50,240,217,370.11484704075303
249,462,493,371.23173355735634
61,245,248,372.1357279273249
147,322,394,372.90749523172633
158,327,400,373.1340241789805
278,492,506,373.2023579775455
432,763,488,373.5304539123952
60,243,248,374.0655022853618
205,390,457,374.22586762542215
433,763,491,376.2472591262294
280,491,509,376.36418533117626
400,680,521,378.7043701886737
157,321,404,380.26964117583725
65,239,258,380.64287724847816
46,228,213,381.24139334547607
161,321,406,381.6084380618437
134,307,392,383.109644879896
274,475,511,383.3562312001724
273,474,511,383.69388840584884
35,220,138,384.1874542459709
53,227,236,386.6846260197061
256,453,506,386.700142229092
275,473,514,386.855270094644
33,217,128,387.6248186068586
128,297,388,388.44948191495894
34,215,135,389.28909566028176
41,219,215,390.4484601070927
131,297,393,391.53288495348636
57,227,257,391.89029077026134
375,602,543,393.0050890255748
143,304,405,393.7321424522006
40,215,217,394.72775428135276
136,299,401,395.0012658207566
321,534,539,395.2480233979672
137,300,403,395.50600501130197
268,455,518,397.0201506221063
150,305,412,397.54873915030845
146,302,409,397.85047442475167
135,296,402,397.95477129945306
160,308,416,397.9597969644673
32,206,136,398.24615503479754
30,206,127,398.6640189432701
159,307,416,398.7041509691114
170,314,424,398.9686704491971
382,611,549,399.06139878469827
163,307,418,400.0412478732662
144,296,412,404.36122464944634
42,206,228,405.5712021334848
141,293,412,406.6509559806788
48,206,238,407.6125611410914
49,206,242,408.4947980084936
54,208,253,409.1760012512953
55,208,255,409.6840245848012
132,284,407,410.42538907820995
25,201,72,410.47898850002053
168,301,427,410.5337988521773
56,207,257,411.16663288744627
308,504,551,413.2807762284619
334,530,557,413.67257583746107
403,656,561,414.2764777295472
424,700,553,414.2764777295472
21,198,64,415.00843364924526
145,287,419,415.7523301197481
164,294,429,417.06234545928504
151,288,425,418.90452372825956
138,281,417,419.068013572976
20,188,78,422.18479366268036
156,285,430,424.45376662246736
152,283,429,425.30224546785547
176,307,455,425.7158676864183
155,283,431,426.6169241837459
28,177,157,427.05737319475
166,284,438,430.5159695063587
153,279,433,430.9454721887677
148,277,431,431.1496260000697
167,283,439,431.9282347798069
165,282,438,432.00462960482264
149,276,432,432.5598224523401
219,350,509,439.76925767952446
287,452,563,440.08294672709144
76,197,318,440.31011798504016
13,167,94,440.5734898969751
114,239,397,440.7198656743306
266,415,550,442.4036618293298
81,202,336,442.944691807002
220,348,512,443.3734317705561
10,164,93,443.6766840842552
27,160,166,444.28819475651164
12,161,101,445.70169396133105
402,620,596,446.2869032360237
407,634,596,447.007829909052
6,162,83,447.0492142930127
9,158,99,448.90644905146996
412,647,597,449.0634699015274
404,625,600,450.48973351231876
7,157,93,450.61957347634154
413,641,604,455.50521402065203
5,149,102,457.5248627123995
384,554,608,460.7211738134031
4,146,94,461.41087980237313
93,206,385,462.2001730852121
2,146,84,462.73102338183463
359,510,604,463.62916215440976
411,631,613,463.786588853106
94,205,387,464.0797345284536
3,143,95,464.26931839181447
45,155,270,464.7590773723521
44,154,270,465.72524088780074
24,138,161,466.12981024603005
355,501,607,468.46344574577
101,206,398,468.94349339765876
23,135,161,469.1289801323299
419,638,618,469.23341739479724
154,245,454,470.4221508390097
352,494,608,471.0244155030607
22,133,161,471.128432595614
415,627,621,471.5612367444975
19,131,153,473.00951364639593
1,139,62,473.25363178743805
283,413,583,473.2546883021868
216,314,524,473.26102734114926
18,130,152,474.0042193905029
199,297,512,474.6503976612682
209,308,522,475.3945729601885
26,129,183,476.14493591762584
0,136,62,476.20163796442364
281,403,582,476.47140522805773
446,722,614,478.76925548744254
202,298,521,480.9126739856208
296,429,599,481.89832952605263
207,300,524,481.9668038361148
372,507,624,483.8233148578105
100,192,405,484.5296688542405
218,307,533,484.6627693561782
31,123,214,485.2391163127721
29,121,208,486.4699374062081
401,577,636,486.7494221876386
344,470,618,486.805916151396
102,190,407,487.2832851637741
443,702,628,487.94261957734335
11,114,150,490.0
89,177,392,490.80851663352377
194,269,509,491.02545758850425
86,161,365,492.41649038187177
215,295,534,492.88639664734103
193,266,509,493.0770730829005
448,710,632,493.51798346159586
14,110,157,494.0495926523976
198,272,516,494.1457274934187
169,230,474,494.82522166922735
8,109,150,495.0
447,704,635,495.20197899443014
196,268,514,495.3705683627157
73,143,334,496.36377788875774
380,511,638,496.7826486502925
368,492,634,496.78969393496885
15,107,160,497.10059344160913
16,107,162,497.14484810767175
43,124,283,498.08533405431643
386,517,643,500.61761854733
247,345,580,501.9770911107398
246,344,580,502.4937810560445
305,418,617,502.6778292306117
328,442,626,502.81209213780846
17,100,167,504.2866248474175
340,450,631,505.0514825243066
393,528,650,505.7430177471559
337,443,631,507.2297309898149
66,128,329,508.54400006292474
67,128,331,509.25141138734216
377,492,647,509.4634432420053
374,485,647,511.0479429564314
383,499,654,514.821328229513
444,675,660,514.9184401436795
369,470,651,518.6106439324207
445,675,665,519.8711378793787
450,724,658,521.9808425603377
442,661,669,522.1206757062969
240,301,576,522.7666783566068
232,295,574,524.64940674702
206,255,546,527.841832370266
388,490,666,528.4429959796988
441,649,679,530.9105386032566
39,87,278,532.6096131314192
87,133,402,534.1769369787505
449,670,681,535.0859744003761
174,204,508,536.8090908321133
177,204,511,538.8144393016951
173,201,509,539.7128866351071
426,568,695,546.1876966757857
183,197,524,552.7431591616489
192,204,536,555.8740864620332
259,299,615,556.1025085359713
260,299,616,556.9389553622551
175,185,518,557.6602908581532
178,185,519,558.3206963744045
439,587,710,560.2579762930645
171,168,502,560.357029044876
190,198,537,560.8966036623863
267,299,622,561.9688603472616
181,183,524,563.1314233817893
172,166,504,563.1696014523511
248,283,614,564.2136120300537
96,111,428,565.9796816141018
440,598,717,567.031745143074
425,542,714,567.3975678481536
309,353,659,567.5226867711986
191,190,540,568.7670876553952
452,705,711,570.0192979189388
71,71,353,570.3490159542664
70,70,353,571.2836423353989
303,346,660,571.5452737972732
189,184,538,571.7901713041244
312,351,664,572.8917873385863
188,180,536,573.3864316497209
72,68,357,574.5824570938448
437,552,723,575.3546732233954
436,550,723,575.5388779222477
180,167,528,577.8001384561966
69,61,352,579.3556765925401
414,505,722,580.5040912861855
319,350,673,581.4163740384338
329,360,678,581.6528174091483
250,266,624,582.1683605281207
336,363,680,582.2207485138262
417,506,724,582.3057616063918
418,505,726,584.445891421952
211,199,574,586.3454613109919
74,59,367,586.6123080877181
323,350,679,586.819392999243
350,368,690,589.318250184058
342,361,687,589.4217505318242
324,347,681,589.9237238830118
75,57,372,590.3329568980542
351,368,692,591.1514188429222
410,484,730,592.2837157984338
354,368,694,592.9856659313107
80,59,386,593.9031907642861
77,56,380,594.3096835825578
300,316,671,595.3024441407913
338,351,689,595.4242185198717
339,349,691,598.0852782003583
392,424,722,599.65323312728
395,424,724,601.561301946859
451,645,752,603.3945641120741
129,96,482,606.8673660693909
78,45,387,607.1655457945551
420,483,746,608.1586963942882
139,102,495,609.1214985534496
84,47,397,609.3094451918499
416,471,747,611.635512376448
292,285,672,611.7556701821406
82,43,397,612.9681884078487
427,482,759,621.0998309450744
421,470,757,621.6148325128672
409,438,754,626.3960408559428
422,461,763,629.4584974404587
106,48,454,633.6813079143175
434,477,772,634.8330489191627
435,477,773,635.8128655508632
430,467,771,635.9323863430766
428,463,771,636.8060929356753
116,49,464,637.6684091281298
396,382,748,637.8777312306803
332,297,710,638.6305661335041
115,47,464,639.4098841901023
335,294,712,641.8286375661341
438,480,782,644.0496875241847
345,292,721,650.6804131061576
325,277,713,651.0744965055842
356,302,729,653.0275645024489
349,289,727,657.384210336695
331,273,719,658.2719802634774
347,283,727,660.2802435330017
343,278,726,661.8549690075614
353,286,732,663.2103738633767
341,275,726,663.337772179453
357,278,740,674.0741798941716
