128,297,388,5.0
136,299,401,8.246211251235321
135,296,402,9.055385138137417
134,307,392,10.04987562112089
137,300,403,10.44030650891055
143,304,405,13.892443989449804
146,302,409,16.76305461424021
144,296,412,19.026297590440446
132,284,407,19.1049731745428
141,293,412,19.4164878389476
150,305,412,20.615528128088304
147,322,394,25.019992006393608
159,307,416,25.079872407968907
140,322,389,25.317977802344327
160,308,416,25.495097567963924
157,321,404,26.40075756488817
163,307,418,26.92582403567252
161,321,406,27.294688127912362
145,287,419,27.85677655436824
138,281,417,28.844410203711913
158,327,400,30.805843601498726
151,288,425,33.24154027718932
168,301,427,34.23448553724738
170,314,424,35.35533905932738
164,294,429,36.124783736376884
152,283,429,38.62641583165593
156,285,430,38.897300677553446
155,283,431,40.496913462633174
111,296,352,41.012193308819754
148,277,431,42.941821107167776
153,279,433,43.86342439892262
149,276,432,44.294469180700204
166,284,438,46.84015371452148
165,282,438,47.43416490252569
167,283,439,48.08326112068523
114,239,397,58.137767414994535
176,307,455,62.80127387243033
125,341,335,72.80109889280519
104,316,321,74.46475676452586
88,283,319,75.31268153505093
154,245,454,80.15609770940699
97,316,311,84.17244204607586
99,318,310,85.61541917201598
101,206,398,91.13725912051558
93,206,385,91.35097153287424
94,205,387,92.19544457292888
92,316,299,95.90099061010788
169,230,474,105.11898020814318
100,192,405,105.68348972285122
118,357,304,107.33592129385204
121,359,305,107.64757312638311
102,190,407,107.91200118615167
122,362,306,108.60018416190647
81,202,336,110.78808600206071
119,361,302,111.25196627475849
205,390,457,112.89375536317321
98,341,284,117.5457357797381
199,297,512,119.0
194,269,509,119.33147112141039
89,177,392,120.00416659433121
193,266,509,120.07081243999309
185,417,374,121.49485585818027
196,268,514,124.42668524074729
76,197,318,125.0
130,385,304,125.15989773086265
198,272,516,125.51493934986385
79,280,267,127.1416532848303
219,350,509,127.534309109353
202,298,521,128.00390619039717
209,308,522,129.46814279968643
220,348,512,129.46814279968643
133,392,305,129.49517365523704
207,300,524,131.03434664239754
108,360,277,132.00378782444085
216,314,524,132.09844813622905
86,161,365,138.85243966167826
218,307,533,140.356688476182
215,295,534,141.01418368376991
124,385,282,141.65097952361643
65,239,258,146.93195704134618
174,204,508,147.898613921835
112,376,266,149.56603892595405
177,204,511,150.2431362824938
173,201,509,150.57224179774968
57,227,257,152.95751043999115
91,354,250,153.9415473483361
61,245,248,154.042202009709
60,243,248,154.72879499304582
109,376,256,158.14550262337528
206,255,546,158.66001386612822
56,207,257,163.0828010551695
55,208,255,164.21023110634732
87,133,402,164.24676556937126
183,197,524,164.80594649465777
73,143,334,164.9151296879701
54,208,253,165.89454481688057
175,185,518,167.83622970026465
178,185,519,168.58232410309213
171,168,502,168.88457596832222
192,204,536,170.5813588877753
172,166,504,171.7032323516363
236,456,458,171.77310616042314
53,227,236,171.89822570346675
235,457,457,172.32527382830412
181,183,524,173.65770930194836
239,458,460,174.38463235044537
190,198,537,174.7483905505284
49,206,242,176.30087918101827
48,206,238,179.7386992275175
67,128,331,180.01388835309348
66,128,329,180.71247881648904
232,295,574,181.01104938649465
191,190,540,181.81859090863068
52,241,220,181.8378398463862
240,301,576,183.04371062672436
189,184,538,183.83144453547658
188,180,536,184.76471524617463
50,240,217,185.0
51,243,215,186.01075237738274
180,167,528,187.41664813991312
45,155,270,187.8643127366132
42,206,228,188.43035848822237
44,154,270,188.62131374794313
217,485,372,189.16923639957952
96,111,428,189.2643653728826
228,486,414,190.16308790088576
210,485,363,190.3785702225962
230,487,414,191.15700353374447
256,453,506,192.62658175859323
46,228,213,192.77188591700815
246,344,580,192.81597444195333
249,462,493,192.93781381574738
247,345,580,193.06216615380654
40,215,217,194.164878389476
41,219,215,194.33990840792325
266,415,550,196.4001018329675
254,467,492,196.72569735548024
227,497,399,200.08997975910736
241,496,422,201.10196418732463
268,455,518,201.4671189052943
43,124,283,205.00975586542216
211,199,574,205.8275977608445
251,490,468,207.06037766796427
265,478,496,208.25465180878913
242,507,418,211.482859825566
85,351,188,211.9929244102265
83,350,187,212.70872102478543
273,474,511,212.72752525237536
274,475,511,213.56029593536343
275,473,514,213.58136622842358
281,403,582,216.69563908856125
120,421,212,219.40145851839728
129,96,482,219.8226557932553
139,102,495,220.06589922111968
248,283,614,221.44299492194375
259,299,615,222.00900882621858
283,413,583,222.61176967986216
260,299,616,223.00896842952304
278,492,506,225.37524265100637
280,491,509,226.03539545832197
267,299,622,229.0087334579186
71,71,353,229.5125268912353
287,452,563,230.05434140654683
70,70,353,230.4972884873052
72,68,357,231.81242417092315
250,266,624,233.07080469247967
113,421,192,236.17154782064668
107,414,187,236.90715480964266
80,59,386,238.10291892372928
74,59,367,239.4159560263267
39,87,278,239.42639787625757
69,61,352,239.5349661322956
284,508,507,239.82702099638396
63,316,153,240.75090861718465
75,57,372,240.91699815496622
123,435,195,241.3462243334252
77,56,380,241.3503677229434
245,539,403,242.20652344641752
68,322,150,244.28262320517192
296,429,599,244.6630335788388
162,470,219,245.3670719554684
126,443,194,246.81369491987272
31,123,214,249.63373169505758
84,47,397,250.0319979522621
64,321,144,250.15395259719563
282,534,474,250.4595775769016
78,45,387,252.07141845120006
195,515,265,252.80031645549812
82,43,397,254.03149411047443
305,418,617,254.59183019099416
29,121,208,255.34486483969087
106,48,454,256.3630238548453
214,534,294,256.8462575160479
116,49,464,257.96317566660554
212,534,291,258.0174412709342
110,427,170,258.1259382549534
197,520,263,258.1259382549534
90,405,157,259.53805116013336
115,47,464,259.88651369395836
308,504,551,260.40929322894755
58,320,133,261.01532522057016
127,451,182,261.22212769977966
62,325,132,262.497619036821
117,438,170,263.8370709358334
28,177,157,264.7564918939666
298,536,507,264.7961480082367
27,160,166,265.1377000729998
59,323,129,265.2772134956186
35,220,138,266.3719204420766
142,470,189,267.47897113605023
26,129,183,268.93121797217964
34,215,135,270.7175650008695
303,346,660,271.4590208484515
309,353,659,271.8308297452664
32,206,136,272.63528751795866
47,292,119,274.0456166407337
328,442,626,274.4339629127561
312,351,664,276.3277040037788
33,217,128,276.81221071332817
321,534,539,278.36127604248406
300,316,671,278.6485241303101
337,443,631,279.2131802046601
292,285,672,279.2579452764057
103,428,145,280.4728150819612
204,543,258,280.60826787534256
30,206,127,281.13519879232484
24,138,161,281.2561110447202
105,430,145,281.41250860613854
340,450,631,282.936388610585
23,135,161,282.9628950940388
344,470,618,283.8203657245195
22,133,161,284.1126537132762
334,530,557,284.92981591964013
319,350,673,284.9719284420836
307,569,482,286.1904959987316
302,570,479,286.2254356272342
271,587,375,290.5580836941213
323,350,679,290.8693864950383
352,494,608,291.6058984314275
19,131,153,291.81500989496755
329,360,678,291.88011237492697
324,347,681,292.30805667993485
18,130,152,293.20641193534635
291,589,426,293.8588096348313
336,363,680,294.49108645254444
289,591,421,295.3303235362058
355,501,607,295.6552045880471
243,585,326,295.6907167971291
320,578,491,297.5987231155403
16,107,162,299.1003176193566
95,424,122,299.2824752637548
17,100,167,299.80827206733306
359,510,604,299.81661061388843
15,107,160,300.647634283059
338,351,689,300.8853602287755
342,361,687,300.8853602287755
14,110,157,301.10629352439645
295,597,430,302.27305536550887
339,349,691,302.50289254815397
297,598,431,303.3891889965758
11,114,150,304.20059171540083
38,277,89,304.6571843892738
179,520,185,304.9475364714396
350,368,690,305.3686296920494
253,596,325,306.6349621292393
37,274,87,306.86316168611705
8,109,150,307.23443817384793
351,368,692,307.31417149230197
310,600,446,307.6003901167877
311,600,448,307.9512948503383
261,600,332,309.0792778560219
354,368,694,309.2604080706096
368,492,634,310.0096772683072
369,470,651,310.6332242372023
372,507,624,312.18744369368864
225,579,257,313.0814590485997
264,605,330,314.37716202039866
304,611,426,315.729314445143
263,606,327,315.9699352786591
374,485,647,316.0063290505429
332,297,710,317.0
301,613,422,317.3279061160553
335,294,712,319.0141062711804
377,492,647,320.22023671217283
325,277,713,320.62439083762797
269,611,328,320.65713776555793
277,614,336,322.0838400168503
12,161,101,322.11799080461185
327,616,453,324.59359205012044
270,615,326,324.98153793715727
9,158,99,325.2030135161727
380,511,638,325.3013987058771
13,167,94,326.03834130359576
5,149,102,326.47358239220523
331,273,719,326.88224179358537
345,292,721,328.03810754240124
10,164,93,328.16002194051606
36,262,66,328.8677545762126
330,621,451,329.15042154006125
333,621,453,329.50872522590356
383,499,654,330.037876614185
317,626,423,330.3649497147057
7,157,93,331.058907144937
182,535,162,331.6700167334997
213,573,209,331.710717342687
203,567,200,331.8870289722092
306,629,401,332.0963715550051
386,517,643,333.01651610693426
20,188,78,333.325666578498
343,278,726,333.54160160315837
341,275,726,333.7259354620195
349,289,727,334.0957946457872
347,283,727,334.2932844075693
388,490,666,334.33217015417466
4,146,94,334.96566988275083
25,201,72,335.04775778984106
384,554,608,335.0731263470707
322,631,422,335.25661813005274
3,143,95,335.4400095397089
356,302,729,336.0372003216311
208,573,199,337.3603414748094
6,162,83,338.11980125393427
353,286,732,339.17841912480225
375,602,543,339.8896879871468
362,623,491,340.4115156689033
326,638,421,342.14762895568924
21,198,64,343.5724086710107
2,146,84,343.92150267175793
393,528,650,345.5575205374642
357,278,740,347.51978360950903
382,611,549,350.6165997211199
392,424,722,352.66131060835124
346,648,430,352.94475488382034
395,424,724,354.52785504103906
187,546,139,355.69228273888655
361,648,454,356.2611401766968
358,651,447,358.0949594730426
360,651,449,358.40200892294115
279,644,294,360.84622763720284
186,547,131,362.1380952067871
184,546,130,362.17399133565624
396,382,748,365.0342449688796
1,139,62,366.7764987018661
0,136,62,368.0787959119623
401,577,636,370.7411495909242
231,613,199,370.7991370000745
387,652,508,373.1621631409058
233,616,198,373.8796597837331
257,640,240,375.5768895978558
402,620,596,381.4944298413805
223,603,165,381.6018867877883
222,602,160,383.8150596315887
299,673,309,385.268737376912
410,484,730,385.40627913929995
409,438,754,387.5590277622236
404,625,600,387.85693238615704
229,617,172,388.89715864223024
414,505,722,389.23643200502187
389,677,479,389.61006147172327
201,586,129,391.42943169874184
417,506,724,391.4613646325778
221,604,150,391.53288495348636
418,505,726,392.6232290631821
407,634,596,393.4183523934795
416,471,747,394.45151793344644
200,583,121,394.689751577109
224,614,156,395.80045477487766
403,656,561,396.36473102434326
226,617,155,398.80320961597084
420,483,746,399.0050124998432
398,679,510,399.51595712812275
411,631,613,399.94499621823
399,681,508,400.85034613930424
415,627,621,401.10347792059844
370,699,396,402.0111938740015
421,470,757,403.01985062773275
258,653,204,403.05954895027605
376,700,413,403.49597271843993
413,641,604,403.5554484826094
378,700,416,403.655793963124
425,542,714,403.8143137631454
400,680,521,403.8229810201495
422,461,763,404.7171852046809
412,647,597,405.1123301011708
234,628,159,405.36033353055154
426,568,695,405.7647101461634
238,631,159,407.81368294847584
419,638,618,408.54130758100825
427,482,759,410.0987685911773
428,463,771,412.84379612633154
288,683,243,414.12075533592855
430,467,771,414.46833413422553
436,550,723,415.8232797715876
285,682,233,416.92325432865937
437,552,723,417.0431632337353
434,477,772,419.57240138026236
290,687,238,419.6724913548659
435,477,773,420.47592083257274
294,692,245,421.81631073252726
397,720,433,424.88704381282326
363,719,338,425.5690308281372
293,693,234,426.728250763879
367,722,350,427.16975548369527
405,712,497,427.8329113100113
439,587,710,429.6382199013491
406,714,497,429.7731959999367
366,724,344,429.80228012424504
438,480,782,429.89533609938127
373,725,352,429.959300399468
424,700,553,433.6000461254588
262,669,166,435.7900870832195
408,726,482,438.1346824893003
364,730,326,438.1529413344158
244,658,144,438.545322629258
365,732,323,440.5961870012041
381,737,360,441.23576464289476
440,598,717,442.24088458666955
371,735,327,442.944691807002
316,717,241,446.6587063967297
252,666,139,447.96986505790767
255,667,138,449.36065693382636
441,649,679,453.54161881794266
237,642,97,454.57782612001654
442,661,669,456.80630468503824
390,753,363,456.98577658391076
391,754,364,457.91920684767086
394,756,363,459.97934736246583
444,675,660,462.78828852943116
385,756,330,463.303356344415
314,725,210,465.48147116722055
445,675,665,465.6908846005041
443,702,628,468.2413907377262
272,687,132,469.2771036392038
276,689,132,470.9405482648526
449,670,681,471.2462201439922
447,704,635,473.51135150067944
432,763,488,475.5849030404561
433,763,491,476.1932380872286
448,710,632,477.1687332590014
446,722,614,479.0260953225826
348,749,224,482.560876988593
423,790,415,493.4906280771703
313,737,165,495.5643247853905
315,738,164,496.9124671408436
318,741,164,499.5768209194658
451,645,752,499.98499977499324
450,724,658,502.54751019182254
286,714,112,502.8419234709851
429,800,415,503.4808834504047
379,780,245,505.1663092487463
431,803,416,506.5224575475405
452,705,711,517.2890874549743
