122,435,197,22.02271554554524
113,422,191,23.021728866442675
107,414,187,27.892651361962706
125,443,196,28.42534080710379
111,426,172,42.2965719651132
126,451,184,42.42640687119285
118,438,170,47.16990566028302
155,470,218,49.16299421312742
139,470,190,54.56189146281496
91,405,157,59.20304046246274
109,376,256,61.554853586049575
103,428,147,67.36467917239716
106,430,147,67.60177512462228
112,376,266,68.76772498781678
82,350,188,75.61084578286372
81,350,187,75.96051605933177
92,354,251,76.53757247260981
123,385,282,76.94153624668537
97,425,127,87.09190547921202
105,358,277,89.09545442950498
129,384,307,100.08995953640904
174,521,187,103.58088626768937
121,363,303,106.23088063270491
185,515,265,106.94391053257777
104,344,292,109.60383204979651
117,357,303,109.62207806824317
120,360,306,110.38568747804219
187,520,263,110.46266337545913
65,322,150,117.88553770501282
67,331,135,119.75391434103521
60,316,153,121.43310915891102
61,321,144,122.06555615733703
64,328,133,123.3288287465668
177,536,164,125.39936203984452
56,321,135,127.4401820463232
57,323,131,128.42507543311004
192,543,260,130.38404810405297
95,319,300,133.41664064126334
202,535,292,138.13037319865606
203,535,296,140.42791745233566
98,317,311,142.21462653327893
99,316,313,144.31216164966833
181,545,140,144.40221604947757
124,340,336,146.44111444536333
179,546,130,150.60212481900777
102,315,321,150.6154042586614
196,571,200,150.65191668213185
180,547,131,150.88074761214565
79,280,269,151.34728276384746
201,573,210,152.0526224699857
198,574,200,153.63918770938616
178,417,372,158.05062480104277
43,293,118,160.0
199,486,364,163.47782724271815
212,579,257,163.74675569305182
206,486,372,170.84788555905513
89,283,320,174.01149387324966
46,243,216,178.01123560045303
208,486,380,178.27226368675525
59,245,248,179.25400971805345
47,241,221,180.13605968822566
58,244,248,180.23595645708434
45,240,217,181.02486017119307
190,585,131,183.8069639594757
110,296,349,183.98369492974098
62,239,258,187.2431574183687
189,585,123,187.55532517100121
215,614,201,193.43732835210477
42,227,214,194.0
48,227,237,195.35864454894235
219,618,198,197.6486782146544
54,228,258,197.9520143873257
223,585,327,199.16073910286636
213,617,171,200.66140635408692
38,219,215,202.00247523235947
145,322,394,205.4288197892399
37,215,215,206.0024271701671
236,597,324,207.5475849052453
132,309,390,208.61447696648477
156,327,401,209.29644048573783
211,459,421,210.459022139703
133,307,392,211.3764414498456
214,487,417,213.45959805077868
127,297,388,213.66328650472454
245,600,332,214.39449619801343
39,207,230,214.59729728027799
34,220,138,214.88834309938733
49,209,254,215.7405849625888
248,606,327,216.78099547700208
44,206,242,216.8155898453799
50,208,257,217.29703173306348
159,321,408,218.25672956406177
51,207,258,218.47654336335515
252,606,331,218.89266776207924
35,260,65,219.36727194365162
130,295,394,219.71800108320664
241,640,240,220.5379785887229
33,215,135,220.62864727863425
32,217,128,221.38653978957257
254,611,328,221.57617200412142
226,539,404,223.6604569431083
143,305,406,224.32119828495925
136,300,403,224.4147945212169
255,615,327,224.51057881534223
134,297,402,225.21101216414795
135,296,403,226.59655778497608
144,302,409,228.44255295369118
30,206,136,228.7116088002531
262,614,337,228.86240407720967
148,305,412,229.47766775876036
157,308,416,231.4584195919431
29,206,127,231.93533581582605
154,307,416,231.94827009486403
257,588,375,231.96982562393757
158,307,418,233.69210512980536
141,296,412,234.15593095200472
140,294,412,235.22967499871268
131,284,407,236.68122020980033
264,645,292,237.19190542680835
235,524,431,240.20407989873945
225,509,441,243.46046907044274
231,512,441,244.56083087853622
142,287,419,244.91018761987016
74,198,317,245.63794495150785
217,457,457,245.65219315121126
233,515,441,245.69289774024807
194,392,458,245.7173172570464
164,301,429,246.22144504490262
218,456,458,246.49746449000241
224,658,144,247.1214276423637
137,281,418,247.41867350707383
246,527,439,248.71871662583015
222,458,461,249.75588081164375
243,521,443,249.88197213884797
220,643,99,250.01799935204664
27,177,159,250.12197024651792
80,203,337,250.30581295687082
161,294,430,250.56935167733502
152,289,427,250.58531481313904
247,669,168,252.23005372080465
149,283,429,255.47798339583002
239,668,143,257.00194551792794
151,283,431,257.1633721975196
238,668,142,257.2800031094527
114,239,397,258.0949437706985
150,279,433,261.00766272276377
23,200,75,261.0785322465254
146,275,431,261.5434954266689
147,276,432,261.81863951980193
162,284,438,262.5737991498771
271,683,243,263.60007587252323
160,282,438,263.62283664356545
163,283,439,263.9488586828896
237,493,468,264.0075756488817
26,160,166,265.37709019431196
20,199,67,266.2573942635209
171,307,455,266.6027006614899
19,190,79,267.5556016980396
272,591,421,267.8600380795911
274,688,240,268.26293072282647
281,673,309,269.3120866207085
273,589,426,270.4958410031474
41,155,270,271.8308297452664
40,154,270,272.8094573140748
93,206,385,274.71075697904513
276,695,234,274.7289573379552
258,687,134,277.76968877111125
284,628,400,278.28941769316344
261,689,134,279.68553770261343
94,202,388,279.7087771236362
279,598,431,280.0321410124202
278,597,432,280.178514522438
12,167,94,280.9199174141983
234,467,492,281.7800560721074
230,462,493,281.99645387841315
283,611,423,282.4553061990516
100,207,399,282.8798331447472
11,161,101,283.494268019655
9,164,93,284.05985284795173
286,611,426,284.682279041039
8,158,99,287.0435507026765
250,478,496,287.70297183032363
24,138,162,287.7377278008569
5,162,84,289.79475495598604
6,157,93,290.4083332137699
21,135,161,290.8693864950383
22,134,162,291.6727618410742
290,599,447,293.21152774063984
25,129,184,293.53705047233814
4,149,102,294.15642097360376
292,599,449,294.8033242689098
240,455,507,294.96609974707263
18,131,153,296.346081465573
303,632,423,296.98821525441036
153,245,455,298.4241947295829
17,129,152,298.50963133540597
31,122,216,299.0066888883926
3,146,94,300.04166377354994
28,121,209,300.04166377354994
308,638,422,300.5877575684013
86,161,365,300.66759053812234
101,191,408,300.892007205243
263,492,507,301.4796842243271
256,474,511,301.69189581425616
259,475,511,301.8691769624716
2,143,96,302.00662244394573
295,723,211,302.0149002946709
90,177,392,302.026488904533
72,143,334,302.7936591145858
209,350,509,303.4237960345233
266,491,510,304.16442921551493
260,473,514,304.473315743761
289,571,480,305.3784537258646
251,455,518,305.8954069612684
268,509,507,305.92973049378514
288,569,482,306.15028989043924
210,348,512,306.8110167513546
307,616,453,308.45745249547787
269,714,114,309.594896598765
310,621,451,310.1112703530783
315,622,454,313.0511140373086
10,114,150,313.6000637755037
323,649,431,314.75863768926183
280,536,507,314.76022620401073
63,128,330,315.12695854210887
13,110,157,316.1803282938393
16,109,162,316.30365157550744
300,578,491,318.39912060180063
7,109,150,318.4964677983101
14,106,162,319.2632142919068
297,737,165,319.77648443874045
298,738,164,320.9189928938454
1,138,62,321.2366728753117
0,136,63,322.53061870154283
188,297,512,322.7692674341843
165,230,475,323.4223245232153
299,741,166,323.57997465850696
337,720,338,323.6927555568706
15,100,167,324.4225639501667
205,315,524,327.621733100843
197,308,522,328.0746866187637
338,730,326,328.6715685908959
333,651,449,328.8236609491476
191,298,521,330.7234494256493
339,733,324,330.82321563034236
335,648,455,331.074009852782
184,269,509,331.85689686972006
195,300,524,332.77770358003255
342,735,327,333.7139493638227
344,700,398,334.2110111890391
345,727,350,334.8611652610676
249,414,550,336.0729087564185
186,268,514,336.7625276066207
346,731,346,336.93322780634145
207,307,533,338.7580257351846
349,731,353,339.73666272570586
36,87,280,340.4585143596794
336,624,490,342.6149442158062
88,133,402,343.93022548185553
301,534,539,344.0842919983416
351,701,414,344.0930106817051
204,296,535,344.479317231093
352,701,417,345.8453411569975
291,505,552,348.28149534536
355,738,361,349.4252423623685
270,452,563,350.3740857997349
360,758,331,356.7323926979438
314,530,557,359.90276464623054
353,781,246,361.4194239384486
169,205,508,364.81776272544624
365,754,364,365.22458843840184
366,755,364,366.1365865356807
369,756,363,366.6415142888214
168,201,508,367.2002178648591
265,403,582,368.4399544023422
363,677,479,368.45759593201495
267,412,583,369.10973977937783
371,720,433,370.62379848034584
52,71,336,370.6534769835567
193,255,546,371.1872842649651
55,72,341,371.38928363645607
53,70,339,372.5936123982804
361,652,508,373.89437011006197
227,344,580,374.0120318920235
228,344,581,374.99066655051564
348,602,543,375.5023302191346
69,71,353,376.5912903931794
96,111,428,376.6908546805988
68,70,353,377.52086035078906
71,71,357,378.08596905994807
176,197,521,380.0328933131973
70,68,357,380.8648054100037
221,301,576,381.3712102401019
216,295,574,381.4131618075076
166,168,503,384.0963420809941
66,62,352,384.61019227264376
170,185,518,384.8532187730798
277,429,599,385.0831079130841
172,185,519,385.64361786499205
167,166,504,386.16706229299257
358,612,551,387.36287896493127
175,183,524,390.8247689182455
372,681,508,392.4742029739025
73,59,368,393.3954753171419
373,680,512,394.82274503883383
75,57,372,396.8122981965151
183,190,538,397.91582024342785
334,511,604,400.24992192379
330,502,606,400.2811511925087
326,494,608,400.7056276120913
78,59,386,400.78423122672876
76,56,382,401.807167681215
182,180,536,402.20019890596774
287,418,617,403.0111660984097
374,680,523,403.18978161654843
173,167,528,403.871266618461
379,726,482,406.01600953656987
321,470,618,406.960686061934
84,53,397,410.99026752467023
77,46,388,413.4017416509031
357,554,608,415.84251826863493
85,47,398,416.8117080889163
343,507,624,418.9224271867048
377,656,561,419.08710311819425
242,299,615,419.1479452412954
83,44,398,419.505661463585
244,299,616,420.10474884247617
200,203,574,420.8610221914118
128,96,482,421.24695844599285
138,105,496,423.5327614246624
87,41,402,423.96226247155533
232,283,616,425.02705796219607
341,490,634,425.63012111456584
253,299,623,426.8079193267154
376,622,596,431.65379646193315
354,511,638,433.44665185002873
229,265,622,436.8065933568311
378,634,596,437.3705522780426
347,485,647,437.70423804208247
340,468,650,438.525939939703
350,492,647,438.78240621064106
391,700,553,439.04669455537413
398,765,489,440.41003621625157
397,763,492,440.7357484933574
359,516,645,441.34566951540376
382,647,597,444.7077692147957
108,47,455,444.9235889453379
356,499,654,446.86015709615464
383,641,604,447.7722635447622
116,50,465,447.93079822669034
367,528,650,448.93763486702693
375,580,634,449.089078023503
115,47,465,450.4186941058286
381,631,613,450.8891216252617
293,353,661,452.142676596669
285,346,660,452.2620921545382
387,639,611,452.91610702204
384,627,621,456.1633479358025
294,347,665,457.0306335465928
362,490,666,457.23626277888326
296,350,666,457.54234776684876
388,638,618,458.590231034199
302,350,675,466.4354188952636
312,361,679,468.8549882426335
282,316,671,468.907240293856
316,364,681,470.46572670068116
306,350,680,471.37776782533984
304,347,681,472.826606696366
320,361,687,476.7903103042259
309,345,685,477.09223426922387
275,285,672,477.7656329205775
317,351,689,480.13019067748695
318,349,691,482.4033581972663
328,368,694,482.9171771639522
329,368,695,483.911148869294
407,702,628,500.35687264191745
410,722,614,500.6006392325124
393,568,695,502.9612311103113
364,424,721,507.00887566195524
411,704,635,507.2770446215756
412,710,632,508.17811837976654
368,424,723,509.00884078766256
313,297,710,511.2650975765899
392,541,713,513.22607104472
408,675,660,513.2562712719641
406,661,669,514.4171459039833
409,675,665,517.6069937703702
385,505,725,517.858088669087
305,277,713,519.3621087449487
380,485,731,520.9462544255405
401,557,719,522.9923517605205
404,587,710,523.0411073711128
402,559,719,523.515997845338
311,274,719,525.9600745303773
331,303,729,528.3455308791775
325,289,727,529.7102981819402
324,285,727,530.7212074149666
322,280,726,531.0602602341847
319,275,726,532.4096167425979
327,286,731,534.3351008496447
370,382,748,535.4222632651728
405,599,719,535.4521453874286
386,472,748,536.4298649404226
389,484,747,536.7103501890009
414,724,658,537.5360453030104
332,278,740,545.0917353987309
390,470,758,546.2023434589054
413,688,693,548.3885483851756
394,482,760,549.396942110165
395,465,771,558.7351787743456
396,467,771,558.8962336605964
399,477,773,561.7980064044372
400,477,774,562.7930347827698
403,480,782,571.0560392816103
415,705,711,572.420300129197
