322,280,726,5.0
311,274,719,7.0710678118654755
324,285,727,10.04987562112089
327,286,731,12.083045973594572
305,277,713,13.152946437965905
325,289,727,14.035668847618199
332,278,740,14.317821063276353
313,297,710,27.202941017470888
331,303,729,28.160255680657446
275,285,672,54.91812087098393
282,316,671,68.60029154456998
309,345,685,81.12336284942828
318,349,691,81.85963596303125
317,351,689,84.52810183601665
304,347,681,84.90583018850944
306,350,680,87.98295289429652
302,350,675,90.69729874698585
294,347,665,94.36630754670864
320,361,687,94.42986815621421
296,350,666,96.04686356149273
285,346,660,96.93812459502195
312,361,679,98.00510190801293
329,368,695,98.03060746521976
328,368,694,98.35141076771599
316,364,681,99.72963451251589
293,353,661,101.53324578678651
229,265,622,104.47966309287182
253,299,623,105.75916035975324
370,382,748,109.23827168167757
232,283,616,110.2905254316979
244,299,616,112.58774356030055
242,299,615,113.5649593844862
368,424,723,149.03019828209315
364,424,721,149.08386901338454
221,301,576,152.2366578718805
216,295,574,153.3101431738944
228,344,581,160.5801980320114
227,344,580,161.48374531202822
200,203,574,168.1903683330291
287,418,617,179.8054504179448
193,255,546,181.10770276274835
204,296,535,192.15098230297966
265,403,582,192.66551326067673
395,465,771,195.25624189766637
207,307,533,195.63486396856774
396,467,771,197.20294115453754
390,470,758,197.60819821049935
267,412,583,198.0353503796734
386,472,748,198.22462006521792
277,429,599,199.6121238802894
195,300,524,203.54115063052976
205,315,524,205.92231544929754
191,298,521,206.2862089428181
183,190,538,206.3225629929989
197,308,522,206.65188119153427
399,477,773,207.3957569479183
340,468,650,207.4246851269154
400,477,774,207.62466134830902
394,482,760,209.77368757782756
389,484,747,210.05237442123808
380,485,731,210.05951537600004
186,268,514,212.11553455605272
182,180,536,212.42645786248002
403,480,782,212.5111761766896
188,297,512,215.1278689523977
184,269,509,217.0829334609241
176,197,521,219.33763926877666
175,183,524,221.96396103872357
321,470,618,222.9102958591191
362,490,666,223.21514285549716
249,414,550,224.26992665089986
347,485,647,224.3680012836055
173,167,528,225.53935355055003
172,185,519,225.71885167172013
210,348,512,226.10838109190027
170,185,518,226.6362724719942
169,205,508,228.96287908741888
209,350,509,229.5952961190625
385,505,725,230.0021739027699
168,201,508,230.21728866442677
350,492,647,230.9328906847182
341,490,634,233.8567937862828
356,499,654,235.28705871764387
270,452,563,240.6200324162558
167,166,504,247.315587862957
166,168,503,247.34186867572583
326,494,608,248.766959220874
354,511,638,251.87298386289865
343,507,624,253.4324367558344
359,516,645,254.24791051255465
165,230,475,255.0019607767752
330,502,606,256.76643082770767
367,528,650,264.1685068285014
334,511,604,265.6689669494727
392,541,713,266.3174797117155
153,245,455,272.6554602424092
171,307,455,272.88275870783775
251,455,518,275.0708999512671
401,557,719,282.0868660537034
240,455,507,283.4801580357962
402,559,719,284.0862545073239
138,105,496,286.0069929215018
163,283,439,287.1114766079545
160,282,438,288.0850568842473
162,284,438,288.1405906844782
291,505,552,288.4024965217881
260,473,514,290.08274681545606
194,392,458,292.42605903031284
256,474,511,292.9607482240582
150,279,433,293.027302482209
259,475,511,293.64093720052045
147,276,432,294.0017006753532
393,568,695,294.63536787018626
146,275,431,295.0
151,283,431,295.10845463998487
161,294,430,296.60917045836595
149,283,429,297.1077245714086
164,301,429,298.1358750637031
230,462,493,298.7607738643077
152,289,427,299.3275797516828
128,96,482,302.61691955341826
234,467,492,302.6879581351065
357,554,608,302.92738403782516
266,491,510,305.47012947258855
314,530,557,305.91828974417336
250,478,496,306.7719022335651
142,287,419,307.23443817384793
137,281,418,308.05843601498725
263,492,507,308.3018001893599
158,307,418,309.6578757273905
154,307,416,311.64723647098174
157,308,416,311.75150360503477
404,587,710,312.40998703626616
140,294,412,314.57431554403803
141,296,412,314.701445818096
148,305,412,315.42986542177647
144,302,409,318.14776441144454
375,580,634,318.5733824411575
131,284,407,319.1269339933563
301,534,539,319.4526568992658
268,509,507,320.4949297570868
159,321,408,321.30981933330327
143,305,406,321.40317359976393
222,458,461,322.0465804817682
218,456,458,323.39604202896487
135,296,403,323.68194265358704
136,300,403,323.9660476037574
405,599,719,324.07560846197606
134,297,402,324.7460546334628
217,457,457,324.7845439672276
101,191,408,328.9072817679779
156,327,401,329.13371143047624
114,239,397,330.9637442379452
130,295,394,332.6018640957985
100,207,399,333.99550895184206
145,322,394,335.31030404686345
133,307,392,335.5294323900662
132,309,390,337.7158568974812
237,493,468,337.76915193664445
127,297,388,338.7152196167158
96,111,428,340.14702703389895
280,536,507,340.70808619696714
116,50,465,344.59541494337964
94,202,388,345.79329085452196
115,47,465,346.5616828213991
93,206,385,347.9109081359767
90,177,392,348.08045047086455
88,133,402,353.75132508585745
108,47,455,354.1539213392956
211,459,421,356.2035934686791
384,627,621,367.3268299484806
225,509,441,368.7560169000636
376,622,596,370.55229050702144
231,512,441,370.6669664267373
233,515,441,372.5922704512266
381,631,613,373.503681374093
348,602,543,374.7238983571771
214,487,417,374.73323845103465
243,521,443,374.97333238511777
110,296,349,377.58442764499705
86,161,365,378.5723180582542
388,638,618,378.7254942567242
358,612,551,379.7288506289718
178,417,372,381.41840542899865
387,639,611,381.7342007208681
378,634,596,381.812781347089
246,527,439,381.93324023970473
288,569,482,382.0628220594095
300,578,491,383.4501271351986
289,571,480,384.8792018283139
383,641,604,385.7978745405423
235,524,431,386.0388581477259
406,661,669,390.1858531520588
382,647,597,393.7321424522006
124,340,336,395.37956446938426
80,203,337,395.6071283483148
84,53,397,396.8941924493227
85,47,398,399.459635007093
87,41,402,399.6648596011413
83,44,398,401.1795109424209
78,59,386,402.81012896897215
409,675,665,404.6245172996812
208,486,380,405.2616438796053
408,675,660,405.4084360247083
89,283,320,406.07881008493905
102,315,321,406.97051490249265
76,56,382,407.7952917825315
77,46,388,408.27074350239695
206,486,372,412.1128486228014
72,143,334,413.62785206027894
413,688,693,414.3163042893678
99,316,313,415.03011938894264
377,656,561,415.1939305914767
75,57,372,415.74030355499576
74,198,317,416.18505499356894
226,539,404,416.3892409753163
98,317,311,417.1198868430993
73,59,368,418.11481676687805
199,486,364,419.00477324250136
336,624,490,421.3039282987995
71,71,357,421.6360990237909
63,128,330,422.4038352098617
70,68,357,423.0957338475537
69,71,353,425.14115303037886
68,70,353,425.62189793289537
292,599,449,426.26869460470584
290,599,447,427.5710467279093
95,319,300,428.26627231198114
120,360,306,428.51487722131657
415,705,711,430.2615483633182
66,62,352,430.40097583532497
117,357,303,430.8746917608413
121,363,303,432.0567092408125
129,384,307,432.9457240809753
273,589,426,434.27640967476003
55,72,341,435.2401635878748
361,652,508,435.4916761546654
278,597,432,436.02752206712825
307,616,453,436.81803992051425
279,598,431,437.4402816385341
53,70,339,437.94291865493153
407,702,628,438.1015863929278
411,704,635,438.545322629258
272,591,421,439.1821945388952
104,344,292,439.45079360492684
52,71,336,440.13179844223936
315,622,454,440.9002154683075
310,621,451,441.97398113463646
412,710,632,445.0404475999906
286,611,426,450.43978509896306
283,611,423,452.4433666217243
374,680,523,453.0275929786176
414,724,658,454.1200281863816
105,358,277,456.607052069939
79,280,269,457.02735147909914
123,385,282,457.4232176005062
373,680,512,458.06222284750794
391,700,553,458.86163491841415
410,722,614,460.8177513941927
372,681,508,460.82534652512334
335,648,455,461.0531422732091
333,651,449,467.0171303068015
303,632,423,468.24993326214155
62,239,258,469.38257317459073
257,588,375,470.28714632658205
54,228,258,470.35412191241613
112,376,266,470.9575352407051
41,155,270,471.525184905324
40,154,270,471.7806693793208
363,677,479,471.8188211591394
51,207,258,472.9143685700404
308,638,422,473.4817842325088
50,208,257,473.76154339498686
323,649,431,476.3412642213563
49,209,254,476.59206875482096
59,245,248,478.94049734805265
58,244,248,479.00417534714666
284,628,400,480.5049427425279
109,376,256,480.72965375562177
92,354,251,481.5246618814035
36,87,280,484.0041322137653
44,206,242,488.89364896672566
48,227,237,491.350180624776
39,207,230,500.6395909234506
203,535,296,502.4937810560445
223,585,327,505.27319343103886
202,535,292,505.9209424406149
47,241,221,506.14326035224457
45,240,217,510.20192081175077
245,600,332,510.74553350959417
46,243,216,511.00293541231247
379,726,482,512.7738292853878
38,219,215,514.0593350966403
42,227,214,514.2450777596223
37,215,215,514.5104469298947
236,597,324,515.0611614167777
252,606,331,515.3503662558124
262,614,337,515.9864339301955
248,606,327,518.4226075317317
185,515,265,519.7316615331415
254,611,328,520.8646657242167
187,520,263,523.8263070904325
255,615,327,524.2146506918707
352,701,417,526.2670424793861
351,701,414,528.0340898086032
119,421,214,532.4096167425979
31,122,216,532.4556319544381
371,720,433,532.7982732704752
344,700,398,536.8510035382257
192,543,260,537.5686002734907
28,121,209,539.4487927505261
397,763,492,541.2023651093923
82,350,188,543.2025404947956
155,470,218,544.1406068287865
81,350,187,544.1929804765953
398,765,489,544.3059801251499
122,435,197,552.6671692800288
113,422,191,554.8279012450618
125,443,196,555.989208528367
107,414,187,556.6345300104908
212,579,257,558.9069690028923
25,129,184,561.3198731561176
126,451,184,569.8596318392803
264,645,292,570.312195205398
139,470,190,570.3691786904338
26,160,166,571.6861026822324
111,426,172,574.2098919384792
60,316,153,574.4649684706632
27,177,159,575.4068126117382
281,673,309,576.4486100252129
65,322,150,577.914353516159
118,438,170,579.4005522952149
24,138,162,580.4007236384186
22,134,162,581.3578932120902
21,135,161,582.0867632922088
91,405,157,583.6617170930435
61,321,144,583.8150392033422
15,100,167,585.7525074636898
16,109,162,587.921763502594
345,727,350,587.9455757125825
14,106,162,588.7758486894652
349,731,353,589.1222284042591
355,738,361,589.5710304959022
337,720,338,590.3973238421733
34,220,138,590.5666770145434
18,131,153,590.8172306221273
17,129,152,592.2769622397954
13,110,157,592.4407143335103
174,521,187,592.4837550515625
56,321,135,592.7874829987556
346,731,346,593.5789753689057
67,331,135,593.6472016273639
30,206,136,594.0210433982958
33,215,135,594.0378775802095
64,328,133,595.363754355268
201,573,210,595.8691131448248
57,323,131,596.9329945647166
10,114,150,598.0777541423857
103,428,147,598.8739433303139
106,430,147,599.3880212349926
7,109,150,599.4430748619922
365,754,364,600.4040306327065
32,217,128,600.8061251352219
366,755,364,601.2021290714131
369,756,363,602.6026883444846
29,206,127,602.9610269329188
196,571,200,603.5660692915068
198,574,200,605.0429736803825
338,730,326,605.8258825768341
241,640,240,607.8001316222299
43,293,118,608.2663890106045
342,735,327,608.9343150127114
339,733,324,609.3997046274309
97,425,127,617.4957489732217
177,536,164,619.6490942460903
360,758,331,623.9503185350577
215,614,201,624.9367968042849
219,618,198,629.6292559911745
271,683,243,632.2602312339437
11,161,101,635.3117345051955
4,149,102,636.5940621777743
274,688,240,637.7813104818923
8,158,99,637.8228594210151
12,167,94,641.1614461272605
9,164,93,642.6585407508408
2,143,96,643.6800447427278
6,157,93,643.904496024061
3,146,94,645.0310070066399
181,545,140,645.2100433192279
276,695,234,646.8879346532906
5,162,84,651.8688518406137
213,617,171,651.911803850797
19,190,79,652.5595758243074
180,547,131,654.2239677663912
179,546,130,654.7190237040619
23,200,75,655.3060353758387
35,260,65,661.1701747659221
20,199,67,663.3679220462805
190,585,131,670.9135562797937
0,136,63,677.4142012092749
1,138,62,677.9859880558005
189,585,123,678.0184363275088
295,723,211,682.589920816298
247,669,168,683.0812543175226
224,658,144,696.7158674811418
353,781,246,697.4496397590295
239,668,143,703.0917436579667
238,668,142,703.9211603581754
258,687,134,721.254462724495
261,689,134,722.3987818372897
297,737,165,726.749613002993
220,643,99,727.0165060024428
298,738,164,728.1572632337056
299,741,166,728.5300268348587
269,714,114,753.1699675372087
