353,286,732,5.830951894845301
347,283,727,6.0
345,292,721,6.708203932499369
343,278,726,11.045361017187261
356,302,729,13.152946437965905
341,275,726,14.035668847618199
335,294,712,15.811388300841896
357,278,740,17.029386365926403
331,273,719,17.88854381999832
325,277,713,18.439088914585774
332,297,710,18.788294228055936
292,285,672,55.14526271584895
300,316,671,62.16912416947821
339,349,691,69.9714227381436
338,351,689,72.71863585079137
324,347,681,74.02702209328699
323,350,679,77.62087348130012
319,350,673,81.46778504415104
342,361,687,82.365041127896
354,368,694,85.61541917201598
329,360,678,86.2670273047588
351,368,692,86.4060183089118
350,368,690,87.23531395025755
336,363,680,87.66413177577246
303,346,660,87.96590248499699
312,351,664,88.3911760301898
309,353,659,93.38094023943002
396,382,748,95.34149149242423
267,299,622,105.47511554864494
250,266,624,105.53672346628922
260,299,616,111.44954015158609
259,299,615,112.44554237496477
248,283,614,113.1591799192624
395,424,724,135.03332921912278
392,424,722,135.09256086106296
409,438,754,151.42654985173505
240,301,576,151.47607071745688
232,295,574,153.11760186209813
246,344,580,156.95222202950808
247,345,580,157.30543537970962
305,418,617,169.53170794869024
422,461,763,175.72706109191037
211,199,574,177.50774630984418
428,463,771,179.47701802737865
337,443,631,181.4717608885746
416,471,747,183.09560344257315
328,442,626,183.3303030052588
430,467,771,183.35757415498276
421,470,757,183.4693434882242
206,255,546,184.16568627190028
281,403,582,184.44782460088814
340,450,631,187.44865963777923
296,429,599,189.69449122207
283,413,583,190.03157632351525
215,295,534,193.0932417253385
434,477,772,193.31063085097003
435,477,773,193.54586019855861
218,307,533,194.83326204732086
420,483,746,194.92819190666086
410,484,730,195.0230755577401
427,482,759,195.63486396856774
369,470,651,196.30843079195554
438,480,782,198.76116320851014
207,300,524,203.29781110479277
216,314,524,204.53361581901396
209,308,522,205.87860500790265
202,298,521,206.196508214858
192,204,536,209.0598000573042
388,490,666,210.05237442123808
190,198,537,210.66798522794107
344,470,618,211.28653530218153
191,190,540,211.5892246783848
198,272,516,211.68372634664195
374,485,647,211.69789795838787
196,268,514,214.03270778084362
199,297,512,215.14878572745886
418,505,726,216.00231480241132
414,505,722,216.05786262017867
189,184,538,216.208232960727
417,506,724,217.02073633641555
266,415,550,217.26711670199887
377,492,647,218.1948670340345
194,269,509,218.91550881561588
193,266,509,219.20994502987313
188,180,536,219.91361940543837
383,499,654,222.32633672149595
183,197,524,222.87440409342656
220,348,512,222.9484245290825
368,492,634,223.28905033610582
219,350,509,226.37358503146962
181,183,524,229.0087334579186
287,452,563,231.22499864850255
177,204,511,232.12281232140884
178,185,519,232.55106965997814
180,167,528,233.42022191746798
175,185,518,233.44592521609795
174,204,508,234.9170066214875
173,201,509,235.0914715594762
352,494,608,237.0358622656074
380,511,638,239.17566765873153
372,507,624,241.10785968109792
386,517,643,242.98148077579904
355,501,607,243.6062396573618
393,528,650,251.09759058979438
359,510,604,252.9229131573492
425,542,714,253.33377192944488
172,166,504,254.67233850577492
171,168,502,255.47211198093618
169,230,474,259.7883754135277
436,550,723,261.03064954139006
437,552,723,263.0304164920856
268,455,518,266.9026039588224
176,307,455,272.5949375905576
256,453,506,275.2035610234722
154,245,454,276.52305509667724
308,504,551,277.8506793225455
426,568,695,280.8291295432153
275,473,514,281.4693589007514
273,474,511,284.3958508839396
274,475,511,285.04736448527285
167,283,439,288.0624932197873
205,390,457,288.2724405835563
166,284,438,289.0432493589843
165,282,438,289.0847626562147
384,554,608,290.4926849337174
249,462,493,291.0068727710739
153,279,433,294.17001886664116
254,467,492,294.8033242689098
334,530,557,294.9254142999548
149,276,432,295.28630174798155
155,283,431,296.06080456554866
148,277,431,296.24314338056837
156,285,430,297.0269348055829
280,491,509,297.20026917888214
139,102,495,297.9815430525857
164,294,429,298.04194335697116
152,283,429,298.0603965641863
265,478,496,298.4660784745898
439,587,710,298.4845054605012
278,492,506,300.0833217624732
168,301,427,300.2399040767233
151,288,425,302.00165562460086
401,577,636,302.03476621077914
170,314,424,304.02960382173313
145,287,419,308.00649343804423
321,534,539,308.81871704933945
440,598,717,309.16176995223714
163,307,418,309.5238278388273
138,281,417,310.1032086257735
284,508,507,310.42068230064825
159,307,416,311.52046481732145
160,308,416,311.57984530453825
129,96,482,311.8878003385192
141,293,412,315.02539580167183
144,296,412,315.07776817795315
150,305,412,315.40608744918035
239,458,460,315.9905061864992
236,456,458,316.62280397975127
235,457,457,318.0
146,302,409,318.2656123428983
132,284,407,320.0390601161052
143,304,405,322.3491895445062
161,321,406,322.59107241211746
137,300,403,324.18667461818967
157,321,404,324.5812687140156
135,296,402,325.0753758745808
136,299,401,326.15333817086713
251,490,468,327.84447532328494
158,327,400,329.20054677961883
298,536,507,330.77031305726337
114,239,397,333.7663853655727
131,297,393,334.0957946457872
147,322,394,334.63114021262277
102,190,407,334.96417718914364
134,307,392,335.4832335601885
100,192,405,336.29302698688235
128,297,388,339.09438214160963
101,206,398,339.3081195609678
140,322,389,339.60712595586097
96,111,428,347.9727000786125
94,205,387,350.2227862375605
93,206,385,351.92754936208104
282,534,474,352.18461068025107
89,177,392,353.2265561930473
415,627,621,354.2315626818141
402,620,596,355.98033653560134
116,49,464,356.046345297912
451,645,752,356.87672941787616
115,47,464,357.39753776432207
404,625,600,359.2005011132362
411,631,613,360.49965325919527
87,133,402,360.50104022041324
375,602,543,363.07712679264165
441,649,679,363.18590281011734
106,48,454,364.156559737704
419,638,618,365.62549145266115
382,611,549,367.92390517605673
241,496,422,368.6109059699672
407,634,596,369.0338737839658
228,486,414,369.8350983884574
230,487,414,370.3687351815755
307,569,482,372.05510344571275
413,641,604,372.87129146664
320,578,491,373.11794381937733
302,570,479,374.78660595063957
111,296,352,375.0653276430654
185,417,374,375.49034608096116
442,661,669,376.4943558673888
242,507,418,378.1600190395595
412,647,597,380.87268213932066
449,670,681,383.76685630731583
86,161,365,383.96353993576
227,497,399,388.3915550060274
445,675,665,390.9475668168303
444,675,660,391.7716171444787
125,341,335,395.43393885704853
81,202,336,400.5621050473946
403,656,561,402.7964746618322
217,485,372,405.51325502380314
104,316,321,406.8967928111501
88,283,319,408.0441152620633
362,623,491,408.96454614061594
84,47,397,409.22365523024206
245,539,403,409.2383168766092
80,59,386,411.316180085345
82,43,397,411.6017492674199
210,485,363,413.4150456865352
452,705,711,416.307578600246
97,316,311,416.8752811093505
311,600,448,417.80617515781165
77,56,380,417.9688983644597
99,318,310,418.0071769718793
78,45,387,418.4925327888181
310,600,446,419.1443665373543
76,197,318,419.2195129046357
73,143,334,419.2433660775087
387,652,508,423.94575124654807
75,57,372,424.08607616850617
443,702,628,424.6998940428406
291,589,426,424.97176376790026
447,704,635,425.07528744917647
327,616,453,426.6204402041702
74,59,367,427.20018726587654
122,362,306,427.2821082142336
67,128,331,427.47748478721076
121,359,305,427.76629133207774
295,597,430,427.87030745308795
297,598,431,427.8983524156175
118,357,304,428.43085789891467
92,316,299,428.85078990250213
66,128,329,429.33087473416117
289,591,421,429.93022689734204
333,621,453,430.4648650006177
72,68,357,430.9767975193096
119,361,302,431.0556808580534
448,710,632,431.5854492449902
330,621,451,431.7406628984581
71,71,353,432.89721643826726
70,70,353,433.4016612796956
130,385,304,433.75684432640367
133,392,305,434.3880753427746
69,61,352,438.8724188189547
450,724,658,440.4384179428493
304,611,426,440.7777217600726
400,680,521,441.94682938109196
301,613,422,444.9730328907585
98,341,284,446.04147789191086
398,679,510,446.3059488736398
424,700,553,446.314911245412
446,722,614,447.50195530299084
399,681,508,449.02672526253934
361,648,454,451.00997771667977
317,626,423,453.85570394124164
124,385,282,455.23730075642965
108,360,277,455.5666800809734
360,651,449,456.42962217630003
358,651,447,457.65052168658127
322,631,422,458.24556735444804
79,280,267,460.0880350541622
389,677,479,460.48669904786607
271,587,375,461.202775360253
326,638,421,464.15191478652764
346,648,430,465.9291791678216
112,376,266,469.13750649463105
306,629,401,471.03715352400815
65,239,258,471.6577148738267
43,124,283,473.66760497209435
57,227,257,474.0717245312148
45,155,270,476.2404854692637
44,154,270,476.52282211873126
56,207,257,477.099570320494
55,208,255,478.89978074749627
109,376,256,478.9676398254897
54,208,253,480.8710845954454
61,245,248,481.01663172909105
60,243,248,481.20369907140156
91,354,250,481.40835057152884
405,712,497,481.48624071721923
406,714,497,483.2442446630896
49,206,242,492.05081038445616
39,87,278,492.3464227553603
53,227,236,494.8989795907848
48,206,238,495.99395157602476
214,534,294,497.507788883752
243,585,326,498.4144861458182
212,534,291,500.12098536254206
408,726,482,500.99301392334803
261,600,332,502.73850061438503
253,596,325,505.81913763715977
42,206,228,505.85571065275127
264,605,330,507.41009055792335
277,614,336,508.4348532506402
52,241,220,509.2671204780454
263,606,327,510.3812300623917
50,240,217,512.3485141971234
269,611,328,512.7231221624396
51,243,215,514.0622530394544
195,515,265,514.3150785267724
40,215,217,515.3406640272044
378,700,416,515.4046953608397
41,219,215,516.7630017716052
270,615,326,516.7949303156911
376,700,413,517.2204558986429
46,228,213,517.6069937703702
197,520,263,518.3213289070786
397,720,433,521.7250233600072
370,699,396,526.9354799214036
433,763,491,529.5016524997822
432,763,488,530.8455519263583
120,421,212,531.6474395687428
204,543,258,533.3638532934154
31,123,214,539.1892061234164
162,470,219,539.2819299772615
85,351,188,542.5541447634513
83,350,187,543.4344486688344
29,121,208,545.5135195391587
113,421,192,551.0435554472986
123,435,195,551.670191328116
225,579,257,552.268050859363
107,414,187,554.2788107081128
126,443,194,554.8017663994951
279,644,294,559.9232090206656
26,129,183,567.0414446934192
299,673,309,567.609020365251
142,470,189,567.6310421391698
127,451,182,568.5674981917275
110,427,170,573.8405701934989
367,722,350,574.1236800550905
63,316,153,574.634666549104
373,725,352,575.0834722020795
27,160,166,575.6405128202844
117,438,170,576.584772605035
68,322,150,577.9429037543415
381,737,360,579.1312459192649
366,724,344,579.5808830525727
363,719,338,579.8456691223968
28,177,157,580.8993028055723
90,405,157,581.6837628815163
64,321,144,583.8775556570059
24,138,161,585.7960395905728
23,135,161,586.5765082237781
22,133,161,587.1047606688264
179,520,185,589.1731494221372
390,753,363,589.7389252881312
391,754,364,589.9101626519075
423,790,415,590.2075905984267
213,573,209,590.7452919829324
17,100,167,591.0338399787274
394,756,363,592.1021871265128
35,220,138,593.0278239678134
16,107,162,593.5899257905241
58,320,133,594.8083725032794
19,131,153,595.3486373546176
15,107,160,595.4939126473082
203,567,200,595.8296736484346
364,730,326,596.0553665558259
62,325,132,596.088080739751
18,130,152,596.5785782275458
34,215,135,596.6070733740927
32,206,136,596.79979892758
14,110,157,597.4453949943877
103,428,145,598.3686154871426
429,800,415,598.7194668624029
105,430,145,598.8363716408682
59,323,129,598.965775316086
371,735,327,599.0959856316849
208,573,199,599.5331517105622
365,732,323,599.5540009040053
257,640,240,600.3082541494828
431,803,416,600.7636806598748
11,114,150,602.9543929684897
33,217,128,603.3116939029112
8,109,150,604.4245196879425
30,206,127,605.7136287058431
47,292,119,608.0074012707411
385,756,330,612.9420853555415
182,535,162,616.2312877483583
231,613,199,619.4836559587347
95,424,122,619.8790204547981
233,616,198,621.9083533769265
288,683,243,624.0929417963321
294,692,245,628.2778047965725
290,687,238,630.4958366238433
285,682,233,631.2566831329392
258,653,204,637.200910231616
293,693,234,637.3892060585903
38,277,89,638.112842685367
12,161,101,638.9522673877916
37,274,87,640.1757571167468
5,149,102,640.4880951274582
9,158,99,641.5177316333509
187,546,139,641.7109941398854
223,603,165,643.7701453158572
13,167,94,644.6495171796843
229,617,172,644.6774387242042
10,164,93,646.2050758079822
7,157,93,647.5955527951069
316,717,241,647.5955527951069
222,602,160,647.6557727682198
3,143,95,648.6447409792205
4,146,94,648.951461975393
186,547,131,649.4459176867616
184,546,130,649.9676915047394
6,162,83,656.4030773846205
20,188,78,656.8119974543705
224,614,156,657.0129374677488
221,604,150,657.384210336695
2,146,84,658.7093440964687
226,617,155,659.3693957107806
25,201,72,660.8850126913153
234,628,159,661.4718436940457
36,262,66,661.5512073906298
238,631,159,663.0143286536121
201,586,129,667.6922943991491
21,198,64,669.215959164155
200,583,121,673.5517797467393
314,725,210,676.3024471344163
262,669,166,677.5846810547004
348,749,224,681.6223294464464
1,139,62,681.7074152449861
0,136,62,682.3737978556915
379,780,245,688.0443299671904
244,658,144,689.9637671646244
252,666,139,698.47906196249
255,667,138,699.860700425449
272,687,132,715.8414628952419
276,689,132,716.9553682064177
313,737,165,718.7127381645604
315,738,164,720.1180458785907
318,741,164,721.9923822312809
237,642,97,722.1558003644366
286,714,112,747.5627063999381
