315,622,454,3.1622776601683795
307,616,453,5.385164807134504
292,599,449,22.090722034374522
290,599,447,22.360679774997898
286,611,426,26.92582403567252
335,648,455,27.294688127912362
283,611,423,29.732137494637012
333,651,449,30.066592756745816
303,632,423,30.083217912982647
279,598,431,30.479501308256342
278,597,432,30.610455730027933
308,638,422,33.61547262794322
323,649,431,34.40930106817051
336,624,490,39.11521443121589
273,589,426,40.607881008493905
272,591,421,42.42640687119285
284,628,400,51.478150704935004
289,571,480,57.8013840664737
300,578,491,58.728187440104094
288,569,482,60.53924347066124
363,677,479,62.609903369994115
361,652,508,64.88451279003334
372,681,508,82.75868534480233
257,588,375,82.85529554590944
373,680,512,84.86459803710851
352,701,417,86.92525524840292
351,701,414,88.14193099768123
374,680,523,93.08598175880189
348,602,543,93.94147114027967
226,539,404,94.51454914456292
246,527,439,94.76286192385707
344,700,398,95.13148795220224
235,524,431,99.04039579888602
243,521,443,100.31948963187563
358,612,551,100.40418317978589
371,720,433,100.62305898749054
280,536,507,101.78899744078434
233,515,441,106.47065323364932
231,512,441,109.45775440780794
379,726,482,109.48059188732951
225,509,441,112.44554237496477
262,614,337,114.21471008587291
377,656,561,115.43396380615195
245,600,332,120.83873551142449
252,606,331,120.93386622447825
254,611,328,123.40583454602137
301,534,539,123.7457069962429
255,615,327,124.14507642270796
248,606,327,124.90396310766124
268,509,507,125.21980673998823
391,700,553,129.0155029444136
223,585,327,129.1200991325518
237,493,468,129.1239714383042
236,597,324,129.24782396620841
214,487,417,138.24615727028365
314,530,557,139.70325694127536
263,492,507,140.63072210580447
266,491,510,142.76203977248295
376,622,596,145.00344823486094
378,634,596,145.58159224297555
345,727,350,146.4137971640651
349,731,353,147.32277488562318
355,738,361,147.61097520171052
397,763,492,147.80054127099805
382,647,597,148.29699929533302
398,765,489,148.92951352905172
250,478,496,149.91330828182
337,720,338,150.23315213360866
281,673,309,151.22169156572744
346,731,346,152.0690632574555
208,486,380,152.5319638633162
291,505,552,153.8083222715858
383,641,604,154.30165261590687
206,486,372,156.41611170208776
259,475,511,157.84802817900513
256,474,511,158.7734234687909
365,754,364,158.927656498169
234,467,492,159.3643623900902
366,755,364,159.76545308670458
199,486,364,160.60510577189007
264,645,292,160.80111939908875
260,473,514,160.85086260259843
387,639,611,161.00931650062986
369,756,363,161.14899937635357
381,631,613,162.30834852218786
222,458,461,163.3064603743526
217,457,457,164.1097193952875
230,462,493,164.45364088398895
211,459,421,164.75436261295178
218,456,458,165.14841809717706
338,730,326,165.8493292117879
388,638,618,167.86303941010956
342,735,327,168.43990026119107
339,733,324,169.33103672983285
384,627,621,170.10584939971935
357,554,608,170.6985647274165
240,455,507,175.1913239860924
203,535,296,177.2596964907703
251,455,518,179.0111728356641
202,535,292,180.76780686836912
360,758,331,182.12358441453978
375,580,634,187.5366630821824
334,511,604,188.43831882077487
410,722,614,191.75505208468434
407,702,628,194.65353837010002
330,502,606,195.41238445912276
212,579,257,198.4943324127921
412,710,632,201.69779374103229
411,704,635,201.8539075668341
326,494,608,201.9356333092305
270,452,563,202.74368054269902
192,543,260,206.31286920597077
343,507,624,207.18349355100662
241,640,240,211.85372312045877
187,520,263,213.41274563624359
185,515,265,214.0840956259946
408,675,660,215.8633827215723
354,511,638,216.9539121564762
271,683,243,217.04377438664304
178,417,372,218.76242821837573
367,528,650,219.65882636488797
359,516,645,220.592384274707
409,675,665,220.70795182774907
274,688,240,221.38202275704322
406,661,669,221.63934668736056
341,490,634,225.055548698538
321,470,618,225.1443981093023
194,392,458,229.10696191953662
276,695,234,229.2705825002414
249,414,550,229.4558781116753
414,724,658,231.2098613813866
350,492,647,234.6422809299296
356,499,654,236.83960817397076
347,485,647,238.5623608199751
277,429,599,242.42112119202815
201,573,210,245.73359558676546
267,412,583,247.19425559668656
393,568,695,249.68980756130196
215,614,201,250.09798079952586
340,468,650,251.01792764661252
413,688,693,251.10356429170812
362,490,666,251.76576415390556
219,618,198,253.0177859360879
265,403,582,254.33245958783948
198,574,200,255.36248745655655
196,571,200,255.93163149560078
353,781,246,260.0480724789169
295,723,211,260.7757657452088
404,587,710,261.22212769977966
287,418,617,262.23081436017395
405,599,719,268.9014689435519
415,705,711,273.23250172700904
392,541,713,273.94159961568454
402,559,719,275.0781707078917
401,557,719,275.5358415887124
209,350,509,277.1371501621535
129,384,307,277.31750756127894
155,470,218,277.6508598942204
210,348,512,279.7320146139873
213,617,171,280.0285699709942
174,521,187,282.3047998175022
247,669,168,287.04180880143576
123,385,282,290.27056344038743
121,363,303,297.43570733857763
385,505,725,297.54327416360803
156,327,401,298.2213942694253
120,360,306,298.573274088623
177,536,164,299.322568477554
139,470,190,301.53275112332324
117,357,303,302.65491900843114
159,321,408,303.0659994126692
124,340,336,303.621474866321
145,322,394,304.38462510448846
227,344,580,305.56505035753025
228,344,581,305.9885618777277
112,376,266,307.001628660175
297,737,165,308.62922739105574
224,658,144,309.2216033850158
299,741,166,309.23292192132453
298,738,164,309.932250661334
119,421,214,310.1112703530783
125,443,196,310.9807067970616
380,485,731,311.2812233334995
239,668,143,311.56540244385286
238,668,142,312.553995335206
109,376,256,313.12936623702353
171,307,455,314.02547667346994
205,315,524,314.58703088334715
122,435,197,314.8205838251368
157,308,416,314.95078980691574
105,358,277,315.3490129998824
158,307,418,315.729314445143
154,307,416,315.94461539959815
126,451,184,316.52646018934973
132,309,390,317.90721916936707
148,305,412,318.3975502418321
143,305,406,319.18803235710453
104,344,292,319.3900436770063
133,307,392,319.49491388752966
181,545,140,320.1515266245032
164,301,429,320.7553584899245
197,308,522,320.95170976332247
144,302,409,321.7530108639234
190,585,131,322.01863300125973
258,687,134,323.79777639755343
261,689,134,324.211350819184
207,307,533,324.530430006186
136,300,403,324.56894491001447
389,484,747,326.16713507035007
141,296,412,327.33163611236847
113,422,191,327.4156379893911
161,294,430,327.67361810191557
134,297,402,327.6842992882021
180,547,131,328.4448203275552
135,296,403,328.5254936835192
195,300,524,329.1959902550455
140,294,412,329.31747600150226
179,546,130,329.64526388225266
188,297,512,329.6922807710244
189,585,123,329.9696955782455
127,297,388,330.06817477606046
191,298,521,330.49810892045963
130,295,394,330.94561486745823
386,472,748,332.28000240760804
102,315,321,332.46954747766
152,289,427,332.86633954186476
92,354,251,333.600059952033
364,424,721,334.22896343674347
98,317,311,334.6879143321432
99,316,313,334.7670832086094
118,438,170,335.3356527421443
107,414,187,335.47727195743084
142,287,419,335.5294323900662
204,296,535,335.6799070543246
368,424,723,335.8466912149054
162,284,438,337.25064862799
95,319,300,337.64626460246825
163,283,439,338.21295066865787
151,283,431,338.5911989405513
149,283,429,338.7152196167158
394,482,760,338.8244383157744
160,282,438,339.24917096435183
131,284,407,339.8602654032978
111,426,172,340.39095170112853
293,353,661,340.47613719613304
110,296,349,340.63029812393376
137,281,418,341.5977166200032
390,470,758,342.12570789112004
150,279,433,342.47335662792807
221,301,576,343.5476677260377
316,364,681,344.88983748437704
285,346,660,345.4070062983668
147,276,432,345.52279230175253
312,361,679,345.80919594481577
296,350,666,345.9277381188158
146,275,431,346.5775526487542
294,347,665,347.6665068711681
216,295,574,348.4322028745334
269,714,114,349.5969107414995
328,368,694,350.7962371519968
320,361,687,351.1353015576759
329,368,695,351.4896869041822
302,350,675,351.5920931989228
220,643,99,352.68682992139077
399,477,773,352.7321930303499
400,477,774,353.6453025278294
306,350,680,354.79853438254224
396,467,771,355.12814588539726
395,465,771,356.0
184,269,509,356.7464085313264
304,347,681,357.7373338079211
186,268,514,358.57774610257115
106,430,147,359.02228343098704
403,480,782,359.78048863160996
317,351,689,359.92221381848606
103,428,147,360.0902664610639
242,299,615,361.3585477057378
244,299,616,361.8134878635676
309,345,685,361.84527079955046
89,283,320,362.49827585796874
318,349,691,362.7450895601483
91,405,157,364.81776272544624
253,299,623,365.0588993573503
153,245,455,376.02127599379264
282,316,671,376.06515392947534
232,283,616,376.12364988125915
82,350,188,377.6373922163959
193,255,546,378.1282851096966
81,350,187,378.3345080745345
97,425,127,378.67136147324373
370,382,748,381.22172026263144
114,239,397,385.7978745405423
79,280,269,386.5294296686864
165,230,475,391.735880409237
229,265,622,394.93923583255184
275,285,672,402.16538886383546
313,297,710,414.79754097631775
100,207,399,417.2529209005013
169,205,508,419.88688953097835
93,206,385,420.21542094501956
331,303,729,422.3837118071671
94,202,388,423.70980635335786
168,201,508,423.85020939006273
65,322,150,424.2664257279852
60,316,153,426.4141179651537
59,245,248,427.29966065982313
62,239,258,427.98714933979034
58,244,248,428.1798687467686
67,331,135,428.90092095960813
61,321,144,429.24235578516715
176,197,521,429.739455949765
325,289,727,431.7406628984581
101,191,408,432.1446517081983
64,328,133,432.40374651475906
305,277,713,432.41184072594496
80,203,337,433.2666615376724
324,285,727,434.82410236784256
200,203,574,435.7212411622826
56,321,135,435.72468371667907
327,286,731,436.6062299143245
57,323,131,437.2687960511246
54,228,258,437.8333016114695
322,280,726,438.0707705382773
311,274,719,438.44383904897103
183,190,538,439.6930747692076
170,185,518,441.1178980726128
172,185,519,441.2708918566916
319,275,726,441.97398113463646
74,198,317,443.71725231277634
175,183,524,444.04166471177
47,241,221,444.1846462902562
46,243,216,445.09437201564344
45,240,217,447.1207890492233
90,177,392,447.9028912610411
48,227,237,448.36592198783353
332,278,740,448.5197877463156
182,180,536,449.1169112825746
166,168,503,455.9747800043331
50,208,257,456.29486080822784
49,209,254,456.6760339671877
51,207,258,456.77675072183786
167,166,504,458.07641283960476
42,227,214,459.7879946236091
173,167,528,460.483441613268
44,206,242,464.6568626416702
38,219,215,466.1544808322666
43,293,118,467.4109540864441
86,161,365,467.9700845139569
39,207,230,469.2941508265365
37,215,215,469.6083474556218
88,133,402,490.4538714293119
72,143,334,492.1107598904946
41,155,270,499.9169931098562
40,154,270,500.8492787256462
63,128,330,507.6317562958409
34,220,138,508.6944072820145
96,111,428,510.51836401837693
33,215,135,514.4822640286058
32,217,128,517.2475229520196
138,105,496,517.9584925454934
30,206,136,521.0086371644908
128,96,482,525.9144417108167
29,206,127,526.4988129141414
35,260,65,528.5044938314148
27,177,159,531.4132102234569
26,160,166,541.9833945795757
31,122,216,551.5668590479308
28,121,209,555.4853733447893
71,71,357,557.9749098301822
69,71,353,558.6626889277644
68,70,353,559.6472103030623
25,129,184,559.7794208436034
55,72,341,559.9116001655975
36,87,280,560.7111555872596
70,68,357,560.9322597248263
52,71,336,561.8941181397079
53,70,339,562.2677298227243
24,138,162,562.8587744718918
23,200,75,564.4616904626921
78,59,386,565.7464096218375
21,135,161,565.946993984419
22,134,162,566.2949761387611
66,62,352,567.6988638353964
73,59,368,568.0959426012475
76,56,382,569.1976809510031
19,190,79,569.3373340999166
75,57,372,569.5059262202633
20,199,67,570.5611273124028
84,53,397,570.5611273124028
116,50,465,571.1716029355802
18,131,153,573.5015257172382
108,47,455,574.0139371130286
115,47,465,574.1707063234766
17,129,152,575.7299714275782
85,47,398,576.4416709433834
12,167,94,577.5508635609508
11,161,101,578.013840664737
77,46,388,578.4410082281511
83,44,398,579.4290293038484
9,164,93,580.5282077556611
8,158,99,581.6124138977779
87,41,402,582.066147443742
6,157,93,586.054604964418
4,149,102,587.0136284618952
5,162,84,587.6818867380549
16,109,162,587.9328192914561
13,110,157,589.5396509141688
10,114,150,589.6185207403173
14,106,162,590.5472038711215
15,100,167,593.3776200700529
7,109,150,593.923395733827
3,146,94,594.2003029282298
2,143,96,595.4065837728031
1,138,62,620.1693317151373
0,136,63,621.1030510309863
