286,611,426,3.0
279,598,431,15.264337522473747
278,597,432,16.64331697709324
272,591,421,20.09975124224178
303,632,423,21.0
273,589,426,22.20360331117452
290,599,447,26.832815729997478
308,638,422,27.018512172212592
284,628,400,28.600699292150182
292,599,449,28.635642126552707
310,621,451,29.732137494637012
307,616,453,30.4138126514911
315,622,454,32.89376840679705
323,649,431,38.8329756778952
333,651,449,47.70744176750625
335,648,455,48.91829923454004
257,588,375,53.225933528685054
336,624,490,68.24954212300622
289,571,480,69.63476143421474
288,569,482,72.42237223399962
226,539,404,74.46475676452586
300,578,491,75.58438992278762
246,527,439,85.5102333057278
262,614,337,86.05230967266364
363,677,479,86.55634003352961
235,524,431,87.36704184073076
352,701,417,90.19977827023745
351,701,414,90.44888059008801
245,600,332,91.6624241442479
252,606,331,92.13576938409967
243,521,443,92.19544457292888
344,700,398,92.44457799135652
361,652,508,94.37160589923221
254,611,328,95.0
255,615,327,96.08329719571451
248,606,327,96.13012014972206
233,515,441,97.67292357659824
223,585,327,99.45853407325085
236,597,324,99.98499887483122
231,512,441,100.62305898749054
225,509,441,103.57605900979242
371,720,433,109.45775440780794
372,681,508,110.11357772772621
280,536,507,112.60994627474076
373,680,512,112.61438629233834
348,602,543,120.33702672078948
374,680,523,121.49485585818027
214,487,417,124.14507642270796
237,493,468,126.28935030318273
358,612,551,128.00390619039717
379,726,482,129.25169244539896
281,673,309,129.76902558006668
268,509,507,132.13629327327143
208,486,380,132.18925826253812
206,486,372,135.00370365289984
264,645,292,135.34031180694095
345,727,350,137.05838172107534
199,486,364,138.2244551445221
337,720,338,138.2244551445221
349,731,353,138.92443989449805
301,534,539,139.2300254973761
355,738,361,141.32586458253138
346,731,346,142.57980221616245
377,656,561,145.15164484083533
263,492,507,145.6605643267937
203,535,296,148.00337833982033
266,491,510,148.2194319244275
202,535,292,151.44966160411187
250,478,496,151.71684151734772
211,459,421,152.0131573252789
338,730,326,153.52524222420234
365,754,364,154.69324484281788
366,755,364,155.6181223379848
314,530,557,156.5790535161073
342,735,327,156.81836627130127
369,756,363,156.92354826475216
339,733,324,157.1146078504478
391,700,553,157.54681843820268
222,458,461,157.64834283937145
217,457,457,157.70859202973057
218,456,458,158.90248582070703
234,467,492,159.67780058605516
259,475,511,161.9876538505327
256,474,511,162.82813024781683
230,462,493,164.62381358722072
260,473,514,165.3027525481654
397,763,492,166.9281282468596
291,505,552,166.96406799069075
398,765,489,167.547008329006
212,579,257,169.0562036720333
376,622,596,173.34935823359717
360,758,331,173.4156855650607
378,634,596,174.52220489095365
192,543,260,176.61540136692497
240,455,507,177.17787672280082
382,647,597,177.68511473953018
251,455,518,182.64993840677855
383,641,604,183.4693434882242
187,520,263,184.06792224611002
185,515,265,184.87833837418594
241,640,240,185.28356645962967
387,639,611,190.07366992826755
381,631,613,191.049731745428
357,554,608,193.58202395883765
271,683,243,193.86593305684215
388,638,618,196.86035659827502
274,688,240,198.53966858036205
384,627,621,198.6454127333425
178,417,372,200.59162494979694
334,511,604,206.7873303662485
276,695,234,206.8260138377182
270,452,563,211.85136298829894
330,502,606,213.00234740490538
375,580,634,213.2650932525058
201,573,210,216.3631207022121
326,494,608,218.89266776207924
410,722,614,220.91174708466727
194,392,458,221.77916944564473
215,614,201,222.02026934494066
407,702,628,224.28999086004708
219,618,198,225.10886255321003
198,574,200,226.0486673263083
343,507,624,226.31173190977086
196,571,200,226.55904307707516
412,710,632,231.26175645791503
411,704,635,231.50161986474308
249,414,550,234.3885662740399
354,511,638,237.11811402758752
295,723,211,239.76655313033135
321,470,618,240.63665556186572
359,516,645,241.47256572952548
367,528,650,241.69815886762564
341,490,634,243.232399157678
353,781,246,245.41597340026587
408,675,660,245.48930730278255
155,470,218,248.80916381837707
409,675,665,250.3197954617253
406,661,669,251.0298786997277
213,617,171,252.07141845120006
174,521,187,252.57870060636546
277,429,599,253.17977802344325
350,492,647,253.64739304790814
129,384,307,254.9215565620138
267,412,583,255.34486483969087
356,499,654,256.71969149249145
347,485,647,257.00583650960147
414,724,658,260.7565914794869
247,669,168,261.51290599127225
265,403,582,261.8110005328271
123,385,282,266.3775516067373
340,468,650,268.28715958837836
177,536,164,269.6405014088203
362,490,666,271.4590208484515
139,470,190,272.3416971379888
287,418,617,273.6512378923216
209,350,509,274.8035662068453
393,568,695,275.3779221361074
121,363,303,275.506805723561
120,360,306,276.92959394040935
210,348,512,277.6508598942204
413,688,693,280.7650263120391
117,357,303,280.9199174141983
125,443,196,282.4057364856458
119,421,214,282.4553061990516
112,376,266,282.61988606607287
224,658,144,282.93108701590216
124,340,336,284.6225570821821
156,327,401,284.85083815920217
239,668,143,285.7428914251411
122,435,197,286.44720281406137
238,668,142,286.7228627089232
297,737,165,287.12366673612956
126,451,184,287.6125866508627
404,587,710,288.00173610587836
299,741,166,288.00868042473996
109,376,256,288.294987816299
298,738,164,288.4614358974177
159,321,408,290.38767191463205
145,322,394,290.4513728664404
181,545,140,290.5942188000305
105,358,277,292.1044333795706
190,585,131,293.1552489722809
405,599,719,296.24314338056837
104,344,292,297.40544715926103
392,541,713,298.328677803526
258,687,134,298.82603634890984
180,547,131,298.9314302645341
113,422,191,299.2407057871639
261,689,134,299.3409427392117
179,546,130,300.12330799189857
402,559,719,300.5328601001894
401,557,719,300.8853602287755
189,585,123,301.12455894529757
415,705,711,302.95214143491376
157,308,416,303.08084729985825
132,309,390,303.7976300105055
158,307,418,304.04111564063174
154,307,416,304.08058142538465
133,307,392,305.57650433238484
171,307,455,305.6795707926848
148,305,412,306.1976485866604
143,305,406,306.4718584144391
118,438,170,306.4930668057599
107,414,187,307.4166553718259
92,354,251,309.2458568841303
144,302,409,309.3169895107606
227,344,580,309.7385994673573
164,301,429,310.0580590792634
228,344,581,310.24667604988133
136,300,403,311.64242329952447
111,426,172,311.8108400937979
205,315,524,312.75709424407944
102,315,321,313.0814590485997
98,317,311,314.61087075941924
134,297,402,314.701445818096
99,316,313,314.8412298286233
141,296,412,315.1920049747455
135,296,403,315.6342820417326
127,297,388,315.94461539959815
95,319,300,316.8485442605031
161,294,430,317.0772776469484
140,294,412,317.1907943178679
130,295,394,317.3279061160553
197,308,522,318.76323501934786
385,505,725,320.0624938976762
152,289,427,322.02484376209236
207,307,533,323.2893440866865
110,296,349,323.5753389861471
142,287,419,324.02469041725817
220,643,99,325.5764119219941
269,714,114,325.71459899734305
188,297,512,326.3694225873496
195,300,524,326.98929646090863
162,284,438,327.3438559069041
131,284,407,327.3912033027155
191,298,521,327.98323127867377
149,283,429,328.05487345869443
151,283,431,328.09754647055803
163,283,439,328.3900120283807
160,282,438,329.34176777323586
137,281,418,330.037876614185
106,430,147,330.056055845064
103,428,147,331.15706243412654
150,279,433,332.150568266863
380,485,731,332.776201072132
204,296,535,334.3187102152675
147,276,432,335.1208737157386
146,275,431,336.0952246016001
91,405,157,336.44018784919257
89,283,320,343.7920883324688
221,301,576,345.70073763299956
389,484,747,348.0014367786432
97,425,127,349.5883293246501
216,295,574,350.2242138973261
293,353,661,351.0099713683359
82,350,188,351.2064919673325
364,424,721,351.81387124444086
81,350,187,351.8763987538806
184,269,509,352.6471324142591
386,472,748,353.47701481143014
368,424,723,353.50954725438464
186,268,514,354.8661719578241
285,346,660,355.51933843322786
296,350,666,356.6090296108611
316,364,681,357.17362724590964
312,361,679,357.82118439242805
294,347,665,358.13405311419353
394,482,760,360.84622763720284
302,350,675,362.80159867343474
390,470,758,363.46389091627793
320,361,687,363.5876785591063
328,368,694,363.9917581484504
329,368,695,364.73689147109866
79,280,269,365.0712259272155
306,350,680,366.29223305988893
242,299,615,366.34410053936995
244,299,616,366.86918649567724
153,245,455,367.39624385668395
304,347,681,369.1341219665286
253,299,623,370.59951430081503
317,351,689,371.96236368751073
114,239,397,372.90749523172633
309,345,685,373.3630940518894
399,477,773,374.77459892580765
318,349,691,374.79060820676926
400,477,774,375.7086637276282
396,467,771,376.61651583540515
193,255,546,376.64970463283254
395,465,771,377.385744298854
232,283,616,380.5693103759156
403,480,782,382.15441905072873
165,230,475,384.5321833084976
282,316,671,385.3946029720707
65,322,150,397.5550276376844
370,382,748,397.57515012887814
229,265,622,399.1453369388148
60,316,153,399.9062390110962
67,331,135,401.67648674026213
61,321,144,402.4189359361709
100,207,399,404.71224345206065
64,328,133,405.2024185515185
59,245,248,405.6858390429718
58,244,248,406.5882438044661
93,206,385,406.77880967425034
62,239,258,406.9508569839852
56,321,135,408.7101662547679
57,323,131,410.13168616921075
275,285,672,410.2157968679412
94,202,388,410.4948233534742
169,205,508,414.8023625776497
80,203,337,416.96522636785915
54,228,258,417.02997494184996
168,201,508,418.7182823808867
101,191,408,420.267771783657
47,241,221,421.5495225949141
46,243,216,422.2238742657738
45,240,217,424.35480437954277
313,297,710,425.39981194166035
176,197,521,425.4409477236529
74,198,317,426.38597537911585
48,227,237,426.6755207414646
331,303,729,434.1658669218482
200,203,574,435.0459745819975
90,177,392,435.1057342761642
50,208,257,435.84974475155997
49,209,254,436.07912126126837
51,207,258,436.3954628545077
183,190,538,436.42410565870443
170,185,518,436.4642024267282
172,185,519,436.6829513502903
42,227,214,437.1921774231556
175,183,524,439.7556139493844
43,293,118,440.6234219829899
305,277,713,442.33019340759455
325,289,727,442.83179650969055
44,206,242,443.60568075713365
38,219,215,443.7657039474772
182,180,536,445.56705443737644
324,285,727,445.7488081868531
37,215,215,447.3030292765744
39,207,230,447.73317947188144
327,286,731,447.7599803466138
311,274,719,448.5365091048888
322,280,726,448.7426879627121
166,168,503,450.1655251127078
167,166,504,452.3118393321139
319,275,726,452.4433666217243
86,161,365,453.7223820796149
173,167,528,456.2466438232724
332,278,740,459.758632327877
72,143,334,476.38744735771536
88,133,402,478.4610746967824
41,155,270,480.98336769580715
40,154,270,481.9315304065506
34,220,138,483.84501650838564
33,215,135,489.65293831447593
63,128,330,491.8719345520742
32,217,128,492.2001625355278
30,206,136,496.3809021306118
96,111,428,500.02499937503126
35,260,65,501.3631418443123
29,206,127,501.63831592094317
27,177,159,507.9881888390713
138,105,496,511.238691806479
128,96,482,518.3685947277285
26,160,166,519.0857347298229
31,122,216,531.0084745086466
28,121,209,534.6924349567703
25,129,184,538.0009293672271
23,200,75,538.5396921304873
24,138,162,540.2314318882233
36,87,280,543.1620384378864
21,135,161,543.3415132308593
19,190,79,543.6699366343518
22,134,162,543.7370688117558
71,71,357,544.0183820423719
20,199,67,544.4997704315402
69,71,353,544.5181356024792
55,72,341,545.2017975025394
68,70,353,545.5098532565659
52,71,336,546.9634357066293
70,68,357,546.9963436806502
53,70,339,547.4824198090748
18,131,153,550.7267925205746
12,167,94,552.609265213677
17,129,152,552.9602155670876
78,59,386,553.2386465170342
11,161,101,553.338955794728
66,62,352,553.5720368660252
73,59,368,554.7332692384692
9,164,93,555.6158745032399
75,57,372,556.3425203954844
76,56,382,556.5123538610801
8,158,99,556.9425464085142
84,53,397,558.6054063469132
6,157,93,561.2628617679954
4,149,102,562.5699956449864
116,50,465,562.5699956449864
5,162,84,562.6028794807222
85,47,398,564.553806115945
108,47,455,564.9070720038828
115,47,465,565.5616677251031
16,109,162,565.795899596312
77,46,388,566.0830327787612
10,114,150,567.0432082302018
13,110,157,567.23628233744
83,44,398,567.5508787765199
14,106,162,568.4593213238745
3,146,94,569.619171025695
87,41,402,570.3867109251407
2,143,96,570.9229370063879
7,109,150,571.4306607104662
15,100,167,571.5391500151148
1,138,62,595.0210080324896
0,136,63,596.007550287746
