254,611,328,4.123105625617661
248,606,327,9.0
252,606,331,9.848857801796104
262,614,337,10.04987562112089
245,600,332,15.811388300841896
236,597,324,18.24828759089466
223,585,327,30.0
264,645,292,46.09772228646444
257,588,375,55.072679252057455
281,673,309,60.728905802755904
284,628,400,74.14849964766651
212,579,257,78.71467461661771
203,535,296,85.7962703152066
202,535,292,87.32124598286491
241,640,240,90.52071586106685
283,611,423,96.08329719571451
272,591,421,97.01546268507923
303,632,423,97.49358953285082
308,638,422,97.74456506629922
192,543,260,98.35141076771599
286,611,426,99.08077512817509
273,589,426,102.35721762533407
279,598,431,105.38026380684383
337,720,338,105.57461816175325
278,597,432,106.53168542738823
271,683,243,108.07404868885037
226,539,404,108.18964830333815
323,649,431,109.41663493271945
344,700,398,110.75197515168747
274,688,240,113.56936206565572
345,727,350,114.33722053644648
187,520,263,114.54693361238441
338,730,326,115.00434774390054
346,731,346,117.5457357797381
185,515,265,117.66052864066182
339,733,324,118.03812943282352
349,731,353,118.87808881370864
342,735,327,120.0
290,599,447,121.06196760337245
351,701,414,122.3315167894194
276,695,234,122.67436570041843
292,599,449,123.0447073221762
310,621,451,124.14507642270796
201,573,210,124.31009613060397
352,701,417,124.48293055676348
215,614,201,126.00396819148197
307,616,453,126.00396819148197
315,622,454,127.1927670899568
333,651,449,127.20062892926276
355,738,361,127.61269529321916
219,618,198,129.0348790056394
335,648,455,132.1854757528224
198,574,200,133.4541119636259
199,486,364,134.2013412749664
196,571,200,134.40610105199838
206,486,372,136.6235704408284
235,524,431,138.19189556555045
208,486,380,139.46325680981354
246,527,439,142.43595051811886
360,758,331,143.05593311708537
365,754,364,143.8401890988746
366,755,364,144.80676779764127
369,756,363,145.52319402761884
371,720,433,149.20120642943877
243,521,443,149.30505684671232
233,515,441,151.6443206981389
231,512,441,153.63918770938616
225,509,441,155.66630977832037
213,617,171,156.01281998605114
214,487,417,156.4736399525492
295,723,211,158.4929020492716
289,571,480,159.20113064925135
288,569,482,161.68178623456632
336,624,490,163.24827717314508
363,677,479,164.1584600317632
247,669,168,167.91962362987834
300,578,491,168.12197952677099
174,521,187,168.6297719858507
177,536,164,181.13530854032848
155,470,218,181.40011025354974
211,459,421,182.1318203939114
353,781,246,184.70787747142785
361,652,508,184.74306482247175
237,493,468,186.45374761586316
224,658,144,187.98404187589966
379,726,482,190.64626930522402
239,668,143,191.48106956041372
238,668,142,192.4421991144354
372,681,508,192.6577275896298
373,680,512,196.08671551127577
280,536,507,196.57314160383152
190,585,131,198.2826265712657
139,470,190,199.48433522459854
181,545,140,199.6722314193939
297,737,165,202.8003944769339
178,417,372,203.0492551082126
298,738,164,204.20088148683394
299,741,166,204.44314613114327
217,457,457,204.60694025374605
258,687,134,205.9927183179056
218,456,458,206.01456259206532
189,585,123,206.194083329275
222,458,461,206.4097865896867
374,680,523,206.49697334343668
261,689,134,206.70026608594387
180,547,131,207.46083967823904
179,546,130,208.73428084528905
268,509,507,208.89231675674432
125,443,196,216.20592036297248
348,602,543,216.390850083824
250,478,496,217.55459085020476
126,451,184,217.5890622251036
263,492,507,218.01146758828995
398,765,489,220.78043391568917
266,491,510,221.05429197371402
234,467,492,221.65062598603234
397,763,492,221.65062598603234
122,435,197,222.03603311174518
358,612,551,224.0200883849482
119,421,214,224.51057881534223
230,462,493,225.75429121059915
301,534,539,226.947130407062
220,643,99,229.71286424577968
259,475,511,231.2055362658948
256,474,511,231.81242417092315
129,384,307,231.8641843838759
123,385,282,234.3608329051593
260,473,514,234.8041737278109
269,714,114,234.8829495727606
113,422,191,236.10379073619296
118,438,170,236.59670327373541
377,656,561,237.56472802164888
240,455,507,240.8318915758459
391,700,553,241.4560001325293
111,426,172,244.42994906516674
107,414,187,244.95101551126504
314,530,557,245.20399670478457
112,376,266,246.661711661944
251,455,518,249.16059078433733
109,376,256,249.32308356828895
291,505,552,250.44959572736389
121,363,303,253.14027731674784
120,360,306,255.86324472264477
106,430,147,258.11818998280614
194,392,458,258.63101128828305
117,357,303,259.1138745802702
103,428,147,259.55538907909425
105,358,277,261.81863951980193
376,622,596,269.09106265351886
378,634,596,269.67016891009655
91,405,157,270.1851217221259
92,354,251,271.84002648616706
382,647,597,271.8896835115301
104,344,292,273.25080054777516
124,340,336,275.14723331336626
97,425,127,275.86228448267445
383,641,604,278.21754078418564
387,639,611,285.01228043717697
381,631,613,286.44720281406137
270,452,563,286.81875810344064
357,554,608,287.544779121444
388,638,618,291.9075196016711
384,627,621,294.24479604574145
334,511,604,295.8800432607782
95,319,300,297.22886804615734
156,327,401,297.3550066839299
98,317,311,298.4292210893565
82,350,188,299.2423766781704
99,316,313,299.3275797516828
81,350,187,299.7081914129142
102,315,321,300.0599940011997
249,414,550,300.2165884823822
145,322,394,300.5628054167714
330,502,606,301.01494979485653
159,321,408,304.9540949061022
326,494,608,305.9444394003591
410,722,614,306.2972412543084
375,580,634,308.9886729315494
132,309,390,312.41798923877604
407,702,628,313.3209217399949
133,307,392,314.78405296329737
343,507,624,316.0268975894299
412,710,632,319.4526568992658
157,308,416,319.64042297556796
110,296,349,319.7577207824699
143,305,406,319.90779921721196
154,307,416,320.6009981269553
411,704,635,320.6009981269553
158,307,418,321.16195291472496
148,305,412,321.4420632089086
209,350,509,321.4793928076884
144,302,409,323.56297686849155
127,297,388,323.79777639755343
136,300,403,324.0385779502188
210,348,512,324.82918588082566
321,470,618,325.12459150301135
267,412,583,326.71853329739344
134,297,402,326.72465471708745
130,295,394,326.9388321995416
135,296,403,327.9283458318296
354,511,638,327.9283458318296
277,429,599,329.5147948120084
141,296,412,330.13027731488063
164,301,429,330.15148038438355
341,490,634,331.4724724618924
265,403,582,331.6157414840255
140,294,412,332.06324698767855
89,283,320,332.0737869811467
359,516,645,333.0540496676178
171,307,455,333.5386034629275
367,528,650,334.51158425381925
161,294,430,337.12015662075146
408,675,660,338.3622319349487
79,280,269,339.98382314457257
131,284,407,340.5304685340212
142,287,419,340.6581864567473
152,289,427,340.99266854288817
65,322,150,342.31272252138103
67,331,135,342.81190177705327
350,492,647,342.82502825785633
409,675,665,343.28413887041154
406,661,669,345.0797009387831
347,485,647,345.3983207834109
60,316,153,345.94363702776786
137,281,418,346.1748113309228
61,321,144,346.30189141845585
64,328,133,346.41737831696605
356,499,654,346.96541614403014
149,283,429,347.3154186038967
151,283,431,347.90803382503253
414,724,658,348.4852938073571
162,284,438,349.11602655850675
163,283,439,350.3826479721848
287,418,617,350.5837988270422
160,282,438,351.0128202786901
56,321,135,351.14099732158877
57,323,131,351.68167424533226
150,279,433,352.32371478513903
340,468,650,354.8774436337142
147,276,432,354.8887149516028
146,275,431,355.5502777386062
205,315,524,358.8997074392789
362,490,666,361.3114999553709
197,308,522,363.69492710237245
188,297,512,367.89808371341104
207,307,533,370.5401462729781
227,344,580,370.74249823833253
393,568,695,370.98921817217274
228,344,581,371.42563185649965
195,300,524,371.52927206345396
191,298,521,371.6517186829626
413,688,693,373.20905669610966
59,245,248,378.33979436480115
58,244,248,379.3178087039943
204,296,535,380.8214804865923
62,239,258,382.2786941486538
114,239,397,382.4604554721965
43,293,118,383.8814921300583
404,587,710,384.022134778713
46,243,216,388.20741878537046
47,241,221,388.73126964523965
45,240,217,390.80046059338264
184,269,509,390.9475668168303
153,245,455,391.515006098106
405,599,719,392.3263947276553
392,541,713,393.02926099719343
54,228,258,393.10303992719264
186,268,514,394.18016185495685
415,705,711,394.4058823090751
402,559,719,395.9797974644666
401,557,719,396.2675863605299
48,227,237,398.3013934196063
221,301,576,400.7455551843339
42,227,214,404.120031673759
216,295,574,404.23879081552775
38,219,215,411.5337167231866
80,203,337,412.1213413547034
165,230,475,412.46696837443847
49,209,254,412.51060592425983
385,505,725,412.9213000076407
50,208,257,412.97578621512423
93,206,385,413.0919994383818
51,207,258,413.7934267240116
100,207,399,414.30423603916967
37,215,215,415.38415954390945
74,198,317,417.1198868430993
94,202,388,417.4805384685614
44,206,242,417.73915306085445
39,207,230,419.3721497667674
193,255,546,421.37987612129746
380,485,731,424.40075400498523
293,353,661,424.4997055358225
242,299,615,427.551166528639
285,346,660,428.07709586007985
244,299,616,428.22540793371894
296,350,666,430.2859514323004
294,347,665,431.35600146514713
101,191,408,431.6676962664684
253,299,623,432.9803690700076
316,364,681,433.9550667983956
312,361,679,434.07372645669307
302,350,675,437.41170537606786
364,424,721,437.8549988295212
34,220,138,437.88811356327085
368,424,723,439.6555469910507
389,484,747,439.95567958602373
232,283,616,440.1647418864896
320,361,687,440.5859734489967
35,260,65,441.2131004401388
306,350,680,441.40004531037374
328,368,694,442.3776667057233
90,177,392,442.7967931229855
329,368,695,443.2076262881766
33,215,135,443.6935879635855
304,347,681,444.00450448165503
386,472,748,444.6234361794259
32,217,128,444.97752752245816
317,351,689,448.0401767698964
169,205,508,448.1751889607456
309,345,685,448.4016057063132
318,349,691,450.8347812669293
30,206,136,451.4000443065995
168,201,508,451.83736011976697
394,482,760,452.9657823721346
390,470,758,454.7372867931549
29,206,127,455.2812317677943
86,161,365,455.58753275303746
282,316,671,455.78174601447125
229,265,622,457.73900860643283
176,197,521,460.82534652512334
41,155,270,463.51806868772655
40,154,270,464.51049503751796
399,477,773,466.8618639383603
400,477,774,467.81727201974917
396,467,771,468.0170937049201
395,465,771,468.6533900442842
27,177,159,469.1140586254051
170,185,518,470.5114238783156
172,185,519,470.9182519291432
72,143,334,472.0519039258289
183,190,538,474.4955215805519
403,480,782,474.60509900337144
175,183,524,474.79785172218294
275,285,672,477.4149138851865
200,203,574,480.3675675979801
166,168,503,480.4008742706449
370,382,748,481.17564360636544
182,180,536,482.6033568055655
167,166,504,482.6282213049709
26,160,166,482.6447969262696
23,200,75,485.51930960570456
63,128,330,487.0092401587469
88,133,402,487.8001640016125
20,199,67,490.5670188669434
173,167,528,491.02443931030564
19,190,79,492.0660524766975
313,297,710,497.8081959952046
24,138,162,504.7316118493075
12,167,94,504.9683158377365
31,122,216,505.34146871199874
25,129,184,506.6014212376432
11,161,101,507.14100603283896
21,135,161,507.8936896634964
28,121,209,507.8976274801842
9,164,93,508.0915271877696
22,134,162,508.51351997759116
331,303,729,508.869334898459
8,158,99,510.71812186371454
305,277,713,513.069196112961
96,111,428,514.0204276096428
5,162,84,514.0603077460854
6,157,93,514.3150785267724
18,131,153,514.3267443950392
325,289,727,516.0193794810424
17,129,152,516.5471904869873
4,149,102,517.4756032896623
324,285,727,518.555686498567
311,274,719,519.5623158005207
322,280,726,520.9856044076458
327,286,731,521.0153548601039
3,146,94,523.6888389110464
319,275,726,524.2146506918707
2,143,96,525.4950047336321
36,87,280,530.0877285883913
10,114,150,531.3473440227211
16,109,162,532.2226977497296
13,110,157,532.8461316365166
332,278,740,533.0459642469868
14,106,162,535.0756955796068
7,109,150,536.0643618074233
138,105,496,537.271812028139
15,100,167,539.2819299772615
128,96,482,541.6511792657707
55,72,341,543.1804488381371
52,71,336,544.0744434358224
69,71,353,544.6209691152187
71,71,357,544.8265779126418
53,70,339,545.1320940836267
68,70,353,545.6198310178984
1,138,62,545.668397472311
0,136,63,546.9341825119362
70,68,357,547.8220513999048
66,62,352,553.5648110203538
73,59,368,557.5096411722402
78,59,386,559.1216325630766
75,57,372,559.8115754430235
76,56,382,561.6992077615919
84,53,397,566.3426524640362
77,46,388,572.2604302238623
85,47,398,572.420300129197
83,44,398,575.3972540775634
87,41,402,578.8790892751266
116,50,465,581.6089751714635
108,47,455,582.2439351337204
115,47,465,584.5237377557904
