8,158,99,6.082762530298219
9,164,93,7.0
11,161,101,8.94427190999916
12,167,94,10.04987562112089
5,162,84,10.295630140987
3,146,94,11.045361017187261
4,149,102,12.041594578792296
2,143,96,14.317821063276353
19,190,79,35.84689665786984
1,138,62,36.359317925395686
0,136,63,36.61966684720111
23,200,75,46.61544808322666
20,199,67,49.39635614091387
29,206,127,59.64059020499378
30,206,136,65.19202405202648
17,129,152,65.30696746902278
18,131,153,65.39113089708727
27,177,159,68.96375859826666
32,217,128,69.46221994724903
10,114,150,71.40028011149536
21,135,161,71.47027354082255
24,138,162,71.56814934033156
33,215,135,71.61005515987263
22,134,162,72.73238618387272
26,160,166,73.06161783043132
7,109,150,74.51845409024533
34,220,138,77.42092740338364
13,110,157,79.40403012442127
16,109,162,84.0535543567314
14,106,162,85.80209787645055
15,100,167,93.40770846134703
25,129,184,95.2102935611481
35,260,65,106.7379969832674
28,121,209,121.45781160551181
31,122,216,127.88275880665071
37,215,215,135.08515832614626
38,219,215,136.85028315644803
43,293,118,138.27870407260838
42,227,214,139.7891269019161
39,207,230,145.8389522727039
45,240,217,149.21461054467824
46,243,216,150.08331019803634
47,241,221,153.1012736720371
44,206,242,156.85024705112835
48,227,237,160.11246047700348
49,209,254,169.1892431568863
56,321,135,169.29264603047588
60,316,153,169.94410845922255
57,323,131,170.29386365926402
50,208,257,171.74690681348528
61,321,144,171.74690681348528
51,207,258,172.40939649566667
65,322,150,174.56803831171388
64,328,133,175.6160584912439
41,155,270,177.01129907438113
40,154,270,177.02542190318317
58,244,248,177.74701122663075
59,245,248,178.23860412379804
67,331,135,178.99720668211557
54,228,258,179.62739212046696
62,239,258,184.25254408012933
36,87,280,199.6722314193939
81,350,187,214.67417171145672
79,280,269,214.72074888095935
82,350,188,215.11392330576837
74,198,317,227.72132091659753
63,128,330,238.76766950322232
72,143,334,241.40629652103112
80,203,337,248.2982078066614
92,354,251,252.53316613862822
91,405,157,256.12496949731394
52,71,336,257.76927667974707
89,283,320,259.6247291765559
53,70,339,260.93102536877444
55,72,341,262.16216355530787
95,319,300,262.8554735971842
97,425,127,270.1481075262235
98,317,311,270.4144966528237
99,316,313,271.44244325455077
86,161,365,272.02941017470886
105,358,277,272.5013761433142
109,376,256,273.00183149568795
104,344,292,273.0750812505601
107,414,187,273.6512378923216
69,71,353,273.85397568777415
68,70,353,274.16965550549173
66,62,352,275.87315925983086
103,428,147,276.3277040037788
102,315,321,277.3950251897103
71,71,357,277.65446151646836
106,430,147,278.28941769316344
70,68,357,278.5982770944573
112,376,266,279.0877998050076
111,426,172,280.36048223670895
113,422,191,282.5402626175604
117,357,303,290.0
119,421,214,290.4083332137699
110,296,349,291.30224853234483
118,438,170,291.35888522576414
73,59,368,291.94006234157035
121,363,303,294.17001886664116
120,360,306,294.24139749532185
93,206,385,296.08275870100914
123,385,282,296.150299679065
75,57,372,296.37982387470305
122,435,197,296.8164415931166
94,202,388,298.41246622753545
90,177,392,299.6681497923995
125,443,196,303.9819073563425
124,340,336,304.20059171540083
76,56,382,306.14049062481104
126,451,184,307.76127111772854
78,59,386,308.9546892345219
88,133,402,309.9306374013386
100,207,399,310.0580590792634
129,384,307,311.96954979612997
114,239,397,314.8650504581288
77,46,388,315.1920049747455
101,191,408,316.8296072023573
84,53,397,321.29737004837125
85,47,398,324.2298567374695
83,44,398,325.25989608311687
127,297,388,326.5348373451139
139,470,190,327.6858251435359
87,41,402,330.056055845064
130,295,394,331.1268639056638
132,309,390,333.63602922945836
133,307,392,334.51606837340415
155,470,218,337.0370899470858
96,111,428,338.14346067904376
131,284,407,338.71079108879894
134,297,402,339.2359061184414
135,296,403,339.73666272570586
136,300,403,341.39273571650585
145,322,394,343.25792052041567
143,305,406,346.2268042771963
140,294,412,347.17430780517157
144,302,409,347.67945006859406
137,281,418,347.85198001448833
141,296,412,347.96838936891953
142,287,419,350.9643856575764
148,305,412,351.66034749456753
156,327,401,351.80108015752313
159,321,408,355.1351855279902
154,307,416,356.1305940241585
157,308,416,356.5529413705628
158,307,418,357.94552658190884
146,275,431,358.00558654859003
149,283,429,358.84815730333634
152,289,427,359.13785653979727
147,276,432,359.2798352259698
151,283,431,360.72149922065915
150,279,433,361.22569122364484
161,294,430,363.78290229201264
164,301,429,365.5571090814676
160,282,438,366.94686263817545
162,284,438,367.6329691417787
163,283,439,368.2281901212888
153,245,455,372.54261501202785
174,521,187,375.9414848084739
108,47,455,378.3437590340298
178,417,372,381.36727704405894
177,536,164,385.5930497298933
116,50,465,387.0826785068017
115,47,465,387.9226727068167
165,230,475,388.9125865795552
179,546,130,390.7556781417258
181,545,140,390.8362828602278
171,307,455,391.84690888151715
180,547,131,391.84690888151715
128,96,482,393.7537301410616
185,515,265,397.17502439101077
187,520,263,400.83537768016436
138,105,496,406.3409898102824
166,168,503,410.1475344312093
167,166,504,411.0985283359696
168,201,508,417.3260116503643
169,205,508,417.76668129471506
192,543,260,420.57698462944927
170,185,518,425.9213542427757
199,486,364,426.2417154620134
172,185,519,426.91919610155736
202,535,292,427.18263073303905
196,571,200,427.6037885706814
189,585,123,429.0501136231058
203,535,296,429.0606017802147
190,585,131,429.6836045277967
176,197,521,429.8650951170611
198,574,200,430.5090010673412
184,269,509,430.8131845707603
206,486,372,431.3722290551398
175,183,524,431.78351056982245
201,573,210,432.1400236034612
194,392,458,434.1082814229648
173,167,528,435.1149273467873
186,268,514,435.387184009819
208,486,380,436.58905162635494
188,297,512,441.77030230652673
182,180,536,443.59666364840933
211,459,421,445.85647914996144
183,190,538,446.2219178839157
191,298,521,450.6273404932284
212,579,257,452.74717006293923
195,300,524,454.1035124286092
197,308,522,454.79885663884426
209,350,509,458.590231034199
205,315,524,459.04792778096714
210,348,512,460.48018415562683
214,487,417,462.46729614103526
204,296,535,463.3411270327727
193,255,546,463.47923362325525
207,307,533,464.86557196677836
213,617,171,466.5661796572915
215,614,201,469.5881173965116
217,457,457,471.69481659225386
218,456,458,471.8325974326064
219,618,198,472.80651433752473
222,458,461,475.4208661806926
200,203,574,483.19457778414693
220,643,99,486.03703562588726
223,585,327,487.79093882523074
226,539,404,492.590093282437
225,509,441,494.9828279849716
236,597,324,496.95170791536674
231,512,441,497.1207096872952
235,524,431,498.9318590749643
233,515,441,499.26746339011515
216,295,574,500.4048361077259
230,462,493,503.0159043211258
245,600,332,503.3587190066345
237,493,468,503.50868910079396
224,658,144,503.5891182303287
221,301,576,504.0089284923433
241,640,240,504.8742417671949
243,521,443,504.97128631240014
234,467,492,505.27319343103886
248,606,327,506.3170943193603
246,527,439,506.5727983222155
252,606,331,508.17811837976654
240,455,507,510.09802979427394
254,611,328,511.2152188657924
238,668,142,513.3439392843749
239,668,143,513.4403568088508
255,615,327,514.3150785267724
257,588,375,515.0582491330471
250,478,496,515.2184002925361
247,669,168,517.4640084102468
262,614,337,518.0588769628409
251,455,518,519.065506463298
227,344,580,521.6684771001599
228,344,581,522.602143126107
249,414,550,524.3071618812774
256,474,511,524.6074723066762
259,475,511,525.2123380119701
260,473,514,526.4000379939196
264,645,292,527.0151800470268
258,687,134,531.583483565846
263,492,507,532.5607946516529
261,689,134,533.5775482532974
266,491,510,534.2705307239021
232,283,616,537.9637534258233
229,265,622,539.9120298715338
242,299,615,540.9695000644676
244,299,616,541.9344978869678
268,509,507,543.415126767741
272,591,421,544.0036764581652
273,589,426,545.4475226820633
271,683,243,546.9698346344156
265,403,582,547.3910850571098
253,299,623,548.692992483046
274,688,240,550.9718686103674
267,412,583,552.3812089490373
270,452,563,554.9099025968089
278,597,432,555.4466671067529
279,598,431,555.6302727533841
276,695,234,556.1699380585038
269,714,114,557.3957301594622
281,673,309,559.38537699872
283,611,423,561.2628617679954
280,536,507,561.2815692680457
284,628,400,562.21881861069
286,611,426,563.0319706730693
290,599,447,566.2861467491501
288,569,482,566.6259789314288
289,571,480,566.714213691522
292,599,449,567.5385449465084
277,429,599,574.4736721556524
291,505,552,576.0078124470189
295,723,211,578.1695253124294
303,632,423,578.3813620786894
300,578,491,579.34877232976
308,638,422,582.7538073663698
307,616,453,583.3360952315569
301,534,539,583.990582115842
297,737,165,584.4518799696002
298,738,164,585.322133529905
287,418,617,585.4032797994901
310,621,451,586.054604964418
299,741,166,588.5448156257942
315,622,454,588.6815777650936
275,285,672,592.9797635670209
314,530,557,595.3360395608518
323,649,431,596.9154043916105
285,346,660,597.6704777718237
282,316,671,599.4705997795055
293,353,661,600.8660416432268
294,347,665,602.7304538514708
296,350,666,604.6304656565032
333,651,449,608.9105024549996
335,648,455,610.0204914590985
321,470,618,611.2233634278061
336,624,490,612.9420853555415
302,350,675,613.1663722025206
337,720,338,613.9983713333448
326,494,608,615.4624277728088
306,350,680,617.9142335308355
304,347,681,617.9352716911376
330,502,606,618.2184080080438
338,730,326,618.561233832189
312,361,679,620.4933520997627
339,733,324,620.5940702262632
309,345,685,621.13444599378
334,511,604,621.6405713915398
344,700,398,622.7953114788197
316,364,681,623.3722804231834
342,735,327,623.5703649148186
345,727,350,625.2591462745667
317,351,689,626.7790679338294
346,731,346,627.2838273062681
320,361,687,628.0541377938689
318,349,691,628.0668754201259
349,731,353,630.1396670580261
305,277,713,631.5061361538777
351,701,414,631.6462617636552
313,297,710,632.6839653413069
348,602,543,632.8704448779387
352,701,417,633.1761208384283
341,490,634,635.2715954613428
343,507,624,635.9724836814876
311,274,719,636.8398542804933
328,368,694,636.9631072519036
329,368,695,637.9067329947223
340,468,650,637.9420036335591
355,738,361,639.8320092024155
353,781,246,642.4834628221959
347,485,647,643.8167441127949
319,275,726,643.904496024061
322,280,726,644.8395149182469
358,612,551,645.5919764061508
361,652,508,645.9489143887464
360,758,331,646.4093130517226
324,285,727,646.7920840579297
350,492,647,647.4109977440914
325,289,727,647.5955527951069
363,677,479,647.6079060666261
354,511,638,649.8776807984715
357,554,608,650.2568723204699
327,286,731,650.9109002006343
331,303,729,652.5427189081187
365,754,364,655.6294685262401
366,755,364,656.5401739421587
356,499,654,657.0273966890574
369,756,363,657.0395726286202
371,720,433,657.6997795347054
332,278,740,658.2172893505609
359,516,645,658.4717154138058
362,490,666,662.7352412540018
372,681,508,668.4317467026832
367,528,650,669.2458442157113
373,680,512,670.1417760444427
374,680,523,677.0738512156558
364,424,721,682.4023739700793
377,656,561,684.1235268575406
368,424,723,684.2433777538515
376,622,596,685.006569311565
375,580,634,686.7386693641184
379,726,482,689.2619240898194
370,382,748,692.567686222798
378,634,596,693.2084823485644
382,647,597,702.9338517954587
381,631,613,703.6163727486734
383,641,604,703.8302352130092
384,627,621,706.8833001281046
387,639,611,707.5648380183967
391,700,553,711.6523027434114
388,638,618,712.0294937711499
380,485,731,717.375773217914
385,505,725,721.4762643358408
397,763,492,725.5597838910313
398,765,489,725.5894155788106
386,472,748,726.8080902136409
393,568,695,728.9204346154661
392,541,713,729.2845809421724
389,484,747,731.1942286424312
390,470,758,734.9789112620851
394,482,760,741.966306512634
401,557,719,742.8835709584645
402,559,719,743.9623646395024
395,465,771,744.6797969597403
396,467,771,745.5092219416202
399,477,773,751.5317691222374
404,587,710,752.0565138339007
400,477,774,752.436708301768
403,480,782,760.9533494242601
407,702,628,763.7080594049012
406,661,669,765.3704985168947
405,599,719,766.3158617698057
408,675,660,767.9928385082767
410,722,614,768.5479815860556
411,704,635,770.0474011383975
409,675,665,771.6916482637349
412,710,632,772.2240607492103
414,724,658,800.446125607464
413,688,693,801.2246875876954
415,705,711,825.9709437988723
