239,668,143,25.019992006393608
238,668,142,26.019223662515376
224,658,144,26.40075756488817
258,687,134,38.47076812334269
261,689,134,39.44616584663204
213,617,171,52.08646657242167
219,618,198,59.16924876994806
215,614,201,64.1404708432983
297,737,165,68.06614430096654
295,723,211,69.02897942168927
298,738,164,69.1158447825099
269,714,114,70.2922470831599
276,695,234,70.9365914038728
299,741,166,72.02777242147643
220,643,99,73.7360156233031
274,688,240,74.46475676452586
271,683,243,76.2954782408499
241,640,240,77.62087348130012
190,585,131,91.7877987534291
189,585,123,95.29428104561154
198,574,200,100.24470060806208
196,571,200,103.09219175087898
201,573,210,104.78549517943789
264,645,292,126.30122723077555
212,579,257,126.57408897558773
181,545,140,127.12198865656563
180,547,131,127.4872542648872
179,546,130,128.73616430514
177,536,164,133.06013678032951
353,781,246,136.48443134658254
281,673,309,141.05672617780408
174,521,187,149.21461054467824
192,543,260,156.01281998605114
255,615,327,167.91962362987834
339,733,324,168.61791126686393
338,730,326,169.36646657470303
254,611,328,170.18813119603846
248,606,327,171.0263137648707
236,597,324,171.81385275931623
342,735,327,172.15400082484288
252,606,331,174.7512517837855
187,520,263,176.70880000724355
337,720,338,177.48521065147935
262,614,337,177.72450590731714
245,600,332,177.92414113885727
223,585,327,179.82491484774852
185,515,265,182.00274723201295
202,535,292,182.5705343148231
203,535,296,185.31055015837603
360,758,331,185.71483516402236
346,731,346,188.4887264533346
345,727,350,191.01832372837953
349,731,353,195.1127878945919
139,470,190,200.21238722916223
355,738,361,204.9634113689563
155,470,218,205.1852821232556
369,756,363,213.52751579129094
365,754,364,213.63754351705134
366,755,364,214.03737991294884
126,451,184,218.58636736997119
257,588,375,222.28360263411244
125,443,196,227.72790781983662
118,438,170,231.00865784641059
344,700,398,232.07972767995054
284,628,400,235.5949914577982
122,435,197,235.79016094824652
106,430,147,239.92082027202224
103,428,147,241.91320757660174
111,426,172,243.03291958086666
97,425,127,247.42069436488129
113,422,191,248.06853891616325
351,701,414,248.07257002740147
352,701,417,251.04780421266383
119,421,214,252.23005372080465
107,414,187,255.70686341981516
308,638,422,255.88473967784793
303,632,423,257.6703320136022
283,611,423,261.51290599127225
323,649,431,263.75936002348806
91,405,157,264.2290672882149
286,611,426,264.43902888945877
272,591,421,264.7508262498911
199,486,364,268.1510768205118
226,539,404,269.43644890771554
371,720,433,269.8629281690985
273,589,426,270.1184925176357
279,598,431,272.41512439657237
278,597,432,273.64210202379314
206,486,372,274.05291459862275
208,486,380,280.0589223717038
333,651,449,281.5759222660915
310,621,451,287.04180880143576
290,599,447,287.6473535424931
335,648,455,287.76726707532254
292,599,449,289.5876378576958
315,622,454,289.836160614924
307,616,453,289.88618456214846
235,524,431,300.32315928013276
109,376,256,305.92973049378514
246,527,439,305.94934221207274
123,385,282,306.0261426741186
214,487,417,308.4234102658227
112,376,266,308.9546892345219
363,677,479,311.1028768751585
243,521,443,312.2963336320169
233,515,441,313.4405844813336
231,512,441,314.92538798896476
225,509,441,316.4316671889841
129,384,307,317.08989261721985
379,726,482,319.13163428278307
81,350,187,319.5653297840678
82,350,188,319.62634434601915
178,417,372,324.2221460665511
336,624,490,325.12920508622415
92,354,251,325.75143898377485
289,571,480,327.0290506973348
211,459,421,328.7993308995625
288,569,482,329.53907203850656
105,358,277,329.548175537356
121,363,303,334.45627516911685
398,765,489,335.04775778984106
300,578,491,335.574134879314
397,763,492,337.3603414748094
120,360,306,338.4154251803543
67,331,135,339.60712595586097
117,357,303,339.9544087079913
372,681,508,340.2116987994387
361,652,508,340.42473470651333
64,328,133,342.79148180781857
373,680,512,344.17582715815473
65,322,150,347.4665451521916
237,493,468,347.81604333325396
104,344,292,347.85198001448833
57,323,131,347.9727000786125
61,321,144,348.82660448996717
56,321,135,349.56115344814845
60,316,153,353.3185531499867
374,680,523,355.17038164801977
217,457,457,358.42014452315595
218,456,458,359.8180095548304
222,458,461,361.0678606577993
280,536,507,364.156559737704
124,340,336,369.4116944548453
95,319,300,374.064165618681
268,509,507,374.86130768592267
43,293,118,379.3098996862592
250,478,496,379.5589545775465
98,317,311,379.938152861752
348,602,543,380.938315216519
99,316,313,381.6202300717298
234,467,492,381.81147180251145
263,492,507,382.4264635194589
230,462,493,385.32324092896346
266,491,510,385.5489592775475
102,315,321,385.64880396547323
391,700,553,386.24603557836036
358,612,551,387.2182846922392
377,656,561,393.21495393741066
259,475,511,394.06217783491985
256,474,511,394.55544604022384
301,534,539,394.7986828752092
260,473,514,397.6581446418519
240,455,507,400.8952481634074
194,392,458,401.034911198514
79,280,269,401.8979970091914
251,455,518,410.23895475685873
314,530,557,413.08836827003495
156,327,401,413.8272586478566
145,322,394,414.1074739726391
110,296,349,414.59618908041114
89,283,320,414.8493702538308
291,505,552,417.5547868244358
35,260,65,421.7700795457165
159,321,408,422.7339588914049
132,309,390,422.9468051658506
133,307,392,425.6994244769424
46,243,216,428.69569626951005
378,634,596,429.42869023855405
382,647,597,429.563732174866
376,622,596,430.57287420365907
47,241,221,431.2690575499244
59,245,248,431.4811699251776
45,240,217,431.7893004695693
127,297,388,432.1851455105786
58,244,248,432.46387132337424
143,305,406,434.90228787625387
383,641,604,436.89815746922073
130,295,394,436.9805487661894
136,300,403,437.47685653071983
157,308,416,437.97830996523106
148,305,412,438.21455931997514
154,307,416,438.80291703679455
144,302,409,439.0558051091
62,239,258,439.31765272977594
134,297,402,439.4769618535197
158,307,418,439.9363590338948
135,296,403,440.8559855553739
387,639,611,444.01463939829733
42,227,214,444.3872185380673
141,296,412,445.7185210421483
381,631,613,446.6195248754806
48,227,237,447.3533279187716
140,294,412,447.3935627610214
410,722,614,449.13806340589747
34,220,138,450.0011111097394
54,228,258,450.08999100179955
270,452,563,450.6817058634619
388,638,618,451.06651394223445
164,301,429,451.159616987159
38,219,215,452.4477870428808
131,284,407,453.15118889836316
32,217,128,453.76645975655805
357,554,608,454.78016667396565
384,627,621,454.9428535541579
33,215,135,455.1977592211983
37,215,215,456.4263357870578
142,287,419,457.083143421413
161,294,430,457.4592878060298
249,414,550,459.29184621545375
152,289,427,459.8706339830801
407,702,628,461.182176585349
137,281,418,461.5668965599678
171,307,455,461.96644899819296
334,511,604,463.74561992540697
30,206,136,464.1045140913844
29,206,127,464.81178986768396
412,710,632,465.8079003194343
149,283,429,465.95815262746504
39,207,230,466.14160938495934
209,350,509,466.94967608940476
151,283,431,467.08136336188795
49,209,254,467.9700845139569
411,704,635,468.30972656992725
330,502,606,468.75686661637286
44,206,242,468.87631631380145
50,208,257,469.5125131452835
162,284,438,470.2393007820593
210,348,512,470.5071731652983
51,207,258,470.6846077789245
150,279,433,471.51352048483193
163,283,439,471.6322720086063
160,282,438,471.87816224105984
147,276,432,473.4395420748039
326,494,608,473.5240226218729
146,275,431,473.7140487678194
375,580,634,474.42280720892836
23,200,75,478.13178099766594
20,199,67,480.72965375562177
343,507,624,483.92148123430104
114,239,397,487.1765593704196
19,190,79,487.19811165479695
267,412,583,488.1331785486416
408,675,660,492.03658400570174
321,470,618,492.03760018925385
27,177,159,492.0823101880416
265,403,582,492.0894227678543
414,724,658,493.0770730829005
277,429,599,493.3163285357581
74,198,317,494.00607283716664
80,203,337,495.69849707256526
354,511,638,495.8467505187465
409,675,665,497.03621598430834
341,490,634,499.1963541533532
359,516,645,500.93712180272684
406,661,669,501.063868184486
205,315,524,502.0478064885853
367,528,650,502.2001592990588
197,308,522,505.6055775008816
188,297,512,506.67543852055826
12,167,94,507.42487128638066
26,160,166,509.0039292579184
9,164,93,510.5389309347525
350,492,647,510.65644028054714
93,206,385,511.3296392739228
153,245,455,512.0009765615687
191,298,521,512.1035051627747
11,161,101,512.3992583913447
195,300,524,512.7348242512888
347,485,647,513.1247411692405
5,162,84,513.9114709753032
207,307,533,514.0710067685203
287,418,617,514.3947900202722
356,499,654,514.8747420489764
8,158,99,515.6374695461919
94,202,388,516.2257258215634
100,207,399,516.5317028024514
6,157,93,517.4640084102468
340,468,650,522.2307918918608
204,296,535,523.2762176900457
41,155,270,524.0229002629561
4,149,102,524.1717275855309
227,344,580,524.7561338374236
40,154,270,525.0038095099882
413,688,693,525.3436970212929
228,344,581,525.5416253732905
184,269,509,525.6243906060677
3,146,94,528.2092388438506
362,490,666,529.1927815078358
186,268,514,529.6385559983337
2,143,96,530.904887903662
24,138,162,531.0338972231434
21,135,161,534.0458781790194
101,191,408,534.8682080662488
22,134,162,535.0336438019575
165,230,475,535.695809205187
393,568,695,536.5910919871853
18,131,153,538.2090671848626
17,129,152,540.2369850352713
25,129,184,540.2369850352713
90,177,392,540.5922677952395
1,138,62,541.4766846319424
0,136,63,543.2439599296066
415,705,711,544.192061684108
86,161,365,544.8605326136221
404,587,710,548.1678575035205
31,122,216,549.1019941686608
221,301,576,549.4433546781688
28,121,209,549.5316187445451
72,143,334,551.5722980716127
216,295,574,552.0072463292488
10,114,150,555.2918151746882
405,599,719,555.4286632862946
13,110,157,559.1082185051478
392,541,713,559.8294383113486
16,109,162,560.0321419347287
7,109,150,560.2892110330164
193,255,546,560.6068140863077
402,559,719,561.8727613970977
401,557,719,562.2677298227243
14,106,162,563.0319706730693
63,128,330,564.7344508704954
15,100,167,569.0008787339436
169,205,508,575.2356039050434
168,201,508,578.4669394183214
242,299,615,580.2663181677875
385,505,725,580.6418861914804
244,299,616,581.0370039851163
88,133,402,584.8521180606257
293,353,661,585.5809081587274
253,299,623,586.4511914899654
285,346,660,588.5516120103657
176,197,521,589.4005429247584
232,283,616,591.3543776789007
296,350,666,591.4093337105866
294,347,665,592.1933805776623
380,485,731,592.3048201728566
36,87,280,592.6786650454021
312,361,679,596.644785446081
316,364,681,596.8199058342475
170,185,518,597.2905490630168
172,185,519,597.8770776673078
302,350,675,599.0075124737585
175,183,524,602.4383785915369
166,168,503,602.6823375543703
306,350,680,603.2453895389503
320,361,687,603.5105632878351
364,424,721,604.8421281623826
167,166,504,604.9008183165237
183,190,538,605.2611006830027
304,347,681,605.6839109634661
328,368,694,606.0338274387
368,424,723,606.6712454039667
329,368,695,606.9019690197091
229,265,622,607.7269123545542
389,484,747,607.8371492431176
309,345,685,610.1352309119676
317,351,689,610.3810285387317
182,180,536,612.0008169929188
386,472,748,612.5430597109072
318,349,691,613.1304918204606
282,316,671,614.5063059074333
96,111,428,615.6005198178442
173,167,528,617.741046070277
200,203,574,618.0550137325964
394,482,760,620.8325055922894
52,71,336,621.1505453591745
55,72,341,621.5609382836087
390,470,758,622.6564060539328
53,70,339,622.9301726517989
69,71,353,625.9624589382338
68,70,353,626.917857458216
71,71,357,627.1562803639935
70,68,357,630.0174600755125
275,285,672,633.6181815573161
66,62,352,634.2751768751477
399,477,773,634.7353779331983
400,477,774,635.6886030125128
396,467,771,635.9347450800278
395,465,771,636.5728552176884
73,59,368,641.9501538281613
403,480,782,642.4305409925652
75,57,372,645.1046426743494
370,382,748,647.1236357914923
78,59,386,647.7839145888079
76,56,382,649.280370872245
138,105,496,652.441568264929
128,96,482,653.3949800847876
84,53,397,657.188709580437
313,297,710,657.3796467795455
77,46,388,660.703413037953
85,47,398,663.1621219581227
83,44,398,665.976726320072
331,303,729,669.8335614165657
87,41,402,670.1790805448943
305,277,713,671.3337471034806
325,289,727,675.9297300755456
311,274,719,677.9572257893561
324,285,727,678.1865525060196
322,280,726,680.2095265431086
327,286,731,680.9243717183282
319,275,726,683.0812543175226
108,47,455,685.0204376513157
116,50,465,686.563908168788
115,47,465,689.2699035936503
332,278,740,692.867231148941
