181,545,140,25.632011235952593
174,521,187,27.459060435491963
180,547,131,34.785054261852174
179,546,130,35.4400902933387
196,571,200,50.20956084253277
198,574,200,52.3450093132096
201,573,210,59.033888572581766
190,585,131,59.07622195096772
189,585,123,63.89053137985315
139,470,190,70.9365914038728
213,617,171,81.30190649671138
155,470,218,85.27602242131137
215,614,201,86.33075929238663
126,451,184,87.32124598286491
219,618,198,88.76936408468859
192,543,260,96.25487000666512
118,438,170,98.18350166906862
125,443,196,98.35141076771599
187,520,263,100.2845950283492
212,579,257,102.45974819410792
185,515,265,103.16006979447037
122,435,197,106.25441167311595
106,430,147,107.35455276791944
103,428,147,109.32977636490436
111,426,172,110.2905254316979
97,425,127,117.00427342623003
113,422,191,117.15374513859982
224,658,144,123.62847568420473
107,414,187,124.1491039033307
220,643,99,125.19584657647394
119,421,214,125.39936203984452
202,535,292,128.00390619039717
241,640,240,128.80993750483694
91,405,157,131.18688958886096
203,535,296,132.00378782444085
247,669,168,133.06013678032951
239,668,143,133.6600164596728
238,668,142,133.82077566656082
258,687,134,153.95129099815955
261,689,134,155.9134375222354
271,683,243,166.88319268278636
264,645,292,168.12197952677099
274,688,240,169.941166289984
223,585,327,170.20575783445165
236,597,324,171.2337583538947
276,695,234,173.72679701186
248,606,327,177.39503938949363
245,600,332,179.77764043395385
254,611,328,180.33579788827288
252,606,331,181.077331546497
255,615,327,181.13530854032848
109,376,256,184.56435192094924
269,714,114,184.88915598271305
81,350,187,187.41664813991312
82,350,188,187.5419952970534
112,376,266,189.74720024284943
262,614,337,189.77091452590938
123,385,282,191.637678967368
295,723,211,192.81597444195333
281,673,309,199.48433522459854
297,737,165,201.0024875467963
92,354,251,201.72506041639943
298,738,164,202.0
299,741,166,205.00975586542216
199,486,364,206.15528128088303
67,331,135,207.04105872990507
129,384,307,208.6935552430884
64,328,133,210.2974084481309
105,358,277,210.83880098312076
206,486,372,213.92522057952868
65,322,150,214.4574549881631
57,323,131,215.5411793602327
61,321,144,215.92822881689185
56,321,135,216.9469981354893
257,588,375,217.3131381210073
60,316,153,220.27482833950864
208,486,380,221.71152428324515
121,363,303,221.92341021172146
120,360,306,226.14154859291116
117,357,303,226.63186007267382
104,344,292,230.7552816296953
178,417,372,239.63513932643517
226,539,404,240.01874926763534
43,293,118,247.315587862957
338,730,326,252.74493071078598
337,720,338,253.24296633865274
284,628,400,253.29824318380102
339,733,324,253.78928267363852
95,319,300,256.09568524284043
342,735,327,257.2353008434107
214,487,417,257.70137756713683
353,781,246,258.3582783655287
124,340,336,260.76809620810593
272,591,421,262.8193295783246
98,317,311,263.7612556839992
99,316,313,265.7084868798887
345,727,350,266.6027006614899
346,731,346,266.7376988728815
235,524,431,267.2695268825086
273,589,426,267.30693967796645
211,459,421,268.28715958837836
283,611,423,269.6405014088203
102,315,321,271.0903908293321
349,731,353,271.56214758320056
286,611,426,272.5233934912744
279,598,431,274.10399486326355
278,597,432,274.85450696686786
246,527,439,275.14723331336626
303,632,423,276.2191159206763
79,280,269,276.6965847277483
308,638,422,277.4310725207254
233,515,441,277.79488836189915
360,758,331,277.80028797681257
231,512,441,278.03776721877193
225,509,441,278.31277369175854
243,521,443,279.4029348450012
355,738,361,282.1577572919093
344,700,398,285.74814085134483
290,599,447,289.9275771636772
323,649,431,289.9275771636772
292,599,449,291.88011237492697
35,260,65,293.218348675522
365,754,364,295.84455377782433
366,755,364,296.5821977125397
369,756,363,296.64962497869436
89,283,320,297.22886804615734
46,243,216,297.578561055732
310,621,451,299.322568477554
351,701,414,299.5413160150032
307,616,453,299.8683044271268
47,241,221,300.45631962067296
45,240,217,300.70749907509787
352,701,417,302.04966479041155
315,622,454,302.48305737677276
59,245,248,302.8811648155098
110,296,349,303.0264014900352
217,457,457,303.4633421024688
58,244,248,303.84206423732707
218,456,458,304.69000639994744
237,493,468,307.02605752606735
222,458,461,307.0716528760022
333,651,449,307.3271872125862
62,239,258,311.52046481732145
335,648,455,311.8092365533773
42,227,214,313.0191687421075
145,322,394,314.1591953134589
156,327,401,315.9905061864992
34,220,138,317.0678160898706
48,227,237,317.5059054568907
289,571,480,317.9323827482819
288,569,482,319.70767898190996
132,309,390,320.3201523476161
32,217,128,321.024921150991
38,219,215,321.0763149159402
54,228,258,322.02484376209236
33,215,135,322.3073067741406
133,307,392,323.1485726411305
37,215,215,325.0261527938944
159,321,408,325.2091634625322
371,720,433,325.909496639788
194,392,458,327.37134877688976
127,297,388,327.5622078323444
300,578,491,329.6862144524699
30,206,136,331.18574848564964
29,206,127,332.067764168701
130,295,394,333.1381094981479
143,305,406,334.55193916640206
234,467,492,335.17905662496275
39,207,230,335.5547645318123
136,300,403,335.882419903156
250,478,496,337.02818873204063
230,462,493,337.2195130771646
134,297,402,337.2906758272455
336,624,490,337.6684764676738
135,296,403,338.7048862948393
144,302,409,338.7934473982636
148,305,412,338.91739406527955
44,206,242,339.092907622675
49,209,254,339.1592546282646
157,308,416,339.8352542041511
154,307,416,340.50697496527147
50,208,257,340.9296115036064
158,307,418,341.9897659287482
51,207,258,342.16516479618434
280,536,507,343.0
268,509,507,344.06104109590785
141,296,412,345.1144737619679
363,677,479,345.11737133908514
263,492,507,345.8106418258409
140,294,412,346.5082971589569
23,200,75,347.58739908115194
266,491,510,348.91402952589914
131,284,407,350.075706097981
20,199,67,350.6821923052267
259,475,511,352.32087647484076
240,455,507,352.4343910573995
256,474,511,352.4953900407777
164,301,429,354.18921496849674
260,473,514,355.62480228465506
19,190,79,356.2878050116226
142,287,419,356.4070706369333
27,177,159,359.03481725314606
161,294,430,359.6109008358896
137,281,418,359.9180462271932
152,289,427,360.8018846957427
361,652,508,363.0316790584535
251,455,518,363.1487298614715
149,283,429,366.3795845840759
151,283,431,367.8287645087045
171,307,455,370.2998784768907
379,726,482,370.4375790872195
74,198,317,371.0161721542607
150,279,433,372.03494459526246
162,284,438,372.2633476451852
372,681,508,373.3108624189765
146,275,431,373.37648560132976
147,276,432,373.39523296367884
160,282,438,373.6201279374547
163,283,439,373.6763305321866
301,534,539,375.0053332954079
80,203,337,375.2572450999447
12,167,94,375.5808834325837
26,160,166,376.0053191113126
373,680,512,376.61651583540515
114,239,397,377.4890726895283
9,164,93,378.71493236998197
11,161,101,380.25517747954467
5,162,84,382.4604554721965
8,158,99,383.54791095767945
348,602,543,384.7037821493311
6,157,93,385.5930497298933
374,680,523,386.80356771881
291,505,552,389.23643200502187
4,149,102,391.934943581202
209,350,509,391.94514922371474
314,530,557,393.04579885809744
358,612,551,394.3919370372574
41,155,270,395.47060573448437
210,348,512,395.53508061864756
3,146,94,396.23225512317896
40,154,270,396.43410549547826
93,206,385,397.1662120573703
398,765,489,397.57515012887814
24,138,162,398.0050250939051
2,143,96,398.839566743321
397,763,492,398.8897090675567
21,135,161,401.01122178811903
22,134,162,402.0049750935926
94,202,388,402.15917246781777
100,207,399,404.3092875510035
249,414,550,404.82094807457776
18,131,153,405.14935517658176
17,129,152,407.17686574755203
25,129,184,407.49110419737997
270,452,563,407.74624461789955
1,138,62,410.86250741580204
153,245,455,411.5361466505707
0,136,63,412.5542388583591
377,656,561,414.73967738811774
31,122,216,417.2529209005013
28,121,209,417.43262929483603
391,700,553,422.15755352711625
188,297,512,422.1670285562339
10,114,150,422.23216362565273
205,315,524,422.4227740072734
101,191,408,422.5647879319809
197,308,522,424.4384525464204
90,177,392,425.28225921145594
86,161,365,425.4715031585547
13,110,157,426.0575078554537
16,109,162,427.00468381506073
7,109,150,427.2294465506796
72,143,334,428.1927136232003
191,298,521,429.0606017802147
14,106,162,430.00465113763596
195,300,524,430.46021883560854
207,307,533,434.28331766256
15,100,167,436.0103209787585
184,269,509,436.2499283667563
165,230,475,436.29920925896715
267,412,583,436.9633851937711
265,403,582,438.64906246337745
63,128,330,440.477014156244
376,622,596,440.477014156244
334,511,604,440.70965498840616
186,268,514,440.82195952561165
204,296,535,441.86083782114025
378,634,596,442.97629733429306
330,502,606,443.30576355378014
357,554,608,444.3647150708526
326,494,608,445.9820624195552
382,647,597,447.0011185668331
277,429,599,447.9665166058731
383,641,604,452.3549491273418
227,344,580,458.1702740248433
387,639,611,458.7134181599662
321,470,618,458.7722746635851
381,631,613,458.94008323527373
228,344,581,459.07842467273497
343,507,624,460.91322393700096
36,87,280,463.7423853822292
388,638,618,465.31709618280735
384,627,621,465.97210216921786
88,133,402,468.0309818804734
287,418,617,468.11643850648954
375,580,634,472.05508153180597
341,490,634,472.2456987628368
193,255,546,474.220412888353
221,301,576,474.30897103048767
354,511,638,474.65882484159084
216,295,574,475.5849030404561
169,205,508,477.38558838741665
168,201,508,480.1676790455601
359,516,645,481.4156208516712
350,492,647,485.0
347,485,647,485.68508315574195
367,528,650,486.0658391617333
410,722,614,486.92504556656354
340,468,650,490.7341439109368
356,499,654,491.3949531690369
176,197,521,492.31087739354285
407,702,628,492.8001623376356
52,71,336,495.79128673263307
55,72,341,496.6135318333563
53,70,339,497.7760540644759
170,185,518,498.5147941636236
172,185,519,499.225399994832
412,710,632,499.29950931279717
411,704,635,500.06499577554916
96,111,428,500.32089702509927
166,168,503,500.3448810570565
69,71,353,501.9422277513618
167,166,504,502.4937810560445
68,70,353,502.8687701577818
71,71,357,503.4620144559071
362,490,666,504.1031640448213
175,183,524,504.19143189863905
70,68,357,506.23413555389567
242,299,615,509.48012718849003
183,190,538,509.5017173670762
66,62,352,509.9215625956604
244,299,616,510.36555526406755
182,180,536,514.8980481609927
408,675,660,515.1087263869639
253,299,623,516.575260731677
232,283,616,517.9893821305607
173,167,528,518.3213289070786
73,59,368,518.7918657804881
409,675,665,519.9249945905659
406,661,669,520.2403290787826
75,57,372,522.2116429188457
78,59,386,526.1302120198003
76,56,382,527.184977024194
200,203,574,528.1940931135069
414,724,658,528.5640926131854
293,353,661,529.6206189339687
285,346,660,531.1459309831904
393,568,695,531.9633446018626
229,265,622,532.1700855929428
296,350,666,535.3503525729669
294,347,665,535.4642845232537
84,53,397,536.2629951805364
77,46,388,538.772679337028
85,47,398,542.1042335197171
128,96,482,542.8848865091015
302,350,675,543.7986759822057
312,361,679,543.9209501388966
138,105,496,544.0450349006045
83,44,398,544.8118941432905
316,364,681,544.8605326136221
404,587,710,548.3766953472767
306,350,680,548.4997721056956
392,541,713,549.0227681981869
87,41,402,549.2440259119802
413,688,693,550.4043967847641
304,347,681,550.4634411112149
320,361,687,551.5015865797668
282,316,671,552.6744068617616
309,345,685,554.9071994487006
401,557,719,555.3971551961713
402,559,719,555.476372134765
328,368,694,555.989208528367
317,351,689,556.6417160077027
329,368,695,556.9425464085142
405,599,719,558.5642308633807
318,349,691,559.1940629155499
385,505,725,561.8558534001403
275,285,672,566.6259789314288
364,424,721,568.1487481285161
108,47,455,569.0360269789603
380,485,731,569.2890302825094
368,424,723,570.1096385784053
116,50,465,571.6616131943791
415,705,711,572.5120086076797
115,47,465,574.2142457306331
389,484,747,585.3144454052027
386,472,748,587.496382967589
313,297,710,596.0176171892908
390,470,758,597.6554191170695
394,482,760,598.441308734616
370,382,748,603.9635750606158
305,277,713,607.0271822579282
396,467,771,610.9091585497798
395,465,771,611.1382822242442
331,303,729,611.157917399423
399,477,773,611.851289121793
400,477,774,612.846636606582
311,274,719,613.7336555868515
325,289,727,614.7991541959049
324,285,727,616.4170666034482
322,280,726,617.5597137119616
319,275,726,619.6490942460903
327,286,731,619.6684597427886
403,480,782,620.5320297937891
332,278,740,631.1418224139484
