353,286,732,11.313708498984761
347,283,727,13.92838827718412
343,278,726,14.0
341,275,726,14.317821063276353
349,289,727,17.029386365926403
331,273,719,21.587033144922902
345,292,721,23.600847442411894
356,302,729,26.40075756488817
325,277,713,27.018512172212592
335,294,712,32.2490309931942
332,297,710,35.510561809129406
292,285,672,68.3593446428504
300,316,671,78.77182237323191
339,349,691,86.2670273047588
338,351,689,89.05054744357274
324,347,681,90.78546139112804
323,350,679,94.36630754670864
319,350,673,98.35141076771599
342,361,687,98.47842403288143
354,368,694,101.07423014794622
351,368,692,102.0
329,360,678,102.80077820717118
350,368,690,102.95630140987001
336,363,680,104.04326023342406
396,382,748,104.30723848324239
303,346,660,104.9952379872535
312,351,664,105.38026380684383
309,353,659,110.39021695784459
250,266,624,116.61903789690601
267,299,622,119.85407794480753
260,299,616,125.76565508913791
248,283,614,126.09916732476864
259,299,615,126.75172582651489
395,424,724,146.87409574189726
392,424,722,147.10540438746634
409,438,754,160.61133210331082
240,301,576,165.60495161679194
232,295,574,166.86821147240718
246,344,580,173.07801709055948
247,345,580,173.46181135915768
211,199,574,183.8396040030548
422,461,763,184.43969204051496
305,418,617,186.3571839237758
428,463,771,187.57931655702342
430,467,771,191.52545522723605
421,470,757,192.75113488641253
416,471,747,193.12690128513947
206,255,546,195.35864454894235
337,443,631,197.75237040298657
328,442,626,199.7298175035465
281,403,582,201.4671189052943
434,477,772,201.55644370746373
435,477,773,201.71762441591463
340,450,631,203.62956563328422
427,482,759,204.88289338058462
420,483,746,205.08778608196053
410,484,730,206.24257562394823
438,480,782,206.32013958894075
296,429,599,206.59622455408038
215,295,534,206.70026608594387
283,413,583,207.06037766796427
218,307,533,209.02152999152983
369,470,651,211.62466774929618
192,204,536,217.00691233230336
207,300,524,217.1174797200815
190,198,537,218.1948670340345
191,190,540,218.5040045399626
216,314,524,218.97945109073592
202,298,521,219.91134577370036
209,308,522,220.0545386943882
189,184,538,222.80035906613796
198,272,516,224.0803427344755
388,490,666,224.54398232862977
196,268,514,226.2211307548435
188,180,536,226.3183598385248
374,485,647,226.93170778892932
418,505,726,227.43130831088317
344,470,618,227.4818674092509
414,505,722,227.71253808255707
417,506,724,228.56071403458645
199,297,512,228.79029699705362
183,197,524,230.68810112357335
194,269,509,231.17525819170183
193,266,509,231.3114783144148
377,492,647,233.33452380648689
266,415,550,234.241328548145
181,183,524,235.96821819897696
383,499,654,237.14341652257605
220,348,512,238.5036687348855
368,492,634,238.81373494839028
180,167,528,239.30106560565082
178,185,519,239.77072381756702
177,204,511,240.6595105122588
175,185,518,240.69275020241054
219,350,509,241.96074061715052
173,201,509,243.4953798329652
174,204,508,243.51591323771842
287,452,563,248.20354550247666
352,494,608,253.14027731674784
380,511,638,254.34818654749634
372,507,624,256.7041098229633
386,517,643,257.93410011086166
355,501,607,259.64976410541954
172,166,504,261.2278698760911
171,168,502,262.1907702418222
425,542,714,265.2772134956186
393,528,650,265.70660511172844
359,510,604,268.92378102354576
169,230,474,270.29613389761977
436,550,723,272.5307322119838
437,552,723,274.5268657162719
268,455,518,283.9242856819402
176,307,455,286.4716390849188
154,245,454,287.8975512226528
256,453,506,292.20027378495047
426,568,695,293.47061181658376
308,504,551,294.61330587738223
275,473,514,298.4979061903115
167,283,439,301.04152537482264
273,474,511,301.42494919963076
139,102,495,301.66372005927394
165,282,438,302.026488904533
166,284,438,302.05959676858475
274,475,511,302.0761493398643
205,390,457,304.35669862843497
384,554,608,305.9411708155671
153,279,433,307.001628660175
249,462,493,308.00162337234525
149,276,432,308.00649343804423
148,277,431,309.0016181187406
155,283,431,309.04045042680093
156,285,430,310.0790221862808
439,587,710,310.4528949776439
152,283,429,311.0401903291599
164,294,429,311.4113035841827
334,530,557,311.4369920224635
254,467,492,311.8092365533773
168,301,427,313.84391024839084
280,491,509,314.21330334662787
151,288,425,315.15869018638847
265,478,496,315.49326458737596
129,96,482,315.7340653144668
401,577,636,316.5706872090339
278,492,506,317.0993535155819
170,314,424,318.0440221101475
440,598,717,320.8254977398149
145,287,419,321.1261434389919
138,281,417,323.0139315880973
163,307,418,323.3032632065442
159,307,416,325.2952505032928
160,308,416,325.38592471094995
321,534,539,325.4796460610095
284,508,507,327.3973121453504
141,293,412,328.34280866192273
144,296,412,328.4935311387425
150,305,412,329.1094043019737
146,302,409,331.86895003901765
239,458,460,332.86633954186476
132,284,407,333.0540496676178
236,456,458,333.4786349978061
235,457,457,334.858178935501
143,304,405,336.0074403938103
161,321,406,336.7565886512096
137,300,403,337.71733742880303
135,296,402,338.47895060106765
157,321,404,338.74031351464504
136,299,401,339.6498196672567
158,327,400,343.5127362995439
102,190,407,344.431415524194
251,490,468,344.8593916366495
114,239,397,345.21008096520006
100,192,405,345.86268951709724
131,297,393,347.51978360950903
298,536,507,347.6391807607422
147,322,394,348.78646762740095
134,307,392,349.20624278497655
101,206,398,349.4967811010568
128,297,388,352.51241112902676
140,322,389,353.7470847936418
96,111,428,353.88274894377093
116,49,464,358.63212349146863
115,47,464,359.9124893637341
94,205,387,360.46913876225244
93,206,385,362.22782885913114
89,177,392,362.36031791574527
106,48,454,367.00953666083393
451,645,752,367.1961328772404
87,133,402,367.78934187928826
415,627,621,368.73025370858846
282,534,474,369.17746410093883
402,620,596,371.07950630558946
404,625,600,374.17776523999925
411,631,613,375.150636411562
441,649,679,375.981382517805
375,602,543,379.18992602652304
419,638,618,380.11051024669126
382,611,549,383.8880045013129
407,634,596,384.02083276822367
241,496,422,385.5489592775475
228,486,414,386.7040211841609
230,487,414,387.24281788046113
413,641,604,387.64029718283933
111,296,352,388.41730136542577
307,569,482,388.90230135600893
442,661,669,389.5253521916128
320,578,491,389.8730562631893
185,417,374,391.50606636423913
302,570,479,391.64397097363826
86,161,365,392.8282067265537
242,507,418,395.12656200260693
412,647,597,395.73981351387937
449,670,681,396.41518638921997
445,675,665,404.02227661355505
444,675,660,404.9802464318476
227,497,399,405.26781268687006
125,341,335,409.8707113224852
81,202,336,411.08636562162945
84,47,397,413.533553656774
82,43,397,415.7811924558397
80,59,386,416.2655402504512
403,656,561,418.24036151476344
104,316,321,420.7196216008947
88,283,319,421.02969016448236
217,485,372,422.2238742657738
77,56,380,422.9468051658506
78,45,387,422.9633553867285
362,623,491,425.4715031585547
245,539,403,426.2510997053263
73,143,334,427.8562842824679
452,705,711,427.9836445473121
75,57,372,429.26099287030496
76,197,318,429.7033860699727
210,485,363,430.09068811124007
97,316,311,430.6796953653608
99,318,310,431.8564576337837
74,59,367,432.53901558125364
311,600,448,434.6814925896892
67,128,331,435.63861169551996
310,600,446,436.02752206712825
72,68,357,436.7940017903176
66,128,329,437.51685681811165
443,702,628,438.5430423573039
447,704,635,438.7493589738907
71,71,353,438.8826722485179
70,70,353,439.35520936936666
387,652,508,440.1136216933077
291,589,426,441.94682938109196
122,362,306,442.0542953077144
121,359,305,442.477118052448
92,316,299,442.6341604530766
118,357,304,443.09931166726045
327,616,453,443.41064488800896
69,61,352,444.55933237308153
295,597,430,444.8156921692399
297,598,431,444.8381728224321
448,710,632,445.29540756670735
119,361,302,445.7947958422126
289,591,421,446.9116243733206
333,621,453,447.23371965897206
330,621,451,448.5197877463156
130,385,304,448.93763486702693
133,392,305,449.6898931486008
450,724,658,453.4754679141971
304,611,426,457.6953135001494
400,680,521,457.78269954204256
98,341,284,460.3314023613857
446,722,614,461.53223072717253
424,700,553,461.5766458563518
301,613,422,461.8971747045006
398,679,510,462.27805485443497
399,681,508,465.0086020709725
361,648,454,467.64944135538104
108,360,277,470.20527432175834
124,385,282,470.33286085494814
317,626,423,470.73665674132496
79,280,267,473.00422831091055
360,651,449,473.0856159301401
358,651,447,474.31845842218706
322,631,422,475.1136706094658
389,677,479,476.78296949450703
271,587,375,478.23216119370306
326,638,421,481.0
43,124,283,482.24993519958093
346,648,430,482.7007354458868
65,239,258,483.57522682618884
112,376,266,484.0247927534291
57,227,257,485.68508315574195
45,155,270,485.828158920415
44,154,270,486.08229755875703
306,629,401,487.9774584957793
56,207,257,488.19053657358006
55,208,255,490.02550954006466
54,208,253,492.00508127457385
61,245,248,493.10546539254665
60,243,248,493.24334764900783
109,376,256,493.8218302181466
91,354,250,495.858850883999
405,712,497,497.3982307970144
406,714,497,499.14426772226886
39,87,278,499.9249943741561
49,206,242,503.17790094558006
53,227,236,506.5737853462218
48,206,238,507.1370623411387
214,534,294,514.2489669411111
243,585,326,515.4076056869941
212,534,291,516.852977160817
408,726,482,516.9796901233161
42,206,228,517.0377162258088
261,600,332,519.7576358265457
52,241,220,521.3146842359229
253,596,325,522.8278875500043
50,240,217,524.3786799632495
264,605,330,524.4320737712368
277,614,336,525.4636048291071
51,243,215,526.1653732430518
40,215,217,526.780789323225
263,606,327,527.4021236210564
41,219,215,528.304836245136
46,228,213,529.3666026488637
269,611,328,529.7480533234643
195,515,265,530.8427262381957
378,700,416,532.0338335106143
270,615,326,533.8211310916795
376,700,413,533.8660880782745
197,520,263,534.8766212875638
397,720,433,538.1570402772782
370,699,396,543.6699366343518
433,763,491,545.1843724832912
432,763,488,546.5610670364291
120,421,212,547.0219374028796
31,123,214,548.362106641223
204,543,258,550.0445436507847
29,121,208,554.6827922335432
162,470,219,555.2521949528881
85,351,188,556.8060703692086
83,350,187,557.6674636376055
113,421,192,566.35059812805
123,435,195,567.1631158670317
225,579,257,569.1133454769797
107,414,187,569.4778309995921
126,443,194,570.3867109251407
26,129,183,576.584772605035
279,644,294,576.9506044714747
142,470,189,583.4937874562162
127,451,182,584.2028757204127
299,673,309,584.6246659182283
27,160,166,586.0034129593445
63,316,153,588.2286970218302
110,427,170,589.152781543124
367,722,350,590.9619277076993
68,322,150,591.6384030808007
28,177,157,591.6840373036947
373,725,352,591.9062425756296
117,438,170,592.0304046246274
24,138,161,595.6853196109503
381,737,360,595.8867342037411
23,135,161,596.3975184388346
366,724,344,596.4327288135687
90,405,157,596.6724394506588
363,719,338,596.7285815175942
22,133,161,596.8802224902413
64,321,144,597.5491611574733
17,100,167,600.0108332355342
16,107,162,602.7644647787392
15,107,160,604.6825613493414
35,220,138,604.7875660097519
19,131,153,605.1264330699825
179,520,185,605.4659362837847
18,130,152,606.3398387043359
390,753,363,606.4272421321457
423,790,415,606.439609524312
391,754,364,606.5904714055439
14,110,157,606.7231658672677
213,573,209,607.442178318233
34,215,135,608.2713210402081
32,206,136,608.276253029822
58,320,133,608.4513127605198
394,756,363,608.7799273957709
62,325,132,609.8139060401952
11,114,150,612.3691697007615
203,567,200,612.4712238138213
59,323,129,612.6548783777046
364,730,326,612.9437168288782
103,428,145,613.616329639295
8,109,150,613.7271380670729
105,430,145,614.1082966383046
429,800,415,614.9056838247635
33,217,128,615.0325194654345
371,735,327,615.9691550719078
208,573,199,616.2028886657381
365,732,323,616.4454558190854
431,803,416,616.9286830744701
30,206,127,617.2139013340513
257,640,240,617.2876152977638
47,292,119,621.1577899374684
385,756,330,629.7491564107092
182,535,162,632.5606690270903
95,424,122,635.0118109137813
231,613,199,636.3222454071522
233,616,198,638.7550391190664
288,683,243,641.119333665738
294,692,245,645.3069037287606
290,687,238,647.5222003916159
285,682,233,648.2784895397965
12,161,101,649.6229675742692
5,149,102,650.9109002006343
38,277,89,651.0007680487021
9,158,99,652.1357220701838
37,274,87,653.0122510336234
258,653,204,654.1567090537252
293,693,234,654.4165340209552
13,167,94,655.4670090858883
10,164,93,656.9665136062872
187,546,139,658.0463509510557
7,157,93,658.2172893505609
3,143,95,658.9764790946639
4,146,94,659.3481629609655
223,603,165,660.4922406811453
229,617,172,661.4718436940457
222,602,160,664.3613474608528
316,717,241,664.621696907346
186,547,131,665.7642225292675
184,546,130,666.2762189962958
6,162,83,667.1618993917443
20,188,78,668.089814321398
2,146,84,669.1487129181374
25,201,72,672.4232298188397
224,614,156,673.7596010447643
221,604,150,674.0741798941716
36,262,66,674.1898842314382
226,617,155,676.1257279530191
234,628,159,678.2779666184064
238,631,159,679.8308613177251
21,198,64,680.7172687687598
201,586,129,684.2404548110262
200,583,121,690.0623160266035
1,139,62,692.1018711143613
0,136,62,692.7106177907193
314,725,210,693.3318108957644
262,669,166,694.5192581923125
348,749,224,698.6393919612607
379,780,245,705.002836873725
244,658,144,706.8352000289742
252,666,139,715.3635439411208
255,667,138,716.7461196267476
272,687,132,732.7653103142916
276,689,132,733.8835057418854
313,737,165,735.7350066430168
315,738,164,737.1404208154645
237,642,97,738.8809105667841
318,741,164,739.0162379812774
286,714,112,764.5129168300559
