97,316,311,10.0
99,318,310,11.180339887498949
92,316,299,22.0
125,341,335,28.653097563788805
88,283,319,33.06055050963308
111,296,352,36.89173349139343
118,357,304,44.384682042344295
98,341,284,44.654227123532216
121,359,305,45.880278987817846
122,362,306,48.38388161361178
119,361,302,48.84669896727925
108,360,277,62.22539674441618
79,280,267,64.89992295835181
140,322,389,68.26419266350405
128,297,388,69.6419413859206
130,385,304,71.06335201775947
134,307,392,71.56814934033156
147,322,394,73.24616030891995
131,297,393,74.46475676452586
133,392,305,77.6659513557904
124,385,282,79.25906888173743
158,327,400,79.76214641043707
91,354,250,80.52949770115296
112,376,266,81.39410298049853
136,299,401,81.78630692236935
157,321,404,83.15046602394962
135,296,402,83.43260753446461
137,300,403,83.54639429682169
143,304,405,84.8528137423857
161,321,406,85.14693182963201
109,376,256,88.45903006477066
146,302,409,89.10667763978185
150,305,412,91.6624241442479
132,284,407,91.76055797563569
144,296,412,93.17188417113823
141,293,412,93.86160024205851
160,308,416,95.33624704172071
159,307,416,95.42536350467836
163,307,418,97.41663102366043
65,239,258,99.48869282486326
61,245,248,101.83319694480774
138,281,417,102.18121158021175
145,287,419,102.20078277586722
170,314,424,103.01941564578979
60,243,248,103.23759005323593
168,301,427,107.05606008068857
151,288,425,107.70329614269008
114,239,397,108.18964830333815
57,227,257,109.62207806824317
164,294,429,110.21796586763884
152,283,429,112.92918134831227
156,285,430,113.3225485064645
185,417,374,114.06138698087096
155,283,431,114.84337159801605
81,202,336,114.9826073804208
148,277,431,116.70903992407786
153,279,433,117.95338062132852
149,276,432,117.98728745080972
76,197,318,119.03780911962383
166,284,438,121.29715577869086
165,282,438,121.8400590938793
167,283,439,122.5275479229059
53,227,236,123.0690862889621
52,241,220,125.80143083447024
56,207,257,126.40015822774906
55,208,255,126.57013865837392
93,206,385,127.26350615946427
54,208,253,127.62444906835053
51,243,215,128.70508925446578
50,240,217,128.80993750483694
94,205,387,129.1394595001853
101,206,398,134.27211177307072
176,307,455,134.30189872075525
49,206,242,135.4289481610191
85,351,188,137.5281789307195
48,206,238,137.80058055030102
83,350,187,138.24615727028365
46,228,213,139.31259813814398
41,219,215,143.68368035375485
42,206,228,144.04513181638595
40,215,217,144.97241116847025
100,192,405,149.77316181479245
154,245,454,150.7647173578752
120,421,212,151.34728276384746
102,190,407,152.55163060419906
205,390,457,154.82893786369524
89,177,392,156.0833110873805
86,161,365,161.1241757155021
107,414,187,166.01204775557707
113,421,192,166.33099530754933
63,316,153,168.0
45,155,270,168.88457596832222
44,154,270,169.83815825661793
68,322,150,171.10523077919038
123,435,195,173.31185764395926
73,143,334,173.4877517290486
210,485,363,174.14074767268
169,230,474,175.5135322418189
217,485,372,176.52761823578768
64,321,144,177.0706073858674
126,443,194,179.60512242138307
162,470,219,184.71599822430107
90,405,157,186.59314028120113
110,427,170,187.40864441108366
58,320,133,188.04254837669055
66,128,329,188.17013578142522
67,128,331,188.26576959181932
62,325,132,189.21416437465774
219,350,509,191.049731745428
199,297,512,191.94269978303421
59,323,129,192.12756179163884
220,348,512,193.6620768245554
127,451,182,193.7679023987203
228,486,414,193.77564346429094
194,269,509,193.78596440403004
117,438,170,194.12624758130983
193,266,509,194.53534383242547
230,487,414,194.65353837010002
43,124,283,195.72429588581997
236,456,458,195.88006534611938
235,457,457,195.90048494069634
227,497,399,197.0913493789111
239,458,460,198.70832896484234
196,268,514,198.8793604173143
198,272,516,199.90247622278218
87,133,402,200.124960961895
202,298,521,200.80836635957178
209,308,522,201.1591409804685
142,470,189,202.82997806044352
216,314,524,203.0098519776811
47,292,119,203.42074623793906
207,300,524,203.62956563328422
241,496,422,206.40009689920205
35,220,138,206.65188119153427
195,515,265,206.72929158684795
103,428,145,208.61447696648477
105,430,145,209.69501663129716
34,215,135,211.65301793265317
197,520,263,212.08488866489287
218,307,533,212.19095173922943
215,295,534,214.03270778084362
242,507,418,214.21951358361358
28,177,157,214.98139454380697
32,206,136,215.23243250030885
33,217,128,216.91011963483862
174,204,508,217.97476918212345
214,534,294,219.66565503054863
27,160,166,219.91134577370036
212,534,291,220.0545386943882
173,201,509,220.38375620721234
177,204,511,220.55384830013736
31,123,214,220.6762334280699
30,206,127,223.0156945149825
29,121,208,225.37524265100637
249,462,493,225.61028345356956
95,424,122,226.41775548750587
251,490,468,227.7827912727386
254,467,492,228.12715752404404
256,453,506,230.20425712831639
96,111,428,231.2444593930847
26,129,183,232.4069706355642
39,87,278,233.00214591286493
206,255,546,233.1222855069845
171,168,502,233.80547470065795
38,277,89,235.25518060183074
183,197,524,235.30830839560255
204,543,258,235.58013498595335
175,185,518,236.57979626333267
172,166,504,236.61994844053194
178,185,519,237.41314201197878
245,539,403,237.59840066801797
37,274,87,237.73935307390738
265,478,496,238.47222060441337
24,138,161,239.3407612589214
268,455,518,241.1016383187804
23,135,161,241.58021442162848
192,204,536,242.4231837098094
181,183,524,242.68910152703603
22,133,161,243.08229059312404
179,520,185,245.17748673155128
190,198,537,246.13004692641653
71,71,353,247.08095839218367
273,474,511,247.1113109511582
274,475,511,247.7518920210298
70,70,353,248.07257002740147
275,473,514,248.79308672067236
266,415,550,249.48346638605133
19,131,153,249.897979183506
72,68,357,250.59928172283335
18,130,152,251.3105648396024
191,190,540,252.65985039178662
232,295,574,253.87004549572208
189,184,538,253.99409441953566
188,180,536,254.40322325002094
180,167,528,255.04901489713697
278,492,506,255.34486483969087
240,301,576,255.44079548889601
280,491,509,256.8443108188305
69,61,352,256.87740266516244
246,344,580,260.5091169229975
247,345,580,260.6184951226601
36,262,66,260.6549443229497
74,59,367,261.0842775810141
16,107,162,262.60616900598507
14,110,157,263.30970358116315
15,107,160,263.8219096284461
75,57,372,263.97348351681086
11,114,150,264.66015944981217
80,59,386,265.09243670840556
17,100,167,265.2772134956186
282,534,474,266.33249895572266
77,56,380,266.6102023554237
284,508,507,267.3200329193456
8,109,150,268.49581002317336
243,585,326,269.04646438858845
12,161,101,269.1189328159578
182,535,162,270.6325922722539
225,579,257,270.675081970986
13,167,94,271.53268679847736
9,158,99,272.48486196484384
129,96,482,272.6187814513153
10,164,93,274.0218969352632
25,201,72,274.2735860413831
20,188,78,274.6506872374435
281,403,582,275.118156434649
5,149,102,275.40878707840824
139,102,495,275.81152985326776
271,587,375,276.3277040037788
287,452,563,277.5968299530814
7,157,93,277.96582523756405
203,567,200,278.6431409527247
211,199,574,278.7436097922247
78,45,387,278.92113580723856
283,413,583,279.3796699833401
84,47,397,279.5299626158169
253,596,325,280.0285699709942
213,573,209,280.34443101299513
21,198,64,282.7949787390151
82,43,397,283.3813684771813
6,162,83,283.4783942384322
4,146,94,283.600070521853
261,600,332,284.2129483327598
208,573,199,284.48725806264156
3,143,95,284.6137733842127
298,536,507,288.0902636327719
264,605,330,289.1401044476535
263,606,327,290.06206232459976
2,146,84,291.6659047609096
291,589,426,292.4961538208665
289,591,421,292.61749776799064
187,546,139,293.2984827782101
259,299,615,294.49108645254444
248,283,614,294.8525055006316
269,611,328,295.0830391601659
260,299,616,295.4894245146516
308,504,551,297.05891671518634
277,614,336,298.37727795527593
184,546,130,298.96655331324274
270,615,326,299.04180309782777
186,547,131,299.1003176193566
302,570,479,299.1320778519081
106,48,454,299.18723234790616
307,569,482,299.88331063932185
296,429,599,300.08832033253145
295,597,430,301.40006635699336
267,299,622,301.4796842243271
297,598,431,302.6945655276949
116,49,464,302.8828156234685
115,47,464,304.64733709651887
250,266,624,307.0977043222564
321,534,539,308.2985565973347
310,600,446,310.291798151353
311,600,448,311.1028768751585
320,578,491,312.3203483604615
305,418,617,313.0814590485997
304,611,426,313.12936623702353
1,139,62,313.70368184004474
301,613,422,313.70368184004474
0,136,62,315.40608744918035
334,530,557,318.57809089766357
231,613,199,321.0809866684728
306,629,401,323.0619135707581
233,616,198,324.2360251421794
317,626,423,326.34950589820113
223,603,165,326.6573127912492
327,616,453,327.7560068099439
222,602,160,328.2026812809426
279,644,294,329.1094043019737
328,442,626,330.00151514803684
322,631,422,330.7960096494515
201,586,129,331.30650461468457
330,621,451,331.54939300200806
333,621,453,332.3386826717588
200,583,121,333.600059952033
257,640,240,333.9715556750305
344,470,618,334.55193916640206
221,604,150,334.94029318671113
337,443,631,335.00597009605667
229,617,172,335.86008991840635
326,638,421,337.1705799739948
352,494,608,337.71733742880303
340,450,631,337.7217789838257
309,353,659,340.01911710961195
303,346,660,340.3248448174185
355,501,607,340.618554984898
224,614,156,340.63029812393376
359,510,604,343.11076928595526
226,617,155,343.7397271192261
312,351,664,344.78108996869304
346,648,430,349.4352586674676
300,316,671,350.0
362,623,491,350.9259181080816
234,628,159,351.550849806966
292,285,672,352.36628669610263
319,350,673,353.63823322712153
238,631,159,354.2160357747797
258,653,204,356.7323926979438
299,673,309,357.201623736511
361,648,454,357.64926953651116
358,651,447,357.91200035762984
372,507,624,358.1759344232943
360,651,449,358.62096982747676
368,492,634,359.0891254271006
323,350,679,359.6109008358896
329,360,678,359.70126494078386
324,347,681,361.33225707096784
375,602,543,362.04972034238614
336,363,680,362.0635303368733
369,470,651,364.1647978594307
374,485,647,367.2015795173
342,361,687,368.7560169000636
338,351,689,369.66065519608657
377,492,647,370.47537030145475
339,349,691,371.46870662277865
380,511,638,372.1746901657876
350,368,690,372.6459445640057
382,611,549,372.83910739084223
384,554,608,372.8444715964017
351,368,692,374.626480644388
288,683,243,375.19728144004455
285,682,233,376.4306044943742
354,368,694,376.6072224480035
386,517,643,379.5853000314949
383,499,654,379.97105152892897
290,687,238,380.1710141502111
294,692,245,383.60396244043153
387,652,508,384.5321833084976
244,658,144,385.08830156212224
262,669,166,385.5308029198186
388,490,666,386.39487574241974
293,693,234,386.90825785966365
332,297,710,389.46373387004854
370,699,396,390.2742625385384
393,528,650,391.38855374167497
335,294,712,391.61843674679056
325,277,713,393.93527387122873
389,677,479,394.06217783491985
252,666,139,394.49207850095036
376,700,413,394.8670662387533
237,642,97,395.5401370278369
378,700,416,395.5767940615324
255,667,138,395.8408771210977
331,273,719,400.3161250811663
345,292,721,400.7193531637822
363,719,338,403.35840142483704
343,278,726,406.77880967425034
349,289,727,406.8967928111501
367,722,350,407.03439658092776
341,275,726,407.0700185471782
347,283,727,407.3389252207552
356,302,729,408.24012541640246
366,724,344,408.6477700905757
316,717,241,408.90218879335924
401,577,636,409.0794543850864
398,679,510,409.255421466839
402,620,596,409.92804246599184
399,681,508,410.11461812522606
373,725,352,410.173134176289
353,286,732,412.0934360069328
364,730,326,414.03019213579097
392,424,722,415.2890559598218
400,680,521,415.32637768386445
365,732,323,416.0048076645269
403,656,561,416.17304093369626
404,625,600,416.3195887776601
272,687,132,416.36762602296545
395,424,724,417.2205651690722
276,689,132,418.1506905411015
371,735,327,419.0429572251513
397,720,433,419.23740291152455
407,634,596,420.41527089295886
357,278,740,420.7196216008947
381,737,360,422.8025543915268
314,725,210,423.7947616476636
411,631,613,429.52182715200865
413,641,604,430.9454721887677
412,647,597,430.9721568732718
396,382,748,432.0705960835567
415,627,621,432.11225393409063
405,712,497,433.3497432790286
406,714,497,435.1781244502072
419,638,618,438.0559325017754
390,753,363,439.0136672132201
385,756,330,440.0920358288707
391,754,364,440.1056691295853
408,726,482,440.4781492877938
394,756,363,442.0
410,484,730,442.15947349344447
414,505,722,443.3080193274198
348,749,224,443.7319010393551
417,506,724,445.54348833755836
418,505,726,446.9295246456649
424,700,553,448.6423965699185
313,737,165,448.97327314663175
286,714,112,449.53865239821147
409,438,754,449.8588667571197
315,738,164,450.2588144611941
426,568,695,450.97671780259344
318,741,164,453.0717382490327
416,471,747,453.322181235377
425,542,714,453.3486517019765
420,483,746,456.63333211669953
421,470,757,462.3980968818968
436,550,723,465.14513863954335
422,461,763,465.1763106608074
437,552,723,466.1544808322666
427,482,759,468.4015371452148
379,780,245,470.1829431189524
428,463,771,473.4015209101044
439,587,710,474.09070862019644
430,467,771,474.65882484159084
432,763,488,477.1771159642927
433,763,491,478.2352977353303
434,477,772,478.87576677046417
435,477,773,479.8176737053357
423,790,415,483.23079372076444
440,598,717,486.1481255749116
441,649,679,488.9304654038241
438,480,782,489.3025648818939
442,661,669,490.0295909432409
429,800,415,493.0436086189537
443,702,628,493.19874290188534
444,675,660,493.76310109201154
431,803,416,496.1794030388605
445,675,665,497.20921149954575
447,704,635,499.13925912514634
446,722,614,500.6845314167395
448,710,632,501.9531850680898
449,670,681,504.89206767387424
450,724,658,529.1814433632381
451,645,752,542.2195127436858
452,705,711,550.8366363995772
