239,668,143,1.0
224,658,144,10.198039027185569
258,687,134,20.615528128088304
261,689,134,22.47220505424423
247,669,168,26.019223662515376
220,643,99,49.73932046178355
269,714,114,53.85164807134504
213,617,171,58.66856057549052
297,737,165,72.73238618387272
298,738,164,73.37574531137656
219,618,198,75.07329751649384
299,741,166,76.84399781375251
215,614,201,79.98124780221924
190,585,131,83.72574275573791
189,585,123,85.14693182963201
295,723,211,88.23831367382311
276,695,234,95.88013350011565
274,688,240,100.0199980003999
241,640,240,101.92153844992725
271,683,243,102.1077861869505
198,574,200,110.45361017187261
196,571,200,113.01769772916099
201,573,210,116.8289347721702
180,547,131,121.49897118905987
179,546,130,122.58874336577564
181,545,140,123.01625908797584
177,536,164,133.82077566656082
212,579,257,145.41664278891878
264,645,292,151.75308893067054
353,781,246,153.57408635573907
174,521,187,153.73353570382747
281,673,309,167.0748335327616
192,543,260,171.89822570346675
187,520,263,191.1674658512792
255,615,327,192.4421991144354
339,733,324,193.25889371514057
338,730,326,194.164878389476
254,611,328,194.5379140424817
248,606,327,195.1127878945919
236,597,324,195.35864454894235
185,515,265,196.31097778779463
342,735,327,196.7587355112855
252,606,331,198.90952717253137
202,535,292,200.47194317410106
245,600,332,201.8018830437417
262,614,337,202.33882474700698
223,585,327,202.76587484091104
337,720,338,202.78066969018522
203,535,296,203.48218595248088
139,470,190,203.73512215619573
360,758,331,209.33466029303412
155,470,218,212.08488866489287
346,731,346,213.50644018389704
345,727,350,216.20592036297248
349,731,353,220.20445045457188
126,451,184,221.0271476538572
355,738,361,229.91520175925731
125,443,196,231.38928237928394
118,438,170,231.69807940507405
369,756,363,237.87601812709073
106,430,147,238.05251521460553
365,754,364,238.0756182392477
366,755,364,238.4386713601634
122,435,197,239.40342520523802
103,428,147,240.05207768315609
97,425,127,243.46252278328177
111,426,172,243.85241438214223
257,588,375,246.35137507227356
113,422,191,250.83261350948763
119,421,214,257.2800031094527
107,414,187,257.9554225055174
344,700,398,257.9922479455536
284,628,400,261.0823624835657
91,405,157,263.4274093559742
351,701,414,273.99452549275503
352,701,417,276.9729228643118
308,638,422,281.60255680657446
303,632,423,283.2966642938106
283,611,423,286.7228627089232
199,486,364,287.0679362102288
272,591,421,289.4304752440558
323,649,431,289.62389404191083
286,611,426,289.66359798911566
226,539,404,292.0359566902678
206,486,372,293.2984827782101
273,589,426,294.7829710142701
371,720,433,295.6095397648729
279,598,431,297.3566881709574
278,597,432,298.564900817226
208,486,380,299.61308382645774
333,651,449,307.4703237712544
310,621,451,312.553995335206
290,599,447,312.70753108935514
109,376,256,313.4645115479582
335,648,455,313.6383267395743
292,599,449,314.65854509293086
307,616,453,315.3173005085512
315,622,454,315.37279527568637
123,385,282,315.7356489216889
112,376,266,317.23808094237364
81,350,187,321.1681802420657
82,350,188,321.30981933330327
235,524,431,322.88852565552713
129,384,307,328.45243186799513
246,527,439,328.7704366271396
214,487,417,329.2202909906982
92,354,251,332.3808057033378
243,521,443,334.9776111921512
233,515,441,335.87199942835366
67,331,135,337.0726924566866
363,677,479,337.12015662075146
231,512,441,337.24916604789405
105,358,277,338.11980125393427
225,509,441,338.64730915806786
64,328,133,340.1190967881692
178,417,372,340.4423592915547
121,363,303,344.88548824211205
379,726,482,344.91158287306035
57,323,131,345.1753177734468
65,322,150,346.09247319177575
61,321,144,347.00576364089403
56,321,135,347.0705980056507
211,459,421,348.6000573723418
120,360,306,348.9412558010302
117,357,303,350.202798389733
336,624,490,350.77058029430003
289,571,480,351.64328516267733
60,316,153,352.17183305880667
288,569,482,354.1200361459374
104,344,292,357.03781312348417
398,765,489,360.30265055922087
300,578,491,360.41781310029614
397,763,492,362.6637561157718
372,681,508,366.23080154459973
361,652,508,366.3495598468763
237,493,468,370.0013513488836
373,680,512,370.1945434497921
43,293,118,375.76721517450136
217,457,457,379.1384971220939
218,456,458,380.52595180880894
124,340,336,381.0774199555781
374,680,523,381.1889295349486
222,458,461,381.9175303648682
95,319,300,383.09920386239384
280,536,507,388.13528569301707
98,317,311,389.56642565806413
99,316,313,391.33745029066665
102,315,321,395.790348543266
268,509,507,398.12812008196556
250,478,496,401.7661011085928
234,467,492,403.6099602338872
263,492,507,405.2172256950585
348,602,543,406.39512792355174
230,462,493,406.98525771826183
79,280,269,408.2560471076944
266,491,510,408.35401308178666
391,700,553,412.2438598693739
358,612,551,412.8159396147392
35,260,65,415.20236030157633
259,475,511,416.4252634026903
256,474,511,416.8896736547932
301,534,539,419.00477324250136
377,656,561,419.1718024867608
194,392,458,419.5616760382197
260,473,514,420.01071414905596
240,455,507,422.6038333948238
89,283,320,424.1568106255044
110,296,349,425.7146931925183
145,322,394,428.04205400871535
156,327,401,428.20789343495295
46,243,216,431.39425123661533
251,455,518,432.1400236034612
47,241,221,434.24647379109484
45,240,217,434.5215759890411
59,245,248,436.07912126126837
132,309,390,436.3312961500699
58,244,248,437.04919631547205
159,321,408,437.2241987813575
314,530,557,437.34311472801306
133,307,392,439.11388044560834
291,505,552,441.2131004401388
62,239,258,444.4063455892591
127,297,388,445.14828989899536
42,227,214,446.83889714303075
34,220,138,448.0178567869812
143,305,406,448.8485267882696
130,295,394,450.14775352099673
48,227,237,451.1163929630578
136,300,403,451.159616987159
32,217,128,451.21724257833944
148,305,412,452.4035808876848
157,308,416,452.411317276657
134,297,402,453.03531871146646
144,302,409,453.0397333567995
33,215,135,453.0540806570447
154,307,416,453.2074580145389
158,307,418,454.41940979672074
135,296,403,454.4282121523707
38,219,215,454.89559241654564
54,228,258,455.03406465890004
378,634,596,455.27134765983243
382,647,597,455.4843575799283
376,622,596,456.3244459811462
37,215,215,458.8442001376938
141,296,412,459.6563934070753
140,294,412,461.27648975424705
30,206,136,462.03895939628296
29,206,127,462.24344235478344
383,641,604,462.78828852943116
164,301,429,465.8948379194601
131,284,407,466.5629646682214
39,207,230,469.32398191441274
387,639,611,469.895733115337
142,287,419,471.05201411309133
161,294,430,472.0381340527479
381,631,613,472.451055666087
49,209,254,472.46693005966034
44,206,242,472.69863549623244
23,200,75,472.7716150531882
270,452,563,473.17755652608884
50,208,257,474.157146946031
152,289,427,474.20037958652034
20,199,67,474.9589455942482
410,722,614,475.0789408087881
137,281,418,475.3367227555641
51,207,258,475.37038191288275
388,638,618,476.94444120882673
171,307,455,477.7970280359642
357,554,608,479.7415971124455
149,283,429,480.2020408119899
249,414,550,480.6037869180808
384,627,621,480.7514950574777
151,283,431,481.4000415454905
19,190,79,482.1337988567074
162,284,438,484.8422423840563
209,350,509,485.6058072140406
150,279,433,485.8003705227076
163,283,439,486.24479431660757
160,282,438,486.42779525845356
407,702,628,487.1878487811452
147,276,432,487.61050029711214
146,275,431,487.8216887347261
334,511,604,487.9477431037057
210,348,512,489.18299234540035
27,177,159,491.29420920666263
412,710,632,491.7967059670083
330,502,606,492.8001623376356
411,704,635,494.3126540965748
326,494,608,497.4253712869901
114,239,397,499.065126010624
375,580,634,499.8079631218374
74,198,317,501.52268144122854
12,167,94,503.29414858509926
80,203,337,504.23208941914834
9,164,93,506.3763422593911
343,507,624,508.17811837976654
26,160,166,508.5666131393212
11,161,101,508.65508942701047
5,162,84,509.31326312987375
267,412,583,509.9186209582858
8,158,99,511.8095348857815
6,157,93,513.3439392843749
265,403,582,513.638978271704
321,470,618,515.5385533594941
277,429,599,515.7227937564909
408,675,660,518.0472951381948
414,724,658,519.029864266017
205,315,524,520.1278688937942
354,511,638,520.2547452931112
4,149,102,520.5391435809606
93,206,385,522.0086206184722
409,675,665,523.0468430265114
341,490,634,523.2093271339876
197,308,522,523.4500931320961
188,297,512,523.9666019890963
3,146,94,524.2022510443846
359,516,645,525.4645563689334
153,245,455,526.2109843019243
367,528,650,526.9383265620371
94,202,388,526.9459175285449
2,143,96,527.011385076262
406,661,669,527.0464875131984
100,207,399,527.7973095801077
41,155,270,528.7277182066399
191,298,521,529.6612124745402
40,154,270,529.6980271815254
24,138,162,530.3772242470448
195,300,524,530.4224731287316
207,307,533,532.1672669377552
21,135,161,533.3385416412356
22,134,162,534.3744005844592
350,492,647,534.7906132310103
1,138,62,536.0037313302959
287,418,617,536.7727638395972
18,131,153,537.1126511263722
347,485,647,537.1349923436379
0,136,63,537.8336173948222
17,129,152,539.0927563972641
356,499,654,539.1706594391056
25,129,184,540.6338872101896
204,296,535,541.1404623570482
184,269,509,542.1162237011544
227,344,580,544.8118941432905
228,344,581,545.6161654496685
340,468,650,545.9523788756671
101,191,408,546.1547399776001
186,268,514,546.2453661130683
165,230,475,550.2117774093899
90,177,392,550.9818508807708
31,122,216,550.9918329703263
28,121,209,551.0880147490054
413,688,693,551.3628569281758
362,490,666,553.4076255347409
86,161,365,553.8754372600396
10,114,150,554.0577587219585
13,110,157,558.2015764936534
72,143,334,559.0071555892644
7,109,150,559.0572421496747
16,109,162,559.3576673292322
393,568,695,561.9688603472616
14,106,162,562.355759284103
221,301,576,568.3704777695618
15,100,167,568.5499098584046
415,705,711,570.2017186926045
216,295,574,570.747755142322
63,128,330,571.7901713041244
404,587,710,573.7464596840664
193,255,546,577.741291583006
405,599,719,581.1110048863297
392,541,713,584.9529895641188
402,559,719,587.205245208181
401,557,719,587.5797818169036
169,205,508,590.1906471641176
168,201,508,593.3338014979427
88,133,402,594.8319090297695
36,87,280,597.1641315417395
242,299,615,599.9083263299485
244,299,616,600.6970950487441
176,197,521,604.5510731112798
385,505,725,605.3577454695694
253,299,623,606.2359276717275
293,353,661,607.1128395940906
285,346,660,609.924585502175
232,283,616,610.6562044227504
170,185,518,612.0988482263302
172,185,519,612.713636211893
296,350,666,612.9437168288782
294,347,665,613.6529964075788
166,168,503,616.7017107159668
380,485,731,616.7738645565325
175,183,524,617.3726589346179
312,361,679,618.561233832189
316,364,681,618.8190365526904
167,166,504,618.9087170172998
302,350,675,620.6552988575864
183,190,538,620.7253821135398
306,350,680,624.9543983363906
320,361,687,625.518984524051
96,111,428,626.1349694754318
229,265,622,626.7447646370889
182,180,536,627.2001275510074
304,347,681,627.3452000294575
52,71,336,627.7300375161284
328,368,694,628.2547254100044
364,424,721,628.3128201779747
55,72,341,628.3446506496256
329,368,695,629.1335311362764
53,70,339,629.6133734284874
368,424,723,630.1563298103099
309,345,685,631.805349771589
317,351,689,632.2167349888803
389,484,747,632.3614472752114
173,167,528,632.4531603209838
69,71,353,633.1903347335617
68,70,353,634.1332667507675
71,71,357,634.5344750287411
200,203,574,634.7038679573333
318,349,691,634.9503917630101
282,316,671,635.4093168973839
386,472,748,636.9081566442685
70,68,357,637.3578272838579
66,62,352,641.3548159950153
394,482,760,645.3836068571931
390,470,758,647.0394114735207
73,59,368,649.5821734007177
75,57,372,652.8560331344116
275,285,672,653.9028979902139
78,59,386,656.0617349000016
76,56,382,657.3766043905122
399,477,773,659.2738429514703
400,477,774,660.2310201739994
396,467,771,660.3347635858648
395,465,771,660.9462913126905
138,105,496,665.0451112518608
128,96,482,665.4201680141654
84,53,397,665.7702306351644
403,480,782,667.0412281111265
77,46,388,668.8796603276257
370,382,748,670.0985002221688
85,47,398,671.697104355825
83,44,398,674.4716450674557
313,297,710,678.4283307763613
87,41,402,678.7702114854482
331,303,729,691.2264462533244
305,277,713,692.0419062455684
108,47,455,695.4207359577366
325,289,727,697.04088832722
116,50,465,697.3184351499679
311,274,719,698.6880562883554
324,285,727,699.2238554282884
115,47,465,699.978571100573
322,280,726,701.1419257183242
327,286,731,702.0292016718392
319,275,726,703.9211603581754
332,278,740,713.935571322791
