207,300,524,3.605551275463989
199,297,512,9.055385138137417
209,308,522,10.04987562112089
215,295,534,13.341664064126334
218,307,533,15.0
216,314,524,16.278820596099706
198,272,516,26.476404589747453
196,268,514,30.805843601498726
194,269,509,31.38470965295043
193,266,509,34.17601498127012
206,255,546,49.73932046178355
220,348,512,50.80354318352215
232,295,574,53.08483775994799
219,350,509,53.36665625650534
240,301,576,55.08175741568164
176,307,455,66.61080993352356
246,344,580,74.81310045707235
247,345,580,75.43208866258443
169,230,474,82.66196223173026
167,283,439,83.3606621854697
166,284,438,84.17244204607586
165,282,438,84.52810183601665
154,245,454,85.42833253669417
153,279,433,90.02777349240623
155,283,431,91.2414379544733
149,276,432,91.67878707749138
156,285,430,91.92388155425118
164,294,429,92.0869154657707
148,277,431,92.41753080449618
152,283,429,93.2148056909416
259,299,615,94.00531899844816
168,301,427,94.04786015641186
248,283,614,94.2019108086455
177,204,511,94.53041838477179
174,204,508,94.89467845985885
260,299,616,95.00526301210897
192,204,536,95.1892851112981
151,288,425,96.51942809610924
173,201,509,97.73944955850733
170,314,424,98.3107318658548
267,299,622,101.00495037373169
183,197,524,101.04454463255303
190,198,537,101.27191120937731
145,287,419,102.59142264341595
163,307,418,103.39245620450265
138,281,417,105.38026380684383
159,307,416,105.38500842150178
160,308,416,105.47511554864494
250,266,624,107.8563859954523
144,296,412,109.01834707974616
141,293,412,109.1146186356347
150,305,412,109.22453936730518
191,190,540,109.65856099730654
146,302,409,112.0714058089752
205,390,457,112.0714058089752
211,199,574,112.29425630903836
178,185,519,113.01769772916099
175,185,518,113.03981599418853
132,284,407,114.85643212288983
181,183,524,115.03912377969506
189,184,538,115.26057435220423
143,304,405,116.15506876585283
161,321,406,117.27744881263405
137,300,403,118.01694793545543
188,180,536,118.94956914591998
135,296,402,119.01680553602503
157,321,404,119.23925528113634
136,299,401,120.00416659433121
266,415,550,120.5404496424333
281,403,582,121.43310915891102
158,327,400,124.42668524074729
131,297,393,128.00390619039717
147,322,394,129.24782396620841
134,307,392,129.31357237351384
283,413,583,130.64838307457157
180,167,528,131.18688958886096
171,168,502,131.38112497615478
128,297,388,133.00375934536586
172,166,504,133.09019498069722
140,322,389,134.16407864998737
114,239,397,137.32079230764728
303,346,660,147.05441169852742
309,353,659,148.5563866011825
300,316,671,151.07613974417006
292,285,672,151.5585695366646
296,429,599,152.46311029229332
312,351,664,152.50573759698355
101,206,398,153.60013020827813
305,418,617,153.67498169838836
256,453,506,155.72411502397438
268,455,518,157.0286598045083
102,190,407,157.0350279396288
100,192,405,157.13688300332294
287,452,563,159.62455951387932
319,350,673,160.64868502418562
94,205,387,163.11039206623224
93,206,385,164.19500601419034
323,350,679,166.33700730745397
249,462,493,166.37307474468338
324,347,681,167.3349933516597
329,360,678,168.7986966774329
111,296,352,169.01183390520322
236,456,458,170.09703113223347
239,458,460,171.2337583538947
235,457,457,171.39719951037708
254,467,492,171.47011401407536
336,363,680,171.77310616042314
275,473,514,175.13994404475525
338,351,689,176.16185739256952
273,474,511,176.28386199536246
89,177,392,176.86718180600946
274,475,511,177.28226081590904
339,349,691,177.48521065147935
342,361,687,177.55280904564702
328,442,626,178.21616088334974
265,478,496,181.72781845386248
337,443,631,182.00274723201295
350,368,690,182.92348127017482
351,368,692,184.77283350103176
354,368,694,186.62529303392935
340,450,631,187.62729012593024
332,297,710,189.0026454841307
185,417,374,189.12958520548815
125,341,335,190.90573590125572
335,294,712,191.04188022525324
325,277,713,193.14502323383846
280,491,509,193.3726971420733
278,492,506,194.57903278616635
344,470,618,197.46645284705957
139,102,495,197.71696942852427
251,490,468,199.1808223700264
331,273,719,199.5720421301541
345,292,721,200.08997975910736
104,316,321,200.80836635957178
88,283,319,202.5561650505854
87,133,402,203.43549346168678
129,96,482,205.73040611440985
343,278,726,205.9732992404598
349,289,727,206.196508214858
341,275,726,206.2862089428181
347,283,727,206.54539452623968
86,161,365,207.6174366473105
356,302,729,208.0384579831335
308,504,551,208.1730049742281
81,202,336,208.42504647954382
96,111,428,208.84922791334424
284,508,507,210.4661492972207
97,316,311,210.77001684300356
353,286,732,211.3409567499873
99,318,310,211.94574777522666
352,494,608,214.44113411377026
369,470,651,215.60148422494683
228,486,414,216.31689716709604
230,487,414,217.18655575334307
357,278,740,219.91134577370036
355,501,607,220.4654167891191
241,496,422,221.37072977247917
92,316,299,222.72853431924702
122,362,306,224.32342722060932
121,359,305,224.44821228960592
368,492,634,224.51057881534223
118,357,304,224.8777445635739
374,485,647,225.48835890129672
76,197,318,226.73773395709856
359,510,604,227.6686188300882
119,361,302,227.8815481779953
377,492,647,231.32660893204655
242,507,418,233.00214591286493
372,507,624,233.00214591286493
227,497,399,233.42022191746798
130,385,304,233.79050451205242
334,530,557,234.77648945326703
133,392,305,235.5674001214939
321,534,539,236.6854452643846
392,424,722,237.22773868163057
298,536,507,238.41140912296962
395,424,724,238.92467432226417
217,485,372,239.10248848558643
388,490,666,240.6013300046365
282,534,474,240.63457773146402
98,341,284,240.8692591427972
383,499,654,241.0186714758838
396,382,748,242.0433845408711
73,143,334,242.88680491125902
380,511,638,243.01851781294363
210,485,363,244.8121728999602
386,517,643,250.68905041904003
108,360,277,251.75384803414624
124,385,282,254.34228905158497
79,280,267,254.6369965264278
67,128,331,254.95097567963924
116,49,464,255.44079548889601
66,128,329,256.44492586128507
115,47,464,257.390753524675
106,48,454,258.8223328849348
393,528,650,263.7062759966095
112,376,266,266.6627083039546
245,539,403,268.337474088134
65,239,258,269.5366394388711
384,554,608,270.37936311782374
409,438,754,271.82531155137116
57,227,257,273.3806869550225
307,569,482,273.7918917718346
80,59,386,274.4922585429323
302,570,479,275.2235455043772
109,376,256,276.24083695210595
91,354,250,276.72549575346324
61,245,248,278.09710534272017
60,243,248,278.48518811599297
56,207,257,279.24362123421906
410,484,730,279.78027092702587
84,47,397,279.95892555873263
77,56,380,280.0803456153252
55,208,255,280.8131051072937
320,578,491,281.60255680657446
71,71,353,282.4057364856458
72,68,357,282.48185782453356
54,208,253,282.7083302628347
70,70,353,283.21016930894274
75,57,372,283.3407842157567
82,43,397,283.5507009337131
74,59,367,284.3184833949422
416,471,747,284.6137733842127
78,45,387,286.29530209208815
414,505,722,288.5307609250702
45,155,270,288.87713651308576
44,154,270,289.3734611190183
417,506,724,290.64239195272256
69,61,352,291.08418026406036
420,483,746,291.29023327259017
418,505,726,291.3314263858261
422,461,763,291.7755987055806
421,470,757,292.0273959751037
53,227,236,293.71074205755565
49,206,242,293.7771264070775
43,124,283,294.8219801846531
48,206,238,297.578561055732
428,463,771,299.5413160150032
427,482,759,300.83217912982644
430,467,771,301.7631521574495
401,577,636,301.77143668677456
375,602,543,304.7950130825634
291,589,426,306.1143577161973
52,241,220,306.3494736408078
42,206,228,307.1042168385188
434,477,772,308.2888256164988
435,477,773,309.1035425225664
50,240,217,309.4834405909305
289,591,421,309.594896598765
311,600,448,310.6976021793538
51,243,215,310.9035220128585
425,542,714,311.1028768751585
310,600,446,311.1735849971845
295,597,430,312.54119728445403
297,598,431,313.2091952673165
382,611,549,314.2499005568657
40,215,217,315.12695854210887
46,228,213,315.8543968349974
41,219,215,316.03322610130726
438,480,782,318.190194694934
426,568,695,321.21021154378013
39,87,278,321.822932681933
436,550,723,322.96749062405644
271,587,375,323.7854227725516
437,552,723,324.530430006186
327,616,453,325.1891757116156
362,623,491,326.3816784073518
304,611,426,327.099373279742
214,534,294,327.4522866006588
212,534,291,329.53907203850656
333,621,453,330.0802932621092
301,613,422,330.19085390119454
330,621,451,330.49810892045963
402,620,596,330.6191162047349
120,421,212,332.58081724597406
195,515,265,335.5964838909967
404,625,600,336.4074909986399
85,351,188,337.19134033957636
83,350,187,338.02366781040644
197,520,263,340.364510488388
317,626,423,342.3273287366932
415,627,621,343.8618908806267
407,634,596,344.26879033685293
439,587,710,345.3143495425581
411,631,613,345.4750352775147
243,585,326,346.97838549396704
322,631,422,347.40466318113806
162,470,219,347.5456804507862
113,421,192,351.2406582387637
306,629,401,352.08095659947304
413,641,604,352.8994190984168
31,123,214,353.3751547576598
419,638,618,353.5661182862408
107,414,187,353.57036074874827
123,435,195,353.61702447704636
387,652,508,354.2386201418473
326,638,421,354.400902933387
261,600,332,356.2653505464712
361,648,454,356.35515991774275
253,596,325,356.6791275081849
412,647,597,357.179226719584
126,443,194,357.7065836687941
440,598,717,358.35178247080063
204,543,258,359.43566879206634
29,121,208,359.58031091815917
403,656,561,360.227705764007
360,651,449,360.26795583287725
358,651,447,360.672982076562
264,605,330,361.56603822815
346,648,430,361.6365578865057
263,606,327,364.0054944640259
277,614,336,366.17072520888394
269,611,328,367.72000217556837
63,316,153,368.4399544023422
68,322,150,371.775469873955
127,451,182,371.9274122728789
270,615,326,372.1746901657876
142,470,189,373.9090798576574
110,427,170,373.9545426920229
64,321,144,377.7009398982216
117,438,170,377.8901956918173
26,129,183,377.89548819746443
90,405,157,379.40084343606827
27,160,166,380.87924595598537
398,679,510,381.15875957401266
389,677,479,381.3200755271088
400,680,521,382.0
399,681,508,383.22056312259656
28,177,157,383.5844105278524
441,649,679,384.92207003496173
225,579,257,385.56063077031087
58,320,133,388.6232108353797
62,325,132,389.9358921669048
35,220,138,390.86186818363336
442,661,669,392.0114794237536
59,323,129,392.7963849120814
24,138,161,393.9543120718442
34,215,135,394.82274503883383
23,135,161,395.1822364428847
32,206,136,395.8396139852604
22,133,161,396.01136347332255
103,428,145,397.8391634819277
105,430,145,398.4971769034255
33,217,128,401.2605138809449
444,675,660,401.8084120572888
47,292,119,402.0447736260229
179,520,185,402.715780669196
424,700,553,403.27162062312294
445,675,665,403.5653602577902
19,131,153,404.120031673759
30,206,127,404.5985664828782
449,670,681,404.9493795525559
18,130,152,405.4442008464297
17,100,167,405.6106507477337
16,107,162,406.6472672968552
15,107,160,408.4140056364375
14,110,157,409.6828041302197
279,644,294,413.81759266614074
11,114,150,414.1219627114698
405,712,497,414.6950686950594
378,700,416,415.4864618733082
213,573,209,415.8954195467894
376,700,413,416.25472970285875
8,109,150,416.36762602296545
406,714,497,416.69173257937337
451,645,752,416.8572897287512
443,702,628,417.92941987852447
95,424,122,418.4220357485968
203,567,200,418.810219550574
370,699,396,420.0309512405008
447,704,635,421.70131609944025
208,573,199,423.4489343474606
448,710,632,426.69075452838206
408,726,482,429.7731959999367
182,535,162,430.17438324474875
299,673,309,430.7772045965292
397,720,433,431.077719210817
38,277,89,432.5101154886438
446,722,614,434.0794858087629
37,274,87,434.66308791982783
12,161,101,441.77935669290844
257,640,240,442.6341604530766
9,158,99,444.6166888455718
5,149,102,444.7043962004423
13,167,94,446.64303420069143
450,724,658,447.4874299910557
10,164,93,448.4863431588525
452,705,711,449.16478045367717
231,613,199,450.45421520949276
7,157,93,450.6273404932284
4,146,94,453.2471731847867
233,616,198,453.26923566463233
3,143,95,453.322181235377
187,546,139,455.44264183319507
36,262,66,456.42195389792545
20,188,78,456.45262623847395
367,722,350,457.18377049059825
6,162,83,458.62838987572496
363,719,338,459.05337380309055
373,725,352,459.22761241022954
25,201,72,459.35824799387245
366,724,344,461.3079231923076
2,146,84,462.680235151665
186,547,131,462.71049264091687
184,546,130,463.0172782953137
433,763,491,465.966737010272
432,763,488,466.16949707161234
381,737,360,467.5917022360427
21,198,64,467.81299682672346
223,603,165,468.78673189415247
222,602,160,471.9502092382204
229,617,172,472.82343427541747
364,730,326,473.9715181316278
288,683,243,474.87787903839023
258,653,204,475.9348694937155
365,732,323,477.03249365216203
371,735,327,478.12655228506185
285,682,233,480.0
221,604,150,480.9126739856208
290,687,238,481.05093285430803
294,692,245,481.0530116317743
390,753,363,481.65236426285713
391,754,364,482.2706708892839
224,614,156,482.78463107269687
394,756,363,484.48735793620045
226,617,155,485.5069515465252
1,139,62,485.7591996040837
201,586,129,486.42368363392836
0,136,62,486.7494221876386
293,693,234,488.25608035128454
234,628,159,489.8407904615539
200,583,121,491.1466176204413
238,631,159,491.86685190201626
385,756,330,496.2307930791881
423,790,415,503.2891812864648
316,717,241,503.9454335540704
429,800,415,513.069196112961
262,669,166,513.4841769714038
431,803,416,515.8003489723519
244,658,144,521.2763182804298
314,725,210,528.2518338822877
252,666,139,530.4224731287316
255,667,138,531.8364410229897
348,749,224,540.0092591798774
237,642,97,545.9963369840498
272,687,132,550.129075763134
276,689,132,551.5451024168377
379,780,245,555.4277630799527
313,737,165,565.2052724453303
315,738,164,566.6118600947212
318,741,164,568.9446370254315
286,714,112,583.3840930296266
