263,492,507,3.1622776601683795
259,475,511,16.0312195418814
256,474,511,17.029386365926403
268,509,507,18.24828759089466
260,473,514,18.439088914585774
250,478,496,19.1049731745428
234,467,492,30.0
230,462,493,33.61547262794322
240,455,507,36.124783736376884
251,455,518,36.87817782917155
237,493,468,42.04759208325728
291,505,552,44.27188724235731
280,536,507,45.09988913511872
301,534,539,51.86520991955976
222,458,461,59.07622195096772
314,530,557,61.07372593840988
218,456,458,62.68173577685928
217,457,457,62.96824596572466
270,452,563,65.80273550544841
225,509,441,71.30918594402827
231,512,441,72.12489168102785
233,515,441,73.05477397131553
243,521,443,73.40980860893181
246,527,439,79.60527620704548
288,569,482,82.87339742040264
289,571,480,85.44003745317531
235,524,431,85.61541917201598
249,414,550,86.76981041814025
300,578,491,89.05054744357274
214,487,417,93.08598175880189
211,459,421,94.57801012920498
334,511,604,96.1041102138717
330,502,606,96.62815324738438
326,494,608,98.04590761474952
267,412,583,107.56393447619885
277,429,599,108.4665847162157
321,470,618,110.02272492535349
194,392,458,111.8257573191436
265,403,582,113.70136322841516
343,507,624,115.11733144926528
348,602,543,115.80155439371269
226,539,404,116.36150566231085
357,554,608,116.50321883965266
341,490,634,124.00403219250575
292,599,449,124.03628501370073
290,599,447,125.03199590504823
358,612,551,127.75758294520134
273,589,426,129.07362240210043
287,418,617,129.52991932368366
354,511,638,129.55307792561317
208,486,380,130.09611831257686
278,597,432,131.60547101089682
279,598,431,133.00375934536586
272,591,421,133.86933928274988
336,624,490,134.4953530795767
350,492,647,137.00364958642524
347,485,647,137.13132391981054
359,516,645,137.2953021774598
307,616,453,137.38267721950973
206,486,372,138.0905500025255
209,350,509,141.00354605470034
340,468,650,141.8767070381886
315,622,454,142.46754016266303
310,621,451,142.76203977248295
210,348,512,143.01398533010678
356,499,654,144.22205101855957
367,528,650,144.80676779764127
199,486,364,146.08559134972896
286,611,426,146.47866738880444
283,611,423,148.2194319244275
375,580,634,152.63354808167173
362,490,666,156.00320509528
178,417,372,156.58863304850706
376,622,596,156.70673246545599
361,652,508,161.01242188104618
227,344,580,162.8158468945821
228,344,581,163.24827717314508
303,632,423,165.6804152578089
257,588,375,166.23477373883
335,648,455,166.35504200354134
378,634,596,166.86821147240718
333,651,449,171.2337583538947
308,638,422,171.32717239247253
377,656,561,172.70205557549104
381,631,613,173.80736463107655
384,627,621,175.54771431152272
284,628,400,175.6957597667058
205,315,524,176.555940143627
323,649,431,176.64937022248338
383,641,604,177.0197729068705
382,647,597,178.61970775925036
387,639,611,179.17868176767013
388,638,618,182.40888136272312
197,308,522,183.3930205869351
207,307,533,185.43192821086663
363,677,479,188.56563843924482
373,680,512,189.01058171435798
374,680,523,189.44656238633627
372,681,508,190.01052602421794
195,300,524,191.51240168720145
171,307,455,192.04426573058618
191,298,521,193.31321734428818
188,297,512,194.0103090044444
204,296,535,196.596032513375
156,327,401,196.91876497682998
159,321,408,198.25236442474022
393,568,695,200.38463014912097
221,301,576,201.13676938839401
293,353,661,204.56050449683585
145,322,394,204.98048687619024
158,307,418,205.71825392998065
157,308,416,205.73040611440985
223,585,327,205.73040611440985
216,295,574,206.18438350175796
164,301,429,206.54539452623968
154,307,416,206.6204249342257
285,346,660,208.62646045025065
245,600,332,208.72230355187247
392,541,713,209.06697491473875
148,305,412,210.23796041628637
296,350,666,210.27838690650069
294,347,665,211.56795598577776
262,614,337,212.26869764522513
161,294,430,212.6240814207083
252,606,331,212.7580785775243
316,364,681,213.00234740490538
143,305,406,213.10091506138588
312,361,679,213.21585306913744
391,700,553,213.37759957408838
236,597,324,214.0840956259946
144,302,409,214.2941903085569
385,505,725,215.45533179756774
248,606,327,216.1342175593675
302,350,675,217.03916697223107
132,309,390,218.0
254,611,328,218.0
141,296,412,218.24069281414958
152,289,427,218.38727069131113
203,535,296,218.47654336335515
133,307,392,218.58636736997119
242,299,615,218.8355546980426
136,300,403,218.92921230388603
162,284,438,219.16432191394657
401,557,719,219.17344729688404
244,299,616,219.31712199461307
320,361,687,219.61101975993827
163,283,439,219.78398485785993
402,559,719,219.78398485785993
140,294,412,220.0295434708712
306,350,680,220.86421167767313
160,282,438,221.05429197371402
255,615,327,221.05429197371402
380,485,731,221.0814329607984
328,368,694,221.32555207205516
364,424,721,221.38202275704322
404,587,710,221.84679398179276
184,269,509,222.00225224082752
134,297,402,222.03603311174518
329,368,695,222.15760171553887
202,535,292,222.39604313026794
135,296,403,222.4275162833951
151,283,431,222.49719099350446
253,299,623,222.78464938141497
186,268,514,223.03587155433092
149,283,429,223.21514285549716
368,424,723,223.28905033610582
142,287,419,223.37636401374252
304,347,681,223.55536227073597
150,279,433,225.55043781824057
317,351,689,227.24656213021134
130,295,394,227.75425352778814
309,345,685,227.9056822459677
147,276,432,228.7116088002531
127,297,388,229.17242417009948
137,281,418,229.26840166058645
129,384,307,229.4733099948663
352,701,417,229.67150454507848
146,275,431,229.99347816840373
318,349,691,230.05434140654683
124,340,336,230.38446128157167
351,701,414,230.9025768587263
131,284,407,231.2098613813866
406,661,669,232.76812496559748
232,283,616,233.45235059857504
405,599,719,235.25518060183074
379,726,482,236.66220653074288
389,484,747,237.10335299189677
344,700,398,237.11811402758752
408,675,660,237.39418695494632
282,316,671,237.7940285204824
193,255,546,238.72997298202839
386,472,748,238.75719884434898
409,675,665,240.58470441821524
371,720,433,241.59884105682295
407,702,628,241.75400720567177
120,360,306,242.4396832203837
121,363,303,243.37830634631345
185,515,265,246.17270360460358
117,357,303,246.5866987491418
411,704,635,246.969633760914
187,520,263,248.69660230891776
390,470,758,248.8875247978492
394,482,760,250.1619475459847
412,710,632,250.68905041904003
123,385,282,251.4358765172544
153,245,455,252.07340200822458
229,265,622,252.23005372080465
110,296,349,252.87546342023774
410,722,614,253.33179824096302
192,543,260,255.3507391804457
102,315,321,258.2576233143951
370,382,748,261.7728022541685
275,285,672,262.0686932847951
396,467,771,262.1011255221923
395,465,771,262.29182221335077
104,344,292,262.9315500277591
165,230,475,263.3362869032675
399,477,773,263.3723599772763
99,316,313,263.50332066218823
98,317,311,264.3425807545958
400,477,774,264.3709515056448
264,645,292,266.9082239272518
212,579,257,267.86750456149025
105,358,277,268.28715958837836
413,688,693,268.88287412923864
112,376,266,269.74246977441277
281,673,309,271.15493725912495
95,319,300,271.4479692316743
403,480,782,272.2223356008834
397,763,492,272.5949375905576
398,765,489,274.8035662068453
414,724,658,276.0307953834137
114,239,397,276.1756687327832
313,297,710,278.6323742855449
109,376,256,278.8207309365643
89,283,320,281.71616922001476
345,727,350,285.12453419514776
169,205,508,286.0069929215018
337,720,338,286.40006983239374
349,731,353,286.7908645685912
355,738,361,288.4614358974177
331,303,729,288.62605564986677
168,201,508,290.0068964697219
346,731,346,290.6819567843866
155,470,218,292.7541630788536
92,354,251,293.00170647967224
415,705,711,293.59325605333646
176,197,521,294.20571034566956
305,277,713,294.96609974707263
200,203,574,295.0254226333724
325,289,727,296.46753616542907
324,285,727,299.2072860075436
365,754,364,300.8072472531205
311,274,719,301.2806001056158
327,286,731,301.4398779192959
338,730,326,301.62393804205925
366,755,364,301.6819517306264
322,280,726,301.95529470436514
183,190,538,302.29952034364857
369,756,363,303.0412513173743
119,421,214,304.16442921551493
100,207,399,304.92130132216084
342,735,327,305.0
339,733,324,305.2212312405544
319,275,726,305.47012947258855
170,185,518,306.10455730027934
172,185,519,306.13232433050905
175,183,524,308.3180176376334
241,640,240,308.3845002590111
201,573,210,311.004823113726
93,206,385,311.20732639190874
182,180,536,312.0849243395137
332,278,740,313.4788669113119
94,202,388,313.6957124348371
101,191,408,316.86590223626143
125,443,196,317.6476034853718
122,435,197,317.9701243827791
196,571,200,320.1562118716424
79,280,269,320.31546949843056
139,470,190,320.68832220709254
198,574,200,320.9189928938454
360,758,331,321.4498405661449
166,168,503,323.0758424890354
174,521,187,324.39019713918606
173,167,528,324.49961479175903
167,166,504,325.05537989702617
113,422,191,326.377082528783
126,451,184,328.4448203275552
271,683,243,328.8662342047295
107,414,187,332.05120087119093
215,614,201,332.58081724597406
274,688,240,334.22896343674347
90,177,392,335.4400095397089
80,203,337,335.96577206614364
219,618,198,336.857536653108
276,695,234,343.2083915058022
118,438,170,344.1060882925497
111,426,172,344.19325966671687
177,536,164,348.91402952589914
74,198,317,350.85324567402824
82,350,188,351.51813608973293
81,350,187,352.4343910573995
62,239,258,356.38181771801993
59,245,248,359.3883693165376
58,244,248,360.07360358682223
86,161,365,360.4511062543712
213,617,171,361.65867886724357
91,405,157,363.3249234500711
54,228,258,364.2430507230028
106,430,147,368.0896629898753
103,428,147,368.4263834200803
181,545,140,373.9197774924456
88,133,402,373.9358233708025
295,723,211,378.4507894033252
50,208,257,379.6024235960566
51,207,258,379.68407920269715
48,227,237,379.7696670351649
49,209,254,380.8674310045426
47,241,221,382.12694225872116
180,547,131,383.11486528194126
179,546,130,383.9596332949598
46,243,216,384.6296920415791
247,669,168,385.5489592775475
45,240,217,385.8108344772085
138,105,496,386.25380257027894
97,425,127,388.6450823051798
96,111,428,388.7467041660932
72,143,334,389.9743581314033
190,585,131,390.4830342025118
44,206,242,391.21477477211926
353,781,246,392.1683312048539
128,96,482,395.9911615175268
42,227,214,396.6257681996973
60,316,153,397.58521099256194
65,322,150,397.6946064507287
189,585,123,398.25243250983414
39,207,230,398.8182543465131
38,219,215,401.2592678057418
224,658,144,402.2996395722969
61,321,144,403.55420949359456
37,215,215,403.98143521701587
63,128,330,405.1777387764535
239,668,143,407.4530647816997
67,331,135,407.7070026379238
238,668,142,408.35401308178666
64,328,133,410.7286208678426
56,321,135,411.7341375208036
41,155,270,412.9116128180461
40,154,270,413.7257545766277
57,323,131,414.566038165212
297,737,165,423.72278673680034
258,687,134,424.01886750473733
261,689,134,424.9470555257443
298,738,164,425.1176307799995
299,741,166,425.2481628414166
220,643,99,438.20657229210974
43,293,118,439.16739405379354
116,50,465,443.28997281689107
115,47,465,446.27457915503095
71,71,357,447.0
108,47,455,447.3935627610214
69,71,353,448.38487931686547
68,70,353,449.32171102674306
78,59,386,449.44410108488466
70,68,357,449.8199639855928
55,72,341,451.79862770929265
84,53,397,452.3416850125577
76,56,382,453.4412861661364
53,70,339,454.4029049202921
269,714,114,454.47222137332
52,71,336,454.6163217483508
73,59,368,454.73948585976126
75,57,372,455.411901469428
66,62,352,457.1706464767833
85,47,398,457.90828776076984
34,220,138,460.2445002387318
83,44,398,460.8177513941927
77,46,388,461.42063239521485
87,41,402,462.7785647585679
36,87,280,464.88278092439606
33,215,135,465.6189429136233
32,217,128,470.1063709417263
30,206,136,470.2137811676727
27,177,159,470.9532885541835
31,122,216,471.80186519343056
28,121,209,476.9706489921576
26,160,166,477.38558838741665
29,206,127,477.4033933687527
25,129,184,487.15500613254505
24,138,162,495.6944623455057
21,135,161,498.53485334528017
22,134,162,498.5509001095074
35,260,65,501.3840843106211
18,131,153,507.0
17,129,152,509.12473913570534
16,109,162,516.7475205552514
14,106,162,518.9691705679635
13,110,157,519.3938775149356
15,100,167,520.124984979572
10,114,150,521.2763182804298
23,200,75,523.3602965453149
7,109,150,524.9038007101873
11,161,101,525.5292570352292
19,190,79,525.7014361783692
12,167,94,527.287397915027
8,158,99,528.9706986213887
9,164,93,529.9226358630098
20,199,67,530.5779867276817
4,149,102,532.379563845195
6,157,93,534.2705307239021
5,162,84,538.2536576745206
3,146,94,540.4451868598702
2,143,96,540.8326913195984
1,138,62,570.3621656456536
0,136,63,570.8187102749874
