99,318,310,2.23606797749979
104,316,321,10.0
92,316,299,12.0
88,283,319,33.95585369269929
125,341,335,34.655446902326915
98,341,284,36.796738985948195
118,357,304,41.593268686170845
121,359,305,43.41658669218482
111,296,352,45.617978911828175
119,361,302,45.89117562233506
122,362,306,46.2709412050371
108,360,277,55.60575509783138
79,280,267,56.85068161420758
130,385,304,69.35416353759881
91,354,250,71.8679344353238
124,385,282,74.84650960465692
112,376,266,75.0
133,392,305,76.23647421018367
140,322,389,78.23042886243178
128,297,388,79.30952023559341
109,376,256,81.39410298049853
134,307,392,81.49846624323675
147,322,394,83.21658488546619
131,297,393,84.17244204607586
158,327,400,89.67719888578144
136,299,401,91.59148432032315
157,321,404,93.13431161500041
135,296,402,93.17188417113823
137,300,403,93.38094023943002
65,239,258,93.47726996441435
143,304,405,94.76286192385707
61,245,248,94.92101980067429
161,321,406,95.13148795220224
60,243,248,96.42613753542138
146,302,409,98.99494936611666
132,284,407,101.19288512538814
150,305,412,101.59724405711013
144,296,412,102.96115772464877
141,293,412,103.58571330062848
57,227,257,104.10091258005379
160,308,416,105.30432089900205
159,307,416,105.38500842150178
163,307,418,107.37783756436893
138,281,417,111.6288493177279
145,287,419,111.8257573191436
170,314,424,113.01769772916099
114,239,397,115.43396380615195
53,227,236,116.3872845288522
81,202,336,116.70903992407786
168,301,427,116.96580696938743
151,288,425,117.38824472663352
52,241,220,117.92370414806346
185,417,374,119.03780911962383
76,197,318,119.20570456148481
164,294,429,120.03332870498926
51,243,215,120.60265337047937
50,240,217,120.88010589009261
56,207,257,121.64292005702592
55,208,255,121.6552506059644
152,283,429,122.5275479229059
54,208,253,122.58874336577564
156,285,430,122.97154142320898
155,283,431,124.45481107614924
148,277,431,126.17844506887855
149,276,432,127.4401820463232
153,279,433,127.4872542648872
85,351,188,127.88275880665071
83,350,187,128.57682528356344
49,206,242,129.84991336154215
166,284,438,130.96946208945045
165,282,438,131.47243057006287
46,228,213,131.71180660821565
48,206,238,132.01893803541975
167,283,439,132.1854757528224
93,206,385,132.5745073534124
94,205,387,134.52509059651288
41,219,215,136.4734406395618
42,206,228,137.80058055030102
40,215,217,137.97463535012514
101,206,398,140.24621207005913
176,307,455,144.2809758769326
120,421,212,144.31216164966833
100,192,405,155.60205654167942
63,316,153,158.0
107,414,187,158.05062480104277
102,190,407,158.40454538932903
113,421,192,158.70097668256489
154,245,454,159.65587994182988
89,177,392,160.87883639559305
68,322,150,161.11176245079065
205,390,457,163.682619724881
86,161,365,164.13713778423212
45,155,270,166.13849644197458
123,435,195,166.1836333698358
64,321,144,167.0748335327616
44,154,270,167.10774967068403
126,443,194,172.67889274604468
73,143,334,174.52220489095365
210,485,363,176.81911661356077
90,405,157,177.867928531256
58,320,133,178.04493814764857
62,325,132,179.22611416866684
162,470,219,179.38784797192923
110,427,170,179.44915714485816
217,485,372,179.6719232378838
59,323,129,182.13456563760764
169,230,474,184.29595763336752
117,438,170,186.45374761586316
127,451,182,186.72439583514523
66,128,329,188.85973631242842
67,128,331,189.06083676954358
47,292,119,193.49418595916518
43,124,283,194.03092537015846
142,470,189,196.468827043885
35,220,138,197.85095400325974
228,486,414,198.76870981117727
230,487,414,199.6246477767713
103,428,145,200.24984394500785
219,350,509,200.89798406156294
227,497,399,201.25854019146615
105,430,145,201.37527157027003
199,297,512,201.89601283829256
34,215,135,202.9211669589942
235,457,457,202.97044119772713
236,456,458,203.0
194,269,509,203.5018427434995
220,348,512,203.5313243704762
193,266,509,204.215572373901
195,515,265,204.2473990042468
87,133,402,204.37710243566914
239,458,460,205.8275977608445
32,206,136,206.70026608594387
28,177,157,207.45360927204905
33,217,128,208.06249061279644
196,268,514,208.5976989326584
197,520,263,209.57099035887578
198,272,516,209.6687864227768
202,298,521,210.77001684300356
209,308,522,211.15160430363773
241,496,422,211.4734025829253
27,160,166,212.9812198293549
216,314,524,213.00938946440834
207,300,524,213.60009363293827
30,206,127,214.37350582569667
31,123,214,216.00462958001617
95,424,122,217.68095920406083
214,534,294,218.66183937761065
212,534,291,218.91550881561588
242,507,418,218.92921230388603
29,121,208,220.53117693423758
218,307,533,222.1823575354263
215,295,534,223.98660674245681
38,277,89,225.39964507514205
26,129,183,226.61200321253946
174,204,508,226.61200321253946
37,274,87,227.90348834539589
173,201,509,228.97379762758882
177,204,511,229.22478051031044
39,87,278,231.36551169091732
24,138,161,232.7745690577044
204,543,258,233.10512649875378
249,462,493,233.32380932943812
251,490,468,234.3608329051593
23,135,161,235.07658326596462
254,467,492,235.71593073019056
96,111,428,236.03813251252433
22,133,161,236.61994844053194
256,453,506,238.3149177034455
179,520,185,239.774894432257
245,539,403,241.23225323326895
171,168,502,241.6298822579691
206,255,546,242.78797334299736
19,131,153,243.28789530101986
183,197,524,243.98770460824454
172,166,504,244.43608571567333
18,130,152,244.69777277286363
175,185,518,244.9693858423946
178,185,519,245.81497106563708
265,478,496,245.9044529893674
71,71,353,248.57393266390585
268,455,518,249.33912649241395
70,70,353,249.55961211702507
36,262,66,250.88044961694405
181,183,524,251.11352014576994
192,204,536,251.33443854752576
72,68,357,252.23005372080465
273,474,511,254.8803640926464
190,198,537,254.95097567963924
274,475,511,255.50146770615623
275,473,514,256.62813563598206
16,107,162,256.6748916431056
14,110,157,257.2003110418026
15,107,160,257.8410362994999
69,61,352,258.2750471880704
11,114,150,258.3118270617898
266,415,550,258.69286808878206
17,100,167,259.59969183340723
12,161,101,261.00766272276377
191,190,540,261.37520922994975
8,109,150,262.2403477728017
189,184,538,262.58903252040056
278,492,506,262.68041419184647
188,180,536,262.90872941003687
74,59,367,263.0304164920856
13,167,94,263.2299375071156
180,167,528,263.2299375071156
232,295,574,263.8370709358334
280,491,509,264.25177388240934
9,158,99,264.40121028467325
182,535,162,264.8811054039151
25,201,72,265.228203628498
240,301,576,265.42418879973997
10,164,93,265.75928958363806
20,188,78,265.84393918237066
75,57,372,266.08645211660064
5,149,102,267.5256997000475
80,59,386,267.7200029881966
225,579,257,268.48649872945197
77,56,380,269.0
243,585,326,269.41789101691074
7,157,93,269.82401672201087
246,344,580,270.4533231446787
247,345,580,270.55868125048215
282,534,474,272.2002939013843
21,198,64,273.73892671668017
284,508,507,274.37201023428025
203,567,200,274.4485379811669
6,162,83,275.13632984395207
4,146,94,275.6610237229776
213,573,209,276.5013562353718
3,143,95,276.739950133695
271,587,375,278.4546641735419
129,96,482,278.6413465370852
208,573,199,280.34443101299513
253,596,325,280.349781523011
78,45,387,281.4551474036316
139,102,495,282.2268591045154
84,47,397,282.412818405964
2,146,84,283.600070521853
281,403,582,284.6225570821821
261,600,332,284.77535005684746
82,43,397,286.2254356272342
287,452,563,286.35642126552705
187,546,139,287.20027855139693
211,199,574,287.8506557227202
283,413,583,288.7784618007375
264,605,330,289.62389404191083
263,606,327,290.4410439314664
184,546,130,292.6790050550261
186,547,131,292.8497908484826
298,536,507,294.64554977124635
269,611,328,295.4894245146516
289,591,421,296.1840643923977
291,589,426,296.23301639081353
277,614,336,299.0468190768797
270,615,326,299.3760177435728
106,48,454,303.7647115778921
259,299,615,304.4749579193665
302,570,479,304.53242848668845
248,283,614,304.7917321713304
308,504,551,304.86718419665965
295,597,430,305.15897496223175
307,569,482,305.3686296920494
260,299,616,305.4734030975528
1,139,62,305.4995908344232
297,598,431,306.4702269389312
0,136,62,307.2474572718219
116,49,464,307.73040148805575
296,429,599,309.3751767676263
115,47,464,309.46728421595714
267,299,622,311.46428366668306
310,600,446,314.45349417680194
311,600,448,315.3173005085512
321,534,539,315.4488865093678
304,611,426,316.62280397975127
250,266,624,316.9684526889072
301,613,422,317.0646621747684
231,613,199,317.4161306550126
320,578,491,317.8741889490243
233,616,198,320.5760440207596
223,603,165,322.001552791287
305,418,617,322.5523213371747
222,602,160,323.4145945995635
201,586,129,325.613267542955
306,629,401,325.68236059080635
334,530,557,326.0552100488505
200,583,121,327.70260908329675
279,644,294,328.4402533186211
317,626,423,329.61189298931555
221,604,150,329.946965435356
229,617,172,331.5448687583628
257,640,240,331.68810650971494
327,616,453,331.9096262538946
322,631,422,333.9850296046217
330,621,451,335.5964838909967
224,614,156,335.90028282214945
333,621,453,336.43572937486886
226,617,155,339.0235979987234
328,442,626,339.2653828494738
326,638,421,340.2704806473815
344,470,618,343.4603324985289
337,443,631,344.28040896920055
352,494,608,346.2556858738929
340,450,631,346.92362271831536
234,628,159,347.0561914157418
355,501,607,349.05730188609436
238,631,159,349.75562897543193
309,353,659,349.9614264458299
303,346,660,350.28702516650543
359,510,604,351.40432552830083
346,648,430,352.6825768307814
258,653,204,353.5788455210521
312,351,664,354.7308839106062
362,623,491,355.87778801155883
299,673,309,357.00560219694034
300,316,671,360.0
361,648,454,361.4872058593499
358,651,447,361.55359215474544
360,651,449,362.3106401970552
292,285,672,362.3285801589491
319,350,673,363.59317925395686
372,507,624,366.67424234598207
368,492,634,367.8382796827976
375,602,543,368.26620806150544
323,350,679,369.56731457205467
329,360,678,369.6281915655244
324,347,681,371.29637757457317
336,363,680,371.9811823197512
288,683,243,373.2465672983477
369,470,651,373.2505860678587
285,682,233,374.2191871083042
374,485,647,376.10769734213096
290,687,238,378.1137395017536
342,361,687,378.68324494226044
382,611,549,379.0369375140106
377,492,647,379.3046269161503
338,351,689,379.61691216277495
244,658,144,380.5955858913763
384,554,608,380.5955858913763
380,511,638,380.72824954289905
339,349,691,381.4302033137911
262,669,166,381.6202300717298
294,692,245,381.74860837991275
350,368,690,382.5506502412458
351,368,692,384.5321833084976
293,693,234,384.78305575999576
354,368,694,386.51390660621774
386,517,643,388.1043674065006
383,499,654,388.76471033261237
387,652,508,389.4932605321946
237,642,97,389.964100911866
252,666,139,389.9794866400026
255,667,138,391.3182847759609
370,699,396,392.3187479588504
388,490,666,395.3492127221199
376,700,413,397.3159951474393
378,700,416,398.0967219156671
389,677,479,398.1770962775232
332,297,710,399.45212479094414
393,528,650,399.831214389272
335,294,712,401.60303783711595
325,277,713,403.8873605350878
363,719,338,403.9034538104372
316,717,241,407.06387705125593
367,722,350,407.86885147066573
366,724,344,409.332383277942
331,273,719,410.25967386522404
345,292,721,410.70183832069705
373,725,352,411.0498753192853
272,687,132,411.92475040958635
276,689,132,413.726963104896
398,679,510,413.9685978428799
364,730,326,414.27165000757657
399,681,508,414.76981568093885
365,732,323,416.17304093369626
402,620,596,416.70253178976486
343,278,726,416.73612754355725
401,577,636,416.82850190456026
349,289,727,416.8752811093505
341,275,726,417.02038319487457
347,283,727,417.306841544684
356,302,729,418.2343840479881
371,735,327,419.30537797648145
400,680,521,420.23326855450176
314,725,210,421.28612604736935
397,720,433,422.0189569201839
403,656,561,422.0189569201839
353,286,732,422.0675301418009
404,625,600,423.08627961681765
381,737,360,423.8419516753857
392,424,722,424.95293857084926
395,424,724,426.8875730212816
407,634,596,427.0234185615585
357,278,740,430.6796953653608
411,631,613,436.381713640707
412,647,597,437.4437106645837
405,712,497,437.5065713792194
413,641,604,437.5774217210024
415,627,621,439.11388044560834
406,714,497,439.31765272977594
390,753,363,440.08294672709144
385,756,330,440.41003621625157
391,754,364,441.19496823966614
348,749,224,441.65371050179124
396,382,748,441.955880150949
394,756,363,443.0620724006965
408,726,482,444.2307958707951
419,638,618,444.8966172044917
286,714,112,444.97752752245816
313,737,165,445.5973518772301
315,738,164,446.8702272472401
318,741,164,449.7043473216598
410,484,730,451.42551988118703
414,505,722,452.37373929086556
424,700,553,453.894260814124
417,506,724,454.6086228834645
418,505,726,456.0109647804535
426,568,695,459.30382101611127
409,438,754,459.4921109224836
425,542,714,462.0443701637322
416,471,747,462.7321039219129
420,483,746,465.9549334431389
379,780,245,468.6704599182671
421,470,757,471.8389555770062
436,550,723,473.8143096192853
422,461,763,474.6883187945539
437,552,723,474.80522322316546
427,482,759,477.7656329205775
432,763,488,480.7681353833675
433,763,491,481.8806906278773
439,587,710,482.3297627142658
428,463,771,482.9171771639522
430,467,771,484.14977021578767
423,790,415,485.2751796661354
434,477,772,488.3052324110402
435,477,773,489.24942514018346
440,598,717,494.3278264471868
429,800,415,495.04747247107525
441,649,679,496.2993048554471
442,661,669,497.1810535408605
431,803,416,498.190726529509
438,480,782,498.73540078883514
443,702,628,499.484734501466
444,675,660,500.6815355093495
445,675,665,504.1795315163042
447,704,635,505.48986142157196
446,722,614,506.6014212376432
448,710,632,508.2096024279746
449,670,681,512.0703076726867
450,724,658,535.6052650973476
451,645,752,550.2017811676004
452,705,711,557.9614682036745
