23,200,75,60.8276253029822
20,199,67,61.032778078668514
43,293,118,62.433965115151864
19,190,79,71.386273190299
32,217,128,76.27581530209953
29,206,127,82.21921916437786
33,215,135,83.21658488546619
34,220,138,83.24061508662703
30,206,136,89.20201791439474
57,323,131,91.2414379544733
56,321,135,92.84934033152847
64,328,133,96.16652224137046
12,167,94,97.41663102366043
67,331,135,99.70456358662827
61,321,144,99.80981915623332
5,162,84,99.82484660644363
9,164,93,100.0
60,316,153,104.30723848324239
65,322,150,105.20931517693668
11,161,101,105.34229919647663
6,157,93,106.7379969832674
8,158,99,107.5174404457249
4,149,102,117.00427342623003
3,146,94,117.63077828527702
2,143,96,121.03718436910205
1,138,62,122.03687967167957
0,136,63,124.01612798341996
27,177,159,125.39936203984452
26,160,166,142.13022197970423
81,350,187,151.6047492659778
46,243,216,151.95394038984313
82,350,188,152.41062955056645
42,227,214,152.6106156202772
45,240,217,153.3101431738944
38,219,215,155.502411556863
24,138,162,155.8621185535472
18,131,153,156.1569723067145
37,215,215,156.60459763365824
47,241,221,157.15279189374905
17,129,152,157.25775020646836
21,135,161,157.610278852618
22,134,162,159.0125781188394
10,114,150,168.94081803992782
91,405,157,171.72361514946044
7,109,150,173.28012003689287
39,207,230,173.3032025093593
48,227,237,175.13708916160505
13,110,157,175.96590578859303
97,425,127,176.26400653565094
25,129,184,176.98022488402484
16,109,162,179.47144619688115
14,106,162,182.00274723201295
59,245,248,183.61372497719228
58,244,248,183.69812192834198
44,206,242,185.05404615949362
103,428,147,186.9438418349211
106,430,147,188.74321179846442
15,100,167,189.74720024284943
62,239,258,194.1391253714717
54,228,258,195.63486396856774
49,209,254,195.76005721290542
107,414,187,196.468827043885
111,426,172,197.4968354176846
50,208,257,198.9170681465017
28,121,209,200.14244927051334
51,207,258,200.1449474755733
31,122,216,204.56050449683585
79,280,269,204.9780476051033
113,422,191,205.23157651784484
118,438,170,206.66155907667007
92,354,251,208.4034548657963
122,435,197,219.2008211663451
119,421,214,219.36727194365162
109,376,256,223.46588106464932
126,451,184,225.0377746068424
125,443,196,225.055548698538
41,155,270,230.32585612562042
40,154,270,230.7834482799839
112,376,266,232.071109791805
105,358,277,233.5551326774901
104,344,292,242.0433845408711
95,319,300,242.29321080046796
139,470,190,244.38698819699874
123,385,282,250.42763425788297
98,317,311,252.5173261382276
99,316,313,254.24397731313127
89,283,320,256.03515383634334
117,357,303,257.00778198334774
121,363,303,259.33183375744676
74,198,317,259.5149321330085
155,470,218,259.8249410660955
120,360,306,260.9233603953467
102,315,321,261.8415551435639
129,384,307,271.9191056178289
36,87,280,275.9601420495358
80,203,337,277.90825824361536
124,340,336,282.56149773102493
110,296,349,286.27259736132623
174,521,187,288.1058833137567
177,536,164,293.218348675522
179,546,130,293.29336848964044
72,143,334,293.3428028774526
180,547,131,294.49108645254444
181,545,140,294.7032405658275
63,128,330,296.05573799539843
86,161,365,315.91296269700615
185,515,265,324.07560846197606
93,206,385,324.5242671973854
127,297,388,325.1122882943676
187,520,263,326.8088126106761
94,202,388,328.16611647152115
132,309,390,328.67308986286054
189,585,123,330.13482094441355
133,307,392,330.3604092502611
52,71,336,330.39673121869714
130,295,394,330.8564643467013
190,585,131,331.6338342208165
114,239,397,332.66349363884217
53,70,339,333.430652460148
55,72,341,333.94610343586885
145,322,394,334.79097956784915
90,177,392,337.36923392627256
100,207,399,338.178946713127
134,297,402,339.0250728191058
196,571,200,339.0368711512068
135,296,403,339.91175325369375
136,300,403,340.3586343843799
198,574,200,341.79087173299405
156,327,401,342.6149442158062
131,284,407,342.8410710518797
192,543,260,343.6771741038383
143,305,406,343.95639258487404
69,71,353,344.47786576208347
178,417,372,344.81589290518497
201,573,210,344.9550695380487
68,70,353,345.0275351330673
144,302,409,346.5544690232691
71,71,357,347.82898096622137
159,321,408,348.38197427536346
140,294,412,348.66172717979816
66,62,352,348.67319942892084
141,296,412,348.8624370722649
70,68,357,349.46816736292305
101,191,408,349.87140494758927
148,305,412,349.90570158258356
137,281,418,353.62409420173844
154,307,416,354.13274347340433
157,308,416,354.26684857604164
142,287,419,355.0281678965769
158,307,418,356.11514991642804
202,535,292,356.58659537341
203,535,296,359.14620978091915
88,133,402,360.1360853899537
152,289,427,363.1597444651596
73,59,368,363.60693062701654
149,283,429,364.72592449673766
164,301,429,366.3017881474236
146,275,431,366.30724808553816
161,294,430,366.5801413060997
151,283,431,366.7219655270188
147,276,432,367.3486082728503
75,57,372,368.0461927530293
150,279,433,368.4901626909462
212,579,257,372.3237838226293
213,617,171,372.40435013570936
160,282,438,373.6482302915404
162,284,438,373.77132046212427
163,283,439,374.70655185091175
199,486,364,374.80261471873433
76,56,382,376.9681684174408
78,59,386,378.73737602724134
215,614,201,379.2255265669757
206,486,372,381.21516234273787
219,618,198,381.90705675595996
220,643,99,384.50617680344226
77,46,388,387.45967532118743
208,486,380,387.6867292028449
153,245,455,390.2883549377306
84,53,397,391.24544725785626
96,111,428,392.3901120058965
171,307,455,392.82184256988563
85,47,398,395.29482668003635
83,44,398,396.91938728159903
87,41,402,401.90794966011805
224,658,144,405.7647101461634
211,459,421,407.8443330487749
165,230,475,411.0960958218893
194,392,458,414.5756866966513
238,668,142,415.20236030157633
239,668,143,415.38897433610344
223,585,327,417.4553868379231
241,640,240,418.35989291517893
214,487,417,418.8472275185787
247,669,168,421.7700795457165
236,597,324,425.0294107470682
245,600,332,432.30660415959414
258,687,134,432.53901558125364
248,606,327,434.00460827046527
261,689,134,434.5135210784585
252,606,331,436.4309796519949
254,611,328,438.60004559963284
217,457,457,438.7174489349609
226,539,404,439.04669455537413
218,456,458,439.16397848639633
255,615,327,441.2131004401388
222,458,461,442.74145954495833
184,269,509,444.091206848323
108,47,455,444.3748417721237
169,205,508,446.4011648730321
262,614,337,446.4302857109943
168,201,508,446.9116243733206
264,645,292,446.93847451299155
166,168,503,447.55781749400825
128,96,482,448.0903926664797
188,297,512,448.52870588179746
167,166,504,448.9509995534034
186,268,514,449.0712638323677
225,509,441,450.9733916762717
235,524,431,451.27818471537046
257,588,375,451.313638171948
116,50,465,451.7742799230607
231,512,441,452.6367196770496
209,350,509,453.0298003443041
115,47,465,453.1765660313869
233,515,441,454.31376822632177
210,348,512,455.57985030069096
269,714,114,456.6366170162003
191,298,521,457.58059399410723
138,105,496,458.02401683754533
271,683,243,458.9259199478713
170,185,518,459.1666364186318
243,521,443,459.35280558629444
197,308,522,459.51387356640276
246,527,439,459.52693065804095
172,185,519,460.15323534666146
176,197,521,460.3314023613857
195,300,524,460.7396227805896
205,315,524,462.28346282340664
274,688,240,462.3948529125297
175,183,524,465.41379438087137
237,493,468,465.50832430795475
276,695,234,466.67547610732663
207,307,533,470.35412191241613
204,296,535,471.37670710377705
173,167,528,472.2478162998745
230,462,493,473.2737051643584
234,467,492,474.5292404056888
182,180,536,477.74574828040073
183,190,538,478.15164958410423
281,673,309,479.69260990763655
193,255,546,481.02598682399685
250,478,496,482.99585919550077
240,455,507,483.1035085776132
295,723,211,485.4739951840881
272,591,421,486.10389835918824
297,737,165,487.36946970445325
298,738,164,488.14444583545145
273,589,426,488.42809092025
299,741,166,491.48957262591034
251,455,518,493.1875910847717
256,474,511,494.68373735145167
259,475,511,495.1171578525632
260,473,514,496.960763038693
284,628,400,497.6434466563385
279,598,431,498.19674828324605
278,597,432,498.25495481731036
263,492,507,499.1873395830467
283,611,423,501.3631418443123
266,491,510,501.3840843106211
286,611,426,503.509682131337
268,509,507,507.3115413628986
249,414,550,508.86245685843244
216,295,574,510.20192081175077
290,599,447,510.72986989209863
200,203,574,512.1816084163897
292,599,449,512.227488524386
221,301,576,512.6421754011271
303,632,423,516.2828682030811
289,571,480,518.6000385653668
288,569,482,519.0086704478067
308,638,422,519.9355729318778
280,536,507,521.09500093553
227,344,580,521.8055193268849
228,344,581,522.7925018590072
307,616,453,526.5738314804487
310,621,451,528.5044938314148
315,622,454,531.3802781436285
300,578,491,531.6013544000805
270,452,563,533.730268956146
323,649,431,534.1132838640133
337,720,338,534.9102728495686
265,403,582,536.4121549704108
338,730,326,537.6067335887824
339,733,324,539.2680224155703
267,412,583,539.8407172490789
342,735,327,542.4656671163623
291,505,552,545.1550238234992
345,727,350,547.0959696433524
301,534,539,547.4961187077038
333,651,449,548.0301086619238
346,731,346,548.4541913414465
335,648,455,550.1308935153525
242,299,615,551.380993506305
232,283,616,551.4798273735857
353,781,246,551.5451024168377
344,700,398,551.8052192576653
349,731,353,552.0733646898752
244,299,616,552.3784934263824
229,265,622,557.0224411996343
253,299,623,559.3612428475896
336,624,490,559.5721579921575
277,429,599,560.1044545439717
314,530,557,561.2165357506851
355,738,361,562.2277118748239
351,701,414,562.3895447107814
352,701,417,564.256147507495
360,758,331,564.5883456112073
287,418,617,574.1672230282742
365,754,364,577.440040177333
366,755,364,578.2957720751554
369,756,363,578.6363279297283
363,677,479,587.6095642516381
348,602,543,587.7482454248587
371,720,433,589.0874298438221
326,494,608,591.2740481367333
321,470,618,591.5310642730439
361,652,508,591.5344453199662
330,502,606,592.6592612960671
334,511,604,594.5771606780738
358,612,551,600.0833275470999
285,346,660,601.1830004249954
293,353,661,603.212234623934
294,347,665,606.2746902188809
275,285,672,607.5146088778442
296,350,666,607.7014069425873
282,316,671,608.5819583260746
343,507,624,611.1382822242442
372,681,508,611.1382822242442
373,680,512,613.3587857037674
341,490,634,613.7271380670729
302,350,675,616.6036003787198
357,554,608,617.4827932825335
340,468,650,620.8776046854967
374,680,523,621.420952334245
306,350,680,621.5504806530198
304,347,681,622.1133337262593
312,361,679,622.251556848193
347,485,647,623.978365009557
316,364,681,624.7175361713485
379,726,482,625.3359097317217
354,511,638,625.5637457525812
309,345,685,625.7994886543133
350,492,647,626.5365113064042
320,361,687,630.1468082915283
317,351,689,630.600507453015
318,349,691,632.2950260756445
359,516,645,633.9842269331313
377,656,561,634.6904757438857
356,499,654,635.6429815548977
328,368,694,638.2045126759916
329,368,695,639.1901125643293
376,622,596,642.6546506483867
367,528,650,643.4663938388702
362,490,666,643.5067987208838
313,297,710,646.0603686963007
305,277,713,648.2229554713409
378,634,596,649.4897997659393
375,580,634,652.8100795790457
311,274,719,654.1498299319506
391,700,553,657.0722943481942
382,647,597,657.8700479578015
398,765,489,659.3944191453246
397,763,492,659.8014852969035
383,641,604,660.0621182888774
319,275,726,661.1701747659221
322,280,726,661.3025026415672
381,631,613,661.774130651841
324,285,727,662.4718861959351
325,289,727,662.6348919276738
387,639,611,664.6480271542224
331,303,729,665.3908625762756
384,627,621,666.2019213421709
327,286,731,666.507314288448
388,638,618,669.8455045754954
332,278,740,675.239957348497
364,424,721,676.1893226012963
368,424,723,678.1297810891364
370,382,748,693.8104928581002
393,568,695,701.2588680366189
380,485,731,702.9800850664263
385,505,725,704.0063920164362
392,541,713,706.3037590159067
386,472,748,715.1454397533414
407,702,628,715.7744058011574
410,722,614,717.5270029761946
389,484,747,717.8439941937245
401,557,719,718.2791936287728
402,559,719,719.1084758226675
411,704,635,722.5205879419631
404,587,710,723.1555849193173
412,710,632,723.8708448335242
390,470,758,724.1194652818
406,661,669,724.9944827376274
408,675,660,725.4309064273455
409,675,665,729.5375247374188
394,482,760,729.5950931852543
395,465,771,735.1605266878793
396,467,771,735.7207350618847
405,599,719,736.6389889219821
399,477,773,740.5086089978968
400,477,774,741.464766526367
403,480,782,749.9926666308145
414,724,658,752.9575021208036
413,688,693,759.9789470768253
415,705,711,784.4367405979912
