157,321,404,2.0
158,327,400,8.48528137423857
147,322,394,12.041594578792296
160,308,416,16.401219466856727
140,322,389,17.029386365926403
143,304,405,17.029386365926403
150,305,412,17.08800749063506
159,307,416,17.204650534085253
163,307,418,18.439088914585774
146,302,409,19.235384061671343
170,314,424,19.313207915827967
134,307,392,19.79898987322333
137,300,403,21.213203435596427
136,299,401,22.561028345356956
135,296,402,25.317977802344327
144,296,412,25.709920264364882
131,297,393,27.294688127912362
141,293,412,28.635642126552707
168,301,427,29.0
128,297,388,30.0
164,294,429,35.4682957019364
145,287,419,36.40054944640259
132,284,407,37.013511046643494
151,288,425,38.07886552931954
138,281,417,41.48493702538308
156,285,430,43.266615305567875
152,283,429,44.41846462902562
155,283,431,45.48626166217664
166,284,438,48.91829923454004
153,279,433,49.92995093127971
167,283,439,50.32891812864648
165,282,438,50.44799302251776
148,277,431,50.60632371551998
176,307,455,50.96076922496363
149,276,432,51.97114584074513
111,296,352,59.50630218724736
125,341,335,73.76313442364011
114,239,397,82.49242389456137
104,316,321,85.14693182963201
205,390,457,85.80209787645055
154,245,454,89.88882021697692
88,283,319,94.93682109698007
97,316,311,95.13148795220224
99,318,310,96.04686356149273
185,417,374,101.19288512538814
219,350,509,107.00467279516349
92,316,299,107.11675872616759
121,359,305,107.91200118615167
122,362,306,108.07867504739313
118,357,304,108.16653826391968
199,297,512,108.6830253535482
220,348,512,109.38464243210744
119,361,302,111.42710621747295
169,230,474,113.6001760562016
101,206,398,115.27792503337315
194,269,509,115.3819743287486
209,308,522,116.72617529928752
193,266,509,116.76472069936193
93,206,385,116.90166808048549
202,298,521,117.27744881263405
94,205,387,117.5457357797381
216,314,524,118.20744477400736
207,300,524,119.85407794480753
196,268,514,120.30378215168466
130,385,304,120.41594578792295
198,272,516,120.42009799032718
133,392,305,123.45849504995596
98,341,284,123.62847568420473
218,307,533,127.76932339180638
100,192,405,129.00387591076478
215,295,534,130.61393493804556
102,190,407,131.00381673829202
108,360,277,134.7664646712972
81,202,336,138.06158046321215
124,385,282,139.54210834009928
236,456,458,144.66858677681205
89,177,392,144.6789549312546
79,280,267,144.9206679531943
235,457,457,145.24806367039804
239,458,460,147.2582765076381
112,376,266,150.41608956491322
76,197,318,152.0526224699857
206,255,546,154.77725931156684
174,204,508,155.21919984331836
177,204,511,157.20687007888682
173,201,509,158.14234094637652
91,354,250,159.45218719101973
109,376,256,159.76545308670458
86,161,365,165.1696097955069
228,486,414,165.19382555047267
256,453,506,165.60193235587562
249,462,493,165.6804152578089
230,487,414,166.19265928433782
217,485,372,167.4873129523547
65,239,258,169.19810873647495
254,467,492,169.44615663980107
210,485,363,169.54350474140847
232,295,574,170.0
183,197,524,171.1724276862369
240,301,576,171.1724276862369
266,415,550,171.96511274092776
268,455,518,174.64249196572982
192,204,536,174.89711261195822
61,245,248,175.32826355154492
246,344,580,175.5135322418189
247,345,580,175.64737401965337
241,496,422,175.72990639046048
227,497,399,176.13914953808538
57,227,257,176.17321022221284
175,185,518,176.1817243643619
60,243,248,176.20442673213407
178,185,519,176.81911661356077
190,198,537,179.6941846582688
251,490,468,180.01388835309348
171,168,502,180.62391868188442
265,478,496,180.96684779262748
181,183,524,181.57092278225608
172,166,504,183.38211472223784
273,474,511,185.5640051303054
242,507,418,186.3866948041088
274,475,511,186.38937737972086
275,473,514,186.46179233290664
191,190,540,187.39530410338463
56,207,257,187.608635195718
87,133,402,188.04254837669055
55,208,255,188.6001060445089
54,208,253,190.20515240129538
189,184,538,190.24457942343588
188,180,536,191.7837323653912
73,143,334,192.01041638411183
281,403,582,194.164878389476
53,227,236,194.25756098540927
180,167,528,196.468827043885
278,492,506,198.09341230843594
280,491,509,198.76870981117727
283,413,583,199.4818287463798
49,206,242,200.30227157973022
52,241,220,202.47468977627796
48,206,238,203.59027481684876
287,452,563,204.47493733951845
50,240,217,205.62587385832552
51,243,215,206.31286920597077
67,128,331,207.06037766796427
211,199,574,207.62466134830902
66,128,329,207.79316639389276
259,299,615,210.1547049199708
96,111,428,211.1492363235065
260,299,616,211.1492363235065
248,283,614,211.4426636230257
42,206,228,211.91743675309024
284,508,507,212.5323504786977
46,228,213,214.23818520515897
45,155,270,214.59729728027799
44,154,270,215.37177159507232
41,219,215,216.52944372532804
40,215,217,216.69563908856125
267,299,622,217.1174797200815
245,539,403,218.02064122463267
120,421,212,218.25672956406177
85,351,188,220.0545386943882
83,350,187,220.91174708466727
296,429,599,221.16283593768642
282,534,474,223.59114472626146
250,266,624,224.83104767802868
305,418,617,232.22833591101667
43,124,283,232.24555969921147
308,504,551,233.4823333787805
113,421,192,236.21176939348302
139,102,495,236.39373934180236
129,96,482,237.48894711122873
298,536,507,237.54157530840786
107,414,187,237.92856070678022
162,470,219,239.10248848558643
123,435,195,239.82702099638396
195,515,265,239.82702099638396
214,534,294,240.65119987234635
212,534,291,242.06197553519223
126,443,194,244.59762877019065
197,520,263,245.05101509685693
328,442,626,251.0796686312932
321,534,539,251.11352014576994
63,316,153,253.04940229133123
309,353,659,255.01568579207046
303,346,660,255.22734963165684
71,71,353,255.55625603768732
337,443,631,255.9472601924076
68,322,150,256.0019531175495
70,70,353,256.5345980564805
72,68,357,257.70137756713683
334,530,557,257.8410362994999
110,427,170,258.7121953059036
127,451,182,258.9903473104741
344,470,618,259.12352266824405
340,450,631,259.35689695861186
307,569,482,259.3838853899756
302,570,479,259.4802497301095
312,351,664,259.73832986296037
64,321,144,262.0
80,59,386,262.76224995230956
90,405,157,262.78698597913865
142,470,189,263.2299375071156
117,438,170,263.41032629720496
74,59,367,264.8867682614592
300,316,671,265.04716561397146
69,61,352,265.5484889808263
352,494,608,265.9567634033773
75,57,372,266.18038996139444
77,56,380,266.2724168966812
39,87,278,266.7208278331484
204,543,258,266.8107943843352
271,587,375,267.8002987302292
292,285,672,268.4250360901531
319,350,673,268.5702887513807
291,589,426,268.7452325158532
355,501,607,269.81660438156877
289,591,421,270.4163456597992
320,578,491,270.69170655932555
58,320,133,273.00183149568795
359,510,604,273.72431386341987
62,325,132,274.02919552485645
84,47,397,274.14777037211155
323,350,679,274.5359721420856
329,360,678,274.781731561616
31,123,214,275.80427842946887
243,585,326,275.85503439306666
324,347,681,276.22635645426743
78,45,387,276.65321252427196
59,323,129,277.0072201225087
295,597,430,277.04151313476467
106,48,454,277.1876620630868
336,363,680,277.2002886001384
116,49,464,278.1150840928985
297,598,431,278.12587078515367
82,43,397,278.14564530116235
115,47,464,280.07141946296485
29,121,208,281.4320521902223
310,600,446,281.85279846047297
103,428,145,282.0815484926301
311,600,448,282.14358046923553
105,430,145,282.8462479864281
342,361,687,283.83269720030495
338,351,689,284.5856637288674
368,492,634,285.0
339,349,691,286.37213551601
35,220,138,286.40006983239374
372,507,624,286.5658737533135
253,596,325,286.6810073932349
369,470,651,286.7507628586191
28,177,157,287.64040050034697
350,368,690,287.862814548875
47,292,119,288.4614358974177
261,600,332,288.6468430452687
27,160,166,289.0
351,368,692,289.836160614924
304,611,426,290.68883707497264
34,215,135,290.9931270666027
374,485,647,291.50814739900494
354,368,694,291.8098696069069
301,613,422,292.43802762294786
32,206,136,293.47061181658376
264,605,330,293.99319720020736
26,129,183,294.2668856667362
377,492,647,295.50296106807457
263,606,327,295.7465130817268
33,217,128,296.8164415931166
179,520,185,297.3919972023457
225,579,257,297.9345565724124
327,616,453,298.7206052484495
380,511,638,299.8733065812961
269,611,328,300.3065100859454
277,614,336,301.24574685794323
30,206,127,301.77143668677456
95,424,122,302.1009764962702
330,621,451,303.35622624235026
333,621,453,303.65934861288235
270,615,326,304.69000639994744
332,297,710,304.9458968407347
383,499,654,305.26709616334347
317,626,423,305.4734030975528
24,138,161,305.80058861944656
335,294,712,307.18886698576824
386,517,643,307.54674441456865
23,135,161,307.6052665348888
306,629,401,308.0405817420815
384,554,608,308.37152916571273
22,133,161,308.81871704933945
388,490,666,310.09837148879063
325,277,713,310.1370664722293
322,631,422,310.4126286090822
375,602,543,312.61797773000836
362,623,491,313.73396373360663
345,292,721,316.3321039667014
19,131,153,316.40006321111883
331,273,719,316.6591227171578
326,638,421,317.35469115801646
18,130,152,317.8002517305485
213,573,209,319.8640336142843
393,528,650,319.97656164163027
38,277,89,320.0390601161052
203,567,200,320.8613407688748
37,274,87,322.4437935516824
349,289,727,322.59107241211746
343,278,726,322.8761372415125
347,283,727,323.24139586383427
341,275,726,323.2893440866865
382,611,549,323.34037793013107
356,302,729,323.5583409526016
16,107,162,324.5489177304401
182,535,162,324.5489177304401
17,100,167,325.51804865475583
15,107,160,326.0552100488505
208,573,199,326.1180767758819
14,110,157,326.377082528783
353,286,732,327.8734511972569
346,648,430,327.8795510549568
11,114,150,329.21877224727024
361,648,454,330.50416033690107
392,424,722,332.3627536292236
8,109,150,332.38531856867564
358,651,447,332.53721596236414
360,651,449,332.78972339902566
395,424,724,334.26486503968675
357,278,740,336.7565886512096
279,644,294,341.8669331772232
401,577,636,344.14531814336806
12,161,101,344.41980198589044
36,262,66,345.0811498763733
387,652,508,346.3596396810691
396,382,748,347.3974668877135
9,158,99,347.588837565305
13,167,94,347.936775865961
187,546,139,349.1618535865566
5,149,102,349.28498393145964
10,164,93,350.16853085335924
7,157,93,353.3624201864143
20,188,78,353.93926032583613
402,620,596,354.2612030691478
25,201,72,354.902803595576
186,547,131,355.95083930228344
184,546,130,356.09128043241947
4,146,94,357.72754995946286
231,613,199,357.92876386230824
3,143,95,358.33643409511126
257,640,240,359.60672963669634
6,162,83,360.0138886209808
404,625,600,360.6272313622475
233,616,198,360.95567594927775
410,484,730,362.6913288183218
389,677,479,363.40748478808194
21,198,64,363.4460069941614
299,673,309,365.1205280451922
414,505,722,365.6665147371304
407,634,596,366.1543390429779
2,146,84,366.4819231558359
409,438,754,367.14166203251847
417,506,724,367.89808371341104
403,656,561,369.120576505835
418,505,726,369.12870384189847
223,603,165,370.95147930693037
416,471,747,372.53321999521063
411,631,613,372.75863504417975
398,679,510,372.8002145922129
222,602,160,373.46619659615783
415,627,621,373.9799459864125
399,681,508,374.1710838640528
413,641,604,376.3030693470358
420,483,746,376.6218262395317
400,680,521,376.96949478704505
229,617,172,377.3221435325523
412,647,597,377.83197323678155
370,699,396,378.1322519965733
376,700,413,379.0646382874562
425,542,714,379.0844233149128
378,700,416,379.1319031682773
426,568,695,380.1710141502111
421,470,757,381.31614180362203
419,638,618,381.35678832295616
221,604,150,381.6084380618437
201,586,129,383.3457968988313
422,461,763,383.46968589446544
224,614,156,385.1610052951882
200,583,121,387.12917740723185
427,482,759,387.9819583434261
226,617,155,388.09406076362467
258,653,204,388.6232108353797
1,139,62,389.17862222891944
0,136,62,390.59057848340376
436,550,723,391.0626548265636
428,463,771,391.6490776192381
437,552,723,392.23717314910374
430,467,771,393.1170309208188
234,628,159,394.0279177926356
238,631,159,396.36977684985015
288,683,243,397.0050377514119
434,477,772,397.8592716024097
435,477,773,398.7793876318083
397,720,433,399.9124904275934
285,682,233,400.3123780249619
405,712,497,401.44987233775527
290,687,238,402.715780669196
406,714,497,403.39806643066595
363,719,338,403.7672596930068
439,587,710,403.9455408839167
294,692,245,404.4279911183201
367,722,350,404.89134344907893
424,700,553,406.5095324835569
373,725,352,407.5929341880205
366,724,344,407.74133957694306
438,480,782,408.2364510917662
293,693,234,409.83899277643167
408,726,482,412.0691689510391
440,598,717,416.473288459176
364,730,326,416.75052489469044
381,737,360,418.535542098876
365,732,323,419.2970307550484
371,735,327,421.47004638526806
262,669,166,422.7339588914049
441,649,679,426.7469976461463
244,658,144,426.86414700698396
316,717,241,429.0
442,661,669,429.84764742871397
390,753,363,434.1347717011389
391,754,364,435.0321827175548
444,675,660,435.6971425198931
252,666,139,436.2499283667563
394,756,363,437.1201207906129
255,667,138,437.65283044897586
445,675,665,438.6308242702512
443,702,628,440.95918178443685
385,756,330,441.5891755919749
449,670,681,444.326456560939
237,642,97,445.55807702251343
447,704,635,446.23984582284896
314,725,210,449.0345198311595
432,763,488,449.541989140058
448,710,632,449.8855409990412
433,763,491,450.0988780257067
446,722,614,451.7355421040058
272,687,132,457.20017497809425
276,689,132,458.8027898781785
348,749,224,465.08923874886636
423,790,415,469.08634599612895
451,645,752,474.01687733666193
450,724,658,475.3030612146318
429,800,415,479.0845436872286
313,737,165,480.7670953798731
431,803,416,482.1037232795449
315,738,164,482.1337988567074
318,741,164,484.73085315461407
379,780,245,486.4175161319748
452,705,711,490.38862140143505
286,714,112,490.80036674802926
