234,467,492,5.0990195135927845
240,455,507,15.652475842498529
250,478,496,16.278820596099706
256,474,511,21.633307652783937
259,475,511,22.20360331117452
260,473,514,23.706539182259394
251,455,518,25.96150997149434
222,458,461,32.2490309931942
263,492,507,33.1058907144937
266,491,510,33.61547262794322
218,456,458,35.510561809129406
217,457,457,36.345563690772494
237,493,468,39.824615503479755
268,509,507,49.040799340956916
225,509,441,70.09279563550022
270,452,563,70.71067811865476
211,459,421,72.06247289678588
231,512,441,72.13875518748573
291,505,552,73.00684899377592
233,515,441,74.24957912338628
249,414,550,74.51845409024533
280,536,507,75.31268153505093
243,521,443,77.33692520394123
194,392,458,78.26237921249263
214,487,417,80.00624975587844
246,527,439,84.50443775329198
301,534,539,85.44003745317531
235,524,431,87.68124086713189
314,530,557,93.38094023943002
267,412,583,102.95630140987001
265,403,582,106.78014796768171
288,569,482,107.56393447619885
289,571,480,109.77249200050075
277,429,599,111.01801655587259
209,350,509,113.13708498984761
208,486,380,115.52056094046635
210,348,512,115.57248807566617
300,578,491,116.01724009818541
226,539,404,117.6860229593982
326,494,608,119.36917525056458
330,502,606,119.87076374162301
334,511,604,121.33424908079334
206,486,372,123.35720489699821
321,470,618,125.25573839150046
178,417,372,129.0968628588627
199,486,364,131.21356637177422
287,418,617,131.5750736271882
343,507,624,138.51353724455961
273,589,426,143.58969322343438
341,490,634,143.75326083258076
292,599,449,143.8923208513922
290,599,447,144.51643505151932
227,344,580,146.60491124106312
228,344,581,147.20054347725758
357,554,608,147.27185746095552
272,591,421,147.73286702694156
278,597,432,148.14182393908885
348,602,543,148.66068747318505
279,598,431,149.46571513226704
205,315,524,150.23315213360866
354,511,638,153.05554547287727
347,485,647,155.7080601638849
197,308,522,156.70673246545599
350,492,647,156.8948692596415
340,468,650,157.1146078504478
307,616,453,159.11002482559041
171,307,455,159.5900999435742
207,307,533,160.0781059358212
358,612,551,160.822883943797
359,516,645,161.3071604114337
336,624,490,162.02777539668932
156,327,401,163.36768346279504
286,611,426,163.37074401495514
310,621,451,164.45364088398895
283,611,423,164.62381358722072
159,321,408,164.63899902513984
315,622,454,164.68454693747074
195,300,524,164.93938280471406
356,499,654,165.19685227025363
188,297,512,166.0903368652132
191,298,521,166.37307474468338
367,528,650,170.30854353202602
204,296,535,171.23083834403195
145,322,394,171.46719802924406
157,308,416,172.1772342674838
158,307,418,172.19175357722565
257,588,375,172.6267650163207
154,307,416,173.07223925286226
164,301,429,173.25414857947845
362,490,666,175.2512482123879
148,305,412,176.6635219845908
161,294,430,179.42407865166817
143,305,406,179.49373248110922
144,302,409,180.7097119692243
221,301,576,181.13530854032848
303,632,423,183.84776310850236
375,580,634,183.86136081297778
132,309,390,184.43969204051496
141,296,412,184.70787747142785
133,307,392,185.00270268296083
152,289,427,185.16209115258988
136,300,403,185.32134253776601
216,295,574,185.60711193270586
162,284,438,186.30351580150065
140,294,412,186.50737250843463
163,283,439,186.96791168540125
160,282,438,188.2153022471871
134,297,402,188.43035848822237
135,296,403,188.8279640307547
151,283,431,189.4333655932872
308,638,422,189.7814532561072
335,648,455,189.84203960134857
142,287,419,190.0026315607234
149,283,429,190.0973434848578
284,628,400,190.2761151589973
376,622,596,190.2866259094422
361,652,508,190.59118552545917
150,279,433,192.5850461484484
184,269,509,193.6620768245554
333,651,449,194.05411616350733
130,295,394,194.1391253714717
186,268,514,195.13328778042973
127,297,388,195.57607215607945
147,276,432,195.74728606036916
137,281,418,195.92345444075858
146,275,431,197.0101520226813
323,649,431,197.0101520226813
131,284,407,197.6866206904251
124,340,336,198.82907232092595
293,353,661,200.26232796010336
378,634,596,200.48191938426766
129,384,307,201.69283576765935
285,346,660,203.3346994489627
242,299,615,203.60009823180343
244,299,616,204.20088148683394
377,656,561,205.5723716845238
296,350,666,206.08978625831995
223,585,327,206.60348496576722
294,347,665,206.90335908341362
381,631,613,207.27035485085656
253,299,623,208.4922060893404
384,627,621,208.8276801575883
203,535,296,210.09045670853305
383,641,604,210.62288574606512
312,361,679,211.65301793265317
316,364,681,212.00943375236866
245,600,332,212.04952251773642
382,647,597,212.22865028077618
387,639,611,212.72752525237536
120,360,306,213.00938946440834
193,255,546,213.67732682715777
302,350,675,213.70072531463248
202,535,292,213.84573879317773
121,363,303,214.24518664371436
363,677,479,215.45533179756774
388,638,618,215.87264764207623
236,597,324,216.3007165961315
252,606,331,216.74870241826133
117,357,303,217.0829334609241
232,283,616,217.18655575334307
262,614,337,217.8072542409917
306,350,680,217.97476918212345
320,361,687,218.7167117528974
373,680,512,218.82641522448793
372,681,508,219.5130975591206
110,296,349,219.75440837443966
248,606,327,219.75440837443966
374,680,523,220.0545386943882
153,245,455,220.30206535572924
304,347,681,220.38375620721234
328,368,694,221.89411889457548
254,611,328,222.31958978011812
329,368,695,222.80035906613796
123,385,282,224.61077445216202
309,345,685,224.8399430706208
317,351,689,225.24875138388668
255,615,327,225.75429121059915
102,315,321,226.25870149013053
318,349,691,227.9758759167294
393,568,695,228.12277396174193
282,316,671,230.21728866442677
364,424,721,231.14497615133234
99,316,313,231.76712450216058
165,230,475,232.6972281742952
98,317,311,232.69937687926884
104,344,292,233.0772404161333
368,424,723,233.1179958733345
392,541,713,233.75414434828744
185,515,265,234.07904647789388
229,265,622,235.47823678633233
385,505,725,235.95126615468712
187,520,263,237.2003372678884
380,485,731,239.10876186371758
105,358,277,239.73318502034715
95,319,300,240.20407989873945
112,376,266,242.7447218787671
114,239,397,242.78591392418136
401,557,719,245.1550529766825
391,700,553,245.446531855718
402,559,719,245.93698379869588
192,543,260,246.6779276708802
89,283,320,248.93774322107123
404,587,710,250.42763425788297
352,701,417,250.79274311670184
351,701,414,251.7180962902747
275,285,672,251.7339865810733
109,376,256,252.12100269513448
389,484,747,254.95097567963924
386,472,748,255.1960031034969
344,700,398,256.25963396524236
169,205,508,257.4373710244882
168,201,508,261.43067914841214
212,579,257,263.41032629720496
379,726,482,264.2290672882149
405,599,719,264.2820463065927
371,720,433,264.8848806557294
92,354,251,265.0056603169072
390,470,758,265.1207272168662
406,661,669,265.6633207652121
176,197,521,266.47513955339247
370,382,748,267.25456029785533
394,482,760,267.7480158656643
408,675,660,270.66215102965543
200,203,574,271.37059531201976
100,207,399,271.773803005367
264,645,292,271.82715096178305
313,297,710,272.6059427085184
409,675,665,273.77545543748073
155,470,218,275.11633902769205
407,702,628,275.3633962602873
183,190,538,275.6972977742074
93,206,385,277.8488797889961
395,465,771,278.01618657912707
396,467,771,278.044960393099
170,185,518,278.12587078515367
172,185,519,278.21754078418564
281,673,309,279.95892555873263
94,202,388,280.40149785619906
399,477,773,280.40149785619906
411,704,635,280.58510295452254
175,183,524,280.71693928225994
400,477,774,281.40007107319644
119,421,214,281.99645387841315
101,191,408,284.0176050881353
412,710,632,284.29737951659
331,303,729,284.56457966514387
182,180,536,285.2595309538316
410,722,614,286.77691678376067
305,277,713,287.4456470360962
79,280,269,288.61739379323626
403,480,782,289.56001105124994
325,289,727,291.0068727710739
324,285,727,293.4024539774676
311,274,719,293.97278785629123
166,168,503,294.17001886664116
322,280,726,295.6568957423452
327,286,731,296.00675667964066
167,166,504,296.2043213729334
173,167,528,297.06901555025894
122,435,197,297.22886804615734
125,443,196,297.6071235706565
319,275,726,298.7607738643077
337,720,338,300.98006578509484
397,763,492,301.0016611249845
345,727,350,301.1212380420883
413,688,693,301.7880050631569
80,203,337,302.3524433504714
90,177,392,302.3673262771624
398,765,489,303.0264014900352
139,470,190,303.10559216220344
349,731,353,303.2507213511618
201,573,210,303.99013141876827
113,422,191,304.63748948545384
355,738,361,305.9411708155671
346,731,346,306.54526582545685
332,278,740,308.00162337234525
126,451,184,309.19573088902763
241,640,240,309.3428518650463
414,724,658,309.62719518801964
107,414,187,309.7418279793674
174,521,187,311.6360056219435
196,571,200,312.61797773000836
198,574,200,313.676585036244
338,730,326,315.77365311247866
74,198,317,317.28851224083104
365,754,364,319.22562553780045
339,733,324,319.3775195595332
342,735,327,319.50743340335606
366,755,364,320.14059411452337
369,756,363,321.45917314645106
111,426,172,323.012383663537
118,438,170,323.8904135660702
62,239,258,323.9660476037574
82,350,188,324.91383473161005
81,350,187,325.85272747055535
415,705,711,326.45520366506645
86,161,365,327.08561570328953
59,245,248,327.28275237170686
58,244,248,327.9466420014085
215,614,201,329.19295253695816
54,228,258,331.6338342208165
271,683,243,333.67798848590536
219,618,198,333.7079561532808
177,536,164,337.2195130771646
360,758,331,337.4314745248285
274,688,240,339.2418016695466
91,405,157,340.8005281686048
88,133,402,341.35318952662504
50,208,257,346.71602212761957
51,207,258,346.77081768799405
106,430,147,347.476617918386
48,227,237,347.5068344651656
103,428,147,347.6665068711681
49,209,254,348.037354317033
276,695,234,348.38197427536346
47,241,221,350.46397817750113
46,243,216,353.1147122395214
45,240,217,354.2033314354906
72,143,334,356.4295161739555
96,111,428,356.9677856613955
138,105,496,357.01260481949373
213,617,171,357.3639601302851
44,206,242,358.52057123685387
181,545,140,362.62652964172383
42,227,214,364.78212675513583
128,96,482,366.16526323505894
39,207,230,366.3249923223912
97,425,127,367.8654645383282
38,219,215,369.23298877538014
60,316,153,370.0216209899092
65,322,150,370.47132142717874
63,128,330,371.6517186829626
180,547,131,371.84539798147296
37,215,215,371.87766805765574
179,546,130,372.5922704512266
61,321,144,376.4066949457727
41,155,270,379.44433056773954
40,154,270,380.2538625707831
67,331,135,381.21516234273787
190,585,131,382.32577731562907
64,328,133,384.13018626502134
295,723,211,384.2460149435515
56,321,135,384.76616275343133
247,669,168,385.32324092896346
57,323,131,387.76926128820475
189,585,123,389.9089637338439
224,658,144,400.2711580916117
353,781,246,403.44764220404113
239,668,143,406.1231340369568
238,668,142,406.98525771826183
43,293,118,411.3222580896881
116,50,465,412.95036021294374
71,71,357,413.9770525041213
69,71,353,415.3083192039379
115,47,465,415.94350577933056
68,70,353,416.24992492491816
108,47,455,416.73612754355725
70,68,357,416.8117080889163
78,59,386,416.9628280794344
55,72,341,418.5737688866802
84,53,397,420.11546032013626
76,56,382,420.9002257067582
53,70,339,421.16505078175703
52,71,336,421.34309060431974
73,59,368,421.9407541349852
75,57,372,422.6890109761549
258,687,134,423.68148413637334
66,62,352,424.1238026803023
261,689,134,424.7469835090062
85,47,398,425.73465914816
297,737,165,428.02920461108727
83,44,398,428.65953856178214
77,46,388,429.04661751376153
298,738,164,429.4380048388824
34,220,138,429.6382199013491
299,741,166,429.8488106299702
87,41,402,430.72264858026676
36,87,280,431.27021691742175
220,643,99,433.5862082677446
33,215,135,434.94022577820965
31,122,216,438.55330348772884
27,177,159,439.06833181180355
30,206,136,439.30058046854435
32,217,128,439.6020928066653
28,121,209,443.77584431782674
26,160,166,445.1213317737086
29,206,127,446.6452731195081
25,129,184,454.27964955520514
269,714,114,455.1318490283887
24,138,162,463.1813899543029
22,134,162,465.98819727542457
21,135,161,465.9967811047626
35,260,65,473.2737051643584
18,131,153,474.51132757817277
17,129,152,476.62354117269535
16,109,162,483.911148869294
14,106,162,486.10389835918824
13,110,157,486.6210024238576
15,100,167,487.15500613254505
10,114,150,488.6235769997187
7,109,150,492.19711498544973
23,200,75,493.323423323888
11,161,101,494.2317270269079
19,190,79,495.35845606994536
12,167,94,496.2116483920949
8,158,99,497.64646085348585
9,164,93,498.8025661521801
20,199,67,500.64458451080844
4,149,102,500.8492787256462
6,157,93,503.0159043211258
5,162,84,507.22874524222306
3,146,94,508.9764238154848
2,143,96,509.2838108559902
1,138,62,539.2003338277898
0,136,63,539.6072645915731
