328,368,694,1.0
320,361,687,10.63014581273465
316,364,681,14.560219778561036
312,361,679,17.46424919657298
317,351,689,18.027756377319946
318,349,691,19.4164878389476
306,350,680,23.430749027719962
309,345,685,25.079872407968907
304,347,681,25.238858928247925
302,350,675,26.90724809414742
296,350,666,34.132096331752024
294,347,665,36.61966684720111
293,353,661,37.16180835212409
285,346,660,41.340053217188775
370,382,748,54.817880294662984
282,316,671,57.271284253105414
364,424,721,61.741396161732524
368,424,723,62.609903369994115
313,297,710,72.56721022610694
331,303,729,73.35529974037323
325,289,727,85.23496934944014
275,285,672,86.1278120005379
324,285,727,88.95504482602435
327,286,731,89.55445270895244
287,418,617,92.64987857520376
305,277,713,92.76313923105448
322,280,726,93.30058949438637
311,274,719,97.01546268507923
319,275,726,98.03060746521976
253,299,623,99.72462083156798
332,278,740,100.62305898749054
244,299,616,104.89041900955492
242,299,615,105.64563407921787
340,468,650,109.65856099730654
277,429,599,113.74093370462545
232,283,616,116.04309544302927
228,344,581,116.49892703368559
386,472,748,116.72617529928752
227,344,580,117.47765745025733
265,403,582,118.29623831720095
390,470,758,119.8874472161285
267,412,583,120.33287165193059
380,485,731,122.41323457861898
395,465,771,123.22743201089601
396,467,771,124.80785231707178
362,490,666,125.39936203984452
229,265,622,126.24579200908045
347,485,647,126.46343345014795
389,484,747,127.12198865656563
321,470,618,127.80062597655773
394,482,760,131.2288078129189
350,492,647,132.9661611087573
399,477,773,134.03357788255897
400,477,774,134.61797799699713
341,490,634,136.40014662748717
221,301,576,136.56500283747664
356,499,654,137.26616480400406
385,505,725,140.24621207005913
216,295,574,141.315250415516
403,480,782,141.82030884185804
249,414,550,152.12166183683374
326,494,608,153.11760186209813
354,511,638,153.9415473483361
343,507,624,156.0833110873805
359,516,645,156.21779668142807
270,452,563,156.46085772486356
330,502,606,160.86329600005092
367,528,650,166.20770138594662
334,511,604,169.49926253526885
207,307,533,173.1040149736568
392,541,713,173.93389548906217
204,296,535,175.45369759569047
205,315,524,179.02513789968157
197,308,522,183.10925700247927
195,300,524,184.0244548966251
210,348,512,184.08965207202712
209,350,509,186.86893802876924
193,255,546,187.00267377767625
191,298,521,187.55265927200287
401,557,719,190.51771571168914
402,559,719,192.50194804209124
188,297,512,196.29060089571277
251,455,518,197.22575896672322
291,505,552,198.0353503796734
393,568,695,200.0
200,203,574,204.61182761512103
357,554,608,205.34117950377123
186,268,514,206.7873303662485
240,455,507,207.15453169071634
260,473,514,209.2510453976276
184,269,509,210.70595625183452
256,474,511,212.34876971623828
314,530,557,212.8097742116184
259,475,511,212.8497122384712
404,587,710,219.5130975591206
375,580,634,220.60145058453264
266,491,510,222.15760171553887
230,462,493,222.80035906613796
263,492,507,225.21101216414795
234,467,492,225.85393509965684
250,478,496,227.37853900489378
301,534,539,227.7981562699751
405,599,719,232.24340679554285
268,509,507,235.0
183,190,538,237.34573937612615
194,392,458,238.2120903732638
176,197,521,243.9610624669437
182,180,536,246.22144504490262
171,307,455,247.63077353188558
169,205,508,248.06853891616325
222,458,461,250.71098898931416
168,201,508,250.7149776140229
175,183,524,251.92459189209774
280,536,507,252.1269521491108
218,456,458,252.81020549020565
172,185,519,253.899586451022
217,457,457,254.09643838511394
170,185,518,254.5937941113255
237,493,468,259.1408883213917
165,230,475,259.6998267230843
173,167,528,261.3235542388018
384,627,621,269.3640659033792
153,245,455,269.6831474156292
163,283,439,269.74246977441277
162,284,438,270.37936311782374
160,282,438,271.0073799733136
376,622,596,272.61144510089815
164,301,429,274.3082208028042
161,294,430,275.138147118861
381,631,613,275.48684179103725
150,279,433,276.70381276737044
166,168,503,277.2435752186153
151,283,431,277.34635386101615
167,166,504,278.0017985553331
147,276,432,278.6269907959385
348,602,543,279.03404810166086
149,283,429,279.25078334715556
152,289,427,279.4011453090341
146,275,431,279.9017684831591
388,638,618,280.7650263120391
358,612,551,283.3231370714365
158,307,418,283.6370920736567
387,639,611,283.7199323276389
378,634,596,283.82565070831777
157,308,416,285.3786957710754
154,307,416,285.5906160923359
142,287,419,287.64040050034697
383,641,604,287.76726707532254
211,459,421,288.71612355391585
148,305,412,289.9275771636772
137,281,418,290.34117861577954
225,509,441,290.5116176678654
159,321,408,290.82297020696285
231,512,441,291.9794513317675
141,296,412,292.0154105522515
140,294,412,292.5149568825499
300,578,491,292.77294957014044
288,569,482,292.86515668477875
233,515,441,293.47061181658376
144,302,409,293.5166094107793
406,661,669,294.15132160165456
243,521,443,294.8101083748656
289,571,480,295.6924077483221
382,647,597,295.71100757327247
143,305,406,295.78708558691335
156,327,401,296.8450774393943
136,300,403,299.8132752230961
131,284,407,300.0
135,296,403,300.74573978695025
246,527,439,301.3585903869342
134,297,402,301.4796842243271
214,487,417,302.39874338363245
145,322,394,304.4946633358293
235,524,431,306.6463761403353
409,675,665,308.4623153644542
408,675,660,308.9886729315494
133,307,392,309.0792778560219
130,295,394,309.7256850827842
132,309,390,310.65414853177157
127,297,388,315.1031577118833
377,656,561,317.6476034853718
413,688,693,320.00624993896605
114,239,397,324.7229588433808
178,417,372,326.6955769519998
336,624,490,327.96493715029965
138,105,496,329.802971484491
208,486,380,336.3762774037432
100,207,399,336.9525189103058
101,191,408,337.19134033957636
415,705,711,337.37960815674677
292,599,449,337.4566638844164
226,539,404,337.5233325268047
290,599,447,338.91739406527955
361,652,508,340.03676271838606
407,702,628,340.6537831875642
411,704,635,341.3151036798694
206,486,372,343.8793393037738
128,96,482,345.4750352775147
307,616,453,346.5082971589569
412,710,632,347.75422355450985
273,589,426,348.1407761236825
278,597,432,348.72625367184503
94,202,388,349.0057306119772
93,206,385,349.77707186149297
279,598,431,350.13711599886125
315,622,454,350.1385440079398
199,486,364,351.40432552830083
310,621,451,351.4896869041822
272,591,421,353.27751131369797
110,296,349,353.41194094144583
374,680,523,356.2695608664877
414,724,658,357.9175882797603
90,177,392,358.1759344232943
124,340,336,360.0902664610639
391,700,553,361.09278585981195
373,680,512,361.7084461275407
286,611,426,362.5051723768917
410,722,614,363.1487298614715
372,681,508,364.6066373504465
283,611,423,364.73689147109866
335,648,455,368.7817782917155
96,111,428,370.591419220683
333,651,449,374.97333238511777
88,133,402,375.598189559002
363,677,479,377.01060993027767
102,315,321,377.73668077114246
303,632,423,379.0514476954283
308,638,422,383.96484214052725
89,283,320,384.5126785946076
99,316,313,385.5230213618896
323,649,431,385.56063077031087
98,317,311,387.3719143149126
129,384,307,388.329756778952
257,588,375,388.329756778952
120,360,306,389.08225351460067
86,161,365,389.5497400846264
121,363,303,392.03188645823184
117,357,303,392.1543063642168
116,50,465,392.4589150471677
284,628,400,393.2238548206352
80,203,337,394.1941146186736
115,47,465,394.89365657098114
95,319,300,398.0276372313862
108,47,455,400.8004491015448
104,344,292,403.71400768365714
123,385,282,413.3497308575391
74,198,317,414.46833413422553
379,726,482,416.5729227878355
105,358,277,418.1196001146084
72,143,334,425.37747942268874
223,585,327,427.2154023440634
112,376,266,429.074585590897
245,600,332,430.80506032311183
203,535,296,432.53901558125364
84,53,397,433.6231082403243
352,701,417,433.78911927340914
262,614,337,434.37311150668614
252,606,331,434.90228787625387
79,280,269,434.9942528355978
351,701,414,435.71779858068686
236,597,324,435.98394465851607
202,535,292,436.23158986941786
63,128,330,436.83520920365385
78,59,386,436.9919907732864
85,47,398,437.3213921133975
248,606,327,438.25563316402446
371,720,433,438.80291703679455
87,41,402,439.0649154737828
109,376,256,439.072886887815
83,44,398,439.52815609469206
254,611,328,440.15679024638484
76,56,382,441.9423039266551
255,615,327,443.2076262881766
397,763,492,444.1103466482176
92,354,251,444.2206658857735
77,46,388,444.8966172044917
344,700,398,445.4581910797017
398,765,489,447.2639041997465
75,57,372,448.3859944289072
73,59,368,449.89998888641907
71,71,357,449.94777474724776
70,68,357,451.93362344485945
69,71,353,452.9602631578183
68,70,353,453.61657818029533
185,515,265,454.43261326625753
62,239,258,455.642403645666
187,520,263,457.96069700357475
54,228,258,458.87797942372436
66,62,352,459.65748117484173
55,72,341,461.4455547515871
59,245,248,463.6140636348298
58,244,248,463.88037250998235
53,70,339,464.2628565801921
51,207,258,465.7145048202815
52,71,336,465.9291791678216
50,208,257,466.30891048745787
49,209,254,468.78779847602686
192,543,260,468.8816481800072
41,155,270,475.3882623708751
40,154,270,475.83715701907937
48,227,237,479.2128963206228
44,206,242,481.09562459037187
119,421,214,483.911148869294
212,579,257,486.17383722286
155,470,218,487.78376356742336
264,645,292,489.01738210415385
47,241,221,490.71886044862794
281,673,309,491.9562988721661
39,207,230,492.0833262771662
45,240,217,494.84138872976257
46,243,216,495.04141240910343
345,727,350,497.90159670360566
355,738,361,498.4536086738665
349,731,353,498.731390630267
36,87,280,501.1845967305859
42,227,214,501.2404612558727
337,720,338,501.35117432793555
122,435,197,502.4868157474383
38,219,215,502.5942697643896
346,731,346,503.557345294456
37,215,215,503.7946010032263
125,443,196,504.6047958551326
113,422,191,506.88460225183405
82,350,188,507.3194260029868
81,350,187,508.318797606384
365,754,364,508.4850046953204
366,755,364,509.2445385077782
107,414,187,510.07842534261334
369,756,363,510.65448201303394
139,470,190,515.1980201825314
338,730,326,516.9187557053816
126,451,184,517.6968224743126
342,735,327,519.7239651969111
339,733,324,520.447884038354
111,426,172,526.2062333344219
201,573,210,526.5453446760307
118,438,170,529.6461082647545
241,640,240,530.1028202150975
174,521,187,530.5402906471854
360,758,331,533.475397745763
196,571,200,535.0084111488342
198,574,200,536.1538958172364
31,122,216,538.4765547356727
91,405,157,539.2708039566021
60,316,153,544.4887510316444
28,121,209,545.1651126035121
65,322,150,546.9378392468379
271,683,243,550.934660372716
103,428,147,551.2748860595774
106,430,147,551.4961468587065
215,614,201,551.8623016659137
61,321,144,553.0009041583928
274,688,240,556.2598313737924
219,618,198,556.335330533663
177,536,164,556.9425464085142
67,331,135,561.2209903415944
56,321,135,561.9688603472616
64,328,133,563.42168932337
25,129,184,564.1294177757441
276,695,234,565.1990799709426
57,323,131,565.7923647416957
26,160,166,568.4232577929936
27,177,159,569.0140595802533
97,425,127,570.852870711885
34,220,138,576.3271640309869
213,617,171,580.1525661410109
24,138,162,580.5075365574507
33,215,135,580.5247626070743
43,293,118,581.8539335606489
30,206,136,582.0008591058952
22,134,162,582.1039426081909
181,545,140,582.5409856825527
21,135,161,582.6190865393959
32,217,128,586.7623028109424
29,206,127,590.6504888679938
18,131,153,591.5513502647086
180,547,131,591.7237531145763
15,100,167,592.1216091310973
179,546,130,592.3757253635567
16,109,162,592.595983786593
17,129,152,593.2705959340982
14,106,162,593.9132933349783
13,110,157,596.6640595846209
295,723,211,600.2341209894686
10,114,150,601.2827953633797
7,109,150,603.411965410034
190,585,131,604.3053863734792
247,669,168,606.9019690197091
353,781,246,610.0573743509703
189,585,123,611.7785547075019
224,658,144,622.6564060539328
239,668,143,628.2547254100044
11,161,101,629.034975180236
238,668,142,629.1335311362764
8,158,99,631.9145511855222
4,149,102,632.1471347716448
12,167,94,633.7207586942375
9,164,93,635.6256760075067
6,157,93,637.9067329947223
35,260,65,639.1901125643293
2,143,96,639.864048060211
3,146,94,640.6910331821415
19,190,79,641.2019962539106
23,200,75,642.3581555487561
5,162,84,644.7922145931975
258,687,134,645.3541663303956
297,737,165,645.8026014193501
261,689,134,646.3451090555261
298,738,164,647.1947156768201
299,741,166,647.2789197865168
20,199,67,650.3422176054696
220,643,99,656.384795680095
0,136,63,673.2369567990158
1,138,62,673.4901632540746
269,714,114,676.222596487281
