348,602,543,12.806248474865697
377,656,561,45.12205669071391
376,622,596,46.09772228646444
378,634,596,50.08991914547278
382,647,597,57.8013840664737
361,652,508,58.728187440104094
383,641,604,60.41522986797286
336,624,490,62.16912416947821
381,631,613,64.8459713474939
387,639,611,65.79513659838392
300,578,491,68.96375859826666
384,627,621,71.58910531638176
388,638,618,71.8679344353238
374,680,523,73.53910524340094
373,680,512,78.39005038906404
301,534,539,78.91767862779544
288,569,482,81.30190649671138
372,681,508,81.30190649671138
357,554,608,81.32035415564789
289,571,480,81.98780397107853
314,530,557,82.21921916437786
280,536,507,87.8179936004006
391,700,553,88.02272433866155
375,580,634,88.95504482602435
363,677,479,97.0
315,622,454,97.51410154434076
307,616,453,98.08159868191383
310,621,451,100.40418317978589
335,648,455,102.52804494381037
292,599,449,102.82509421342633
290,599,447,104.80935072788114
291,505,552,107.00467279516349
333,651,449,109.20164833920778
268,509,507,112.0044641967453
334,511,604,114.06138698087096
407,702,628,118.44407963254221
278,597,432,119.94165248152953
279,598,431,120.81390648431164
330,502,606,122.98373876248843
411,704,635,124.57929201917949
286,611,426,125.00399993600205
323,649,431,125.57467897629681
408,675,660,125.89678312014172
410,722,614,126.763559432512
273,589,426,127.09838708654017
412,710,632,127.1416532848303
266,491,510,127.75758294520134
406,661,669,127.76932339180638
263,492,507,127.81236246936366
343,507,624,127.88275880665071
283,611,423,128.00390619039717
303,632,423,129.55307792561317
367,528,650,129.8345100502944
409,675,665,130.24976007655445
326,494,608,131.04579352272242
308,638,422,131.59407281484982
272,591,421,131.68523075880606
379,726,482,133.25539388707685
354,511,638,133.30416347586447
359,516,645,134.35773144854747
246,527,439,140.60227594174995
243,521,443,141.2267680009707
259,475,511,142.72000560538106
256,474,511,143.68020044529447
260,473,514,143.8401890988746
250,478,496,144.8481963988506
237,493,468,145.08618128546908
233,515,441,146.6594695203825
341,490,634,147.5567687366459
231,512,441,148.66068747318505
235,524,431,148.8086019019062
393,568,695,150.57224179774968
225,509,441,150.6950563223625
284,628,400,151.8453160291749
356,499,654,152.89865924853626
350,492,647,153.67498169838836
414,724,658,154.8967397978408
234,467,492,156.5439235486322
321,470,618,157.01273833673497
347,485,647,159.20113064925135
371,720,433,159.9624956044385
251,455,518,160.4306703844374
270,452,563,160.44936896105264
230,462,493,160.822883943797
352,701,417,160.86329600005092
404,587,710,160.9534094078159
413,688,693,161.05899540230592
397,763,492,162.1172415260018
240,455,507,163.04907236779974
351,701,414,163.37074401495514
226,539,404,164.12799883018133
398,765,489,165.08482668010407
362,490,666,167.6573887426379
405,599,719,168.50222550459088
340,468,650,174.7483905505284
402,559,719,176.16185739256952
344,700,398,176.50212463310464
401,557,719,176.77386684688435
392,541,713,176.87566254292872
257,588,375,177.62882648939615
222,458,461,178.3704011320264
217,457,457,181.27603261324978
218,456,458,181.61773041198373
214,487,417,183.25119372053214
415,705,711,185.06485349736184
277,429,599,189.19038030513073
249,414,550,198.00252523642217
211,459,421,200.7710138441304
267,412,583,202.54382241875462
385,505,725,204.26698215815497
287,418,617,204.91949638821583
265,403,582,211.28653530218153
208,486,380,212.40762698170704
262,614,337,214.00934559032697
206,486,372,218.89952032839176
245,600,332,219.32852071721086
252,606,331,220.08180297334897
380,485,731,220.29298672449835
254,611,328,223.0022421411946
255,615,327,224.0200883849482
248,606,327,224.0803427344755
199,486,364,225.48835890129672
223,585,327,225.6213642366343
236,597,324,227.49505489130968
355,738,361,227.98245546532743
349,731,353,231.00865784641059
345,727,350,231.5728826957077
389,484,747,234.0939982143925
365,754,364,234.8041737278109
366,755,364,235.41028014935966
369,756,363,236.81216184985095
346,731,346,237.0358622656074
337,720,338,238.8158286211364
194,392,458,238.8493248891443
386,472,748,241.6795398870165
394,482,760,246.13207836444238
281,673,309,249.56962956257317
390,470,758,251.02390324429265
364,424,721,253.46400138875737
338,730,326,254.0649523251879
368,424,723,254.80973293812778
342,735,327,255.54842985234717
339,733,324,257.2353008434107
399,477,773,259.8249410660955
400,477,774,260.679880313
264,645,292,261.0938528575501
396,467,771,263.48624252510797
360,758,331,264.0378760708395
395,465,771,264.592138961081
178,417,372,264.6998299961675
209,350,509,265.34505836740203
403,480,782,266.05450569385215
203,535,296,266.3719204420766
210,348,512,266.865134478073
227,344,580,269.56446353330773
228,344,581,269.6738771182704
202,535,292,270.20362691866296
316,364,681,280.0071427660373
293,353,661,281.3911867845189
312,361,679,281.7534383108749
328,368,694,282.81619472724685
329,368,695,283.3231370714365
320,361,687,285.4767941532201
296,350,666,286.12759391572143
285,346,660,287.4665197896966
294,347,665,288.4805019407724
302,350,675,289.8620361482338
306,350,680,292.0359566902678
304,347,681,295.16944286290885
317,351,689,295.2371927789587
212,579,257,295.8462438497403
318,349,691,297.9412693803932
205,315,524,298.22474746405607
309,345,685,298.73901653449957
192,543,260,299.0685540139585
185,515,265,302.00165562460086
187,520,263,302.3375596911505
370,382,748,302.8349385391322
197,308,522,305.38009103410786
207,307,533,305.5306858565928
221,301,576,312.0032051117424
241,640,240,312.2579062249665
195,300,524,313.16609011832685
191,298,521,315.42986542177647
271,683,243,316.07752213657966
204,296,535,316.4048040090416
188,297,512,317.40510392871755
216,295,574,317.83328963467625
282,316,671,319.3994364428341
242,299,615,319.4761336938958
244,299,616,319.6779629564728
171,307,455,319.75146598569336
274,688,240,320.1515266245032
253,299,623,321.1744074486633
156,327,401,322.0636583037583
159,321,408,324.237567225021
276,695,234,327.6858251435359
145,322,394,329.7711327572503
157,308,416,332.62741919450957
158,307,418,332.73713348527843
154,307,416,333.54160160315837
129,384,307,333.94610343586885
164,301,429,334.07334524023315
232,283,616,335.3595085874262
148,305,412,337.0014836762592
143,305,406,339.52024976428135
161,294,430,340.2425605358624
144,302,409,340.9750724026611
132,309,390,343.1180554852805
201,573,210,343.22295960497746
133,307,392,343.95639258487404
141,296,412,345.2202195700594
136,300,403,345.3230371695465
184,269,509,345.56186132152953
152,289,427,345.98410368107955
186,268,514,345.98410368107955
124,340,336,346.7116957934935
162,284,438,346.91929897311854
140,294,412,347.0518693221519
163,283,439,347.5413644445795
134,297,402,348.4623365587736
275,285,672,348.66889737973474
353,781,246,348.69184102872265
160,282,438,348.81083698761427
135,296,403,348.9412558010302
215,614,201,350.0057142390678
151,283,431,350.2013706426632
142,287,419,350.78340895772135
149,283,429,350.891721190455
121,363,303,351.4327816240255
120,360,306,351.46692589772937
123,385,282,351.98011307458836
313,297,710,352.85407748813105
198,574,200,353.0509878190401
219,618,198,353.0509878190401
150,279,433,353.28883367579
196,571,200,353.3864739912947
130,295,394,353.74849823002785
229,265,622,354.18921496849674
127,297,388,354.6744986603914
117,357,303,355.7091508522096
147,276,432,356.4505575812724
331,303,729,356.6020190632689
137,281,418,356.72117963473937
193,255,546,357.03501228871096
295,723,211,357.66045350303966
146,275,431,357.72754995946286
131,284,407,358.21781083580976
155,470,218,362.01243072579706
325,289,727,367.8382796827976
112,376,266,370.0283772901749
324,285,727,371.35562470494506
305,277,713,372.1142297736006
327,286,731,372.3922662999327
104,344,292,372.6996109469394
105,358,277,373.6201279374547
110,296,349,375.04666376332426
174,521,187,375.2026119312071
322,280,726,375.2985478255944
102,315,321,375.6447790133652
311,274,719,377.4493343483334
109,376,256,377.78433000853806
153,245,455,379.3481250777444
319,275,726,379.7288506289718
99,316,313,379.81574480266084
213,617,171,380.0328933131973
98,317,311,380.2959373961284
332,278,740,383.76685630731583
95,319,300,385.8108344772085
247,669,168,387.2182846922392
119,421,214,387.36287896493127
139,470,190,387.9239616213466
165,230,475,389.48684188300894
125,443,196,393.17426161945036
177,536,164,394.3919370372574
92,354,251,395.68169025114116
122,435,197,395.7840320174628
126,451,184,400.7617746242773
89,283,320,401.9975124301144
114,239,397,403.54058036336323
297,737,165,405.73513527916214
299,741,166,406.0369441319349
298,738,164,406.99508596542046
113,422,191,407.0626487409524
169,205,508,409.26519519744164
224,658,144,409.59125967237145
200,203,574,409.6461888019953
239,668,143,411.82520563948003
238,668,142,412.8159396147392
168,201,508,413.2432697576574
107,414,187,414.36698710201324
176,197,521,416.08292442733097
181,545,140,416.4252634026903
118,438,170,418.8520025020771
190,585,131,420.8669623527131
111,426,172,422.1812407011946
183,190,538,422.2001894836145
258,687,134,423.69092508572805
261,689,134,424.04952540947386
180,547,131,425.0
179,546,130,426.1419951143046
172,185,519,428.1973843918246
170,185,518,428.2732772424635
189,585,123,428.85078990250213
175,183,524,429.8488106299702
182,180,536,432.2603382222338
100,207,399,432.5840958703868
79,280,269,435.600734618297
93,206,385,438.62512467937813
94,202,388,441.2131004401388
106,430,147,443.1026968999399
103,428,147,443.92792207744714
101,191,408,444.6234361794259
91,405,157,445.06741062450305
173,167,528,445.5939855967538
166,168,503,446.5870575822815
82,350,188,447.67510540569486
167,166,504,448.4696199298231
81,350,187,448.4863431588525
269,714,114,448.74603062311314
220,643,99,453.0618059382185
80,203,337,461.6026429733695
90,177,392,463.14792453383615
97,425,127,463.4058696218683
62,239,258,474.31845842218706
74,198,317,475.55441329042463
59,245,248,475.9180601742279
58,244,248,476.689626486669
54,228,258,483.01656286301403
86,161,365,487.84936199609814
65,322,150,494.87473162407474
60,316,153,496.0040322416744
47,241,221,496.5289518245638
48,227,237,496.8108291895417
46,243,216,498.3833865609888
50,208,257,499.6518788116382
51,207,258,499.873984119998
45,240,217,499.9399963995679
61,321,144,500.3298911718148
49,209,254,500.61761854733
88,133,402,501.6393126540224
67,331,135,502.0129480401875
64,328,133,505.35136291495246
56,321,135,507.6780475852782
57,323,131,509.82447960057783
138,105,496,509.97450916687984
44,206,242,510.2127007435232
42,227,214,511.6580889617597
96,111,428,515.8778925288425
72,143,334,516.768807108169
39,207,230,516.7842876868452
38,219,215,517.0541557709405
37,215,215,520.1009517391792
128,96,482,520.5929311852016
63,128,330,532.0686045990686
41,155,270,536.4792633457513
40,154,270,537.3313688963264
43,293,118,537.8196723809942
116,50,465,568.5419949308933
34,220,138,569.4146116846669
115,47,465,571.5076552418174
108,47,455,573.097722905963
71,71,357,574.7321115093536
33,215,135,575.0347815567333
69,71,353,576.0946102854981
68,70,353,577.0337945042734
78,59,386,577.0909806954186
70,68,357,577.556923601475
32,217,128,578.7521058277024
55,72,341,579.3962374748389
84,53,397,579.8249735911692
30,206,136,580.5695479440857
76,56,382,581.1170278007693
53,70,339,581.9862541332054
52,71,336,582.1563363908358
73,59,368,582.4929184118894
75,57,372,583.1517812713943
66,62,352,584.8940074919558
85,47,398,585.3494682666073
27,177,159,585.5672463517747
29,206,127,587.0366257738949
83,44,398,588.2456969668372
77,46,388,589.0033955759508
87,41,402,590.1203267131204
36,87,280,590.8180769069274
31,122,216,593.5697094697471
26,160,166,593.7415262553227
28,121,209,598.3686154871426
35,260,65,600.0833275470999
25,129,184,606.6119022900886
24,138,162,613.1859424350822
21,135,161,616.1404060764072
22,134,162,616.283214115069
18,131,153,624.3116209073798
17,129,152,626.4902233874045
23,200,75,629.5395142483115
19,190,79,633.1413744180678
16,109,162,635.8694834633912
20,199,67,636.258595226815
11,161,101,637.1036022500579
12,167,94,637.8667572463704
13,110,157,638.1535865291364
14,106,162,638.2452506677978
10,114,150,639.3786045841697
15,100,167,640.0
8,158,99,640.6403046952322
9,164,93,640.6777661195994
7,109,150,643.2806541471615
4,149,102,644.9573629318453
6,157,93,645.5919764061508
5,162,84,648.5283339993712
3,146,94,652.6905851933211
2,143,96,653.441657686438
1,138,62,681.0264312051332
0,136,63,681.7037479726806
