374,680,523,36.05551275463989
377,656,561,44.721359549995796
373,680,512,45.617978911828175
372,681,508,48.84669896727925
410,722,614,64.8459713474939
361,652,508,65.79513659838392
382,647,597,68.8839603971781
407,702,628,75.02666192761077
379,726,482,75.61084578286372
363,677,479,77.4919350642375
383,641,604,77.98717843338096
378,634,596,78.77182237323191
412,710,632,79.63039620647382
411,704,635,82.09750300709517
387,639,611,84.17244204607586
397,763,492,87.69264507357501
358,612,551,88.02272433866155
376,622,596,89.06739021662193
388,638,618,89.8276126811795
398,765,489,91.21951545584969
381,631,613,91.43850392476902
348,602,543,98.50888284819801
336,624,490,98.71676655968832
384,627,621,99.76472322419383
414,724,658,107.70793842609746
408,675,660,109.88175462741756
335,648,455,110.9414259868693
409,675,665,114.75626344561765
333,651,449,114.96521212958292
371,720,433,121.6552506059644
406,661,669,122.38055401083949
315,622,454,126.03570922560003
310,621,451,129.0155029444136
307,616,453,130.59862173851607
323,649,431,132.23085872821065
352,701,417,136.0036764208968
300,578,491,136.85028315644803
351,701,414,139.00359707575916
413,688,693,140.51334456200237
375,580,634,144.77914214416384
308,638,422,144.9310180741169
292,599,449,144.97241116847025
290,599,447,146.4137971640651
303,632,423,146.71059948074645
289,571,480,148.22280526288793
288,569,482,149.00335566691106
344,700,398,155.0
286,611,426,155.08062419270823
357,554,608,156.01602481796542
283,611,423,157.54681843820268
415,705,711,158.07909412695912
278,597,432,158.90248582070703
279,598,431,159.02201105507376
301,534,539,166.5893153836704
273,589,426,168.67127793433
284,628,400,169.09464805250343
314,530,557,170.0470523119998
280,536,507,170.32909322837364
272,591,421,171.18703221914913
404,587,710,193.43732835210477
393,568,695,193.8762491900439
405,599,719,194.31160541768986
291,505,552,195.00256408570633
355,738,361,195.72429588581997
334,511,604,195.76005721290542
268,509,507,196.46119209655632
365,754,364,196.562967010574
366,755,364,196.84003657792792
367,528,650,197.46645284705957
369,756,363,198.08079159777205
349,731,353,202.38824076511955
345,727,350,204.78769494283586
330,502,606,204.97072961767003
343,507,624,205.64532574313475
359,516,645,205.71825392998065
246,527,439,207.18349355100662
354,511,638,207.23416706711276
346,731,346,209.3083849252103
243,521,443,210.09759636892565
257,588,375,210.304541082688
263,492,507,213.02582003128165
326,494,608,213.21585306913744
266,491,510,213.37759957408838
235,524,431,214.1494805036893
337,720,338,215.92822881689185
233,515,441,216.26141588364763
402,559,719,217.8003673091485
231,512,441,218.8332698654389
401,557,719,219.10043359153812
226,539,404,219.36727194365162
225,509,441,221.41589825484527
237,493,468,223.77220560203628
356,499,654,224.94888308235718
341,490,634,225.07998578283232
392,541,713,225.5681715136247
350,492,647,228.25424421026653
342,735,327,228.69411885748178
259,475,511,228.8864347225497
338,730,326,228.97379762758882
250,478,496,229.20078533896867
360,758,331,229.45151993395032
256,474,511,229.8695282111137
260,473,514,230.32585612562042
339,733,324,231.36551169091732
262,614,337,232.4908600354001
347,485,647,234.65080438813757
362,490,666,238.47222060441337
321,470,618,239.0083680543424
234,467,492,240.85265205099984
252,606,331,241.0808992848666
255,615,327,241.4560001325293
254,611,328,241.96280705926685
245,600,332,242.5716389028198
248,606,327,244.76927911811154
230,462,493,245.446531855718
281,673,309,245.48930730278255
251,455,518,247.48737341529164
270,452,563,248.20153101864622
240,455,507,249.28096598015662
236,597,324,251.09759058979438
340,468,650,251.46172671005024
214,487,417,252.7152547829276
223,585,327,253.57641846196975
222,458,461,258.897663179875
385,505,725,260.0173071162764
217,457,457,261.27571643763605
218,456,458,261.8415551435639
264,645,292,266.73207531153804
211,459,421,274.781731561616
277,429,599,274.8763358312243
208,486,380,275.1817581163403
380,485,731,279.12183719659055
206,486,372,280.28021692584724
199,486,364,285.5118211212979
249,414,550,286.01573383294846
287,418,617,289.1712295509358
267,412,583,289.5582842883277
389,484,747,290.33084576048753
265,403,582,298.41246622753545
386,472,748,300.01499962501873
394,482,760,300.6210238822295
203,535,296,305.4079239312562
390,470,758,308.09901006007794
202,535,292,308.7814761283455
271,683,243,310.4657791126101
274,688,240,313.22994748267604
399,477,773,313.2554867835518
400,477,774,313.9585959963511
353,781,246,317.5059054568907
403,480,782,317.55471969410246
241,640,240,318.6989174754128
276,695,234,319.03918254659567
396,467,771,319.0814942926023
212,579,257,319.77648443874045
395,465,771,320.5448486561592
194,392,458,322.31816579274584
364,424,721,323.10988842807024
368,424,723,324.154284253656
192,543,260,332.412394474093
178,417,372,335.9315406448165
187,520,263,341.32096331752024
185,515,265,342.29957639471303
295,723,211,342.7725193185708
209,350,509,352.7548723972498
210,348,512,354.37973982720854
227,344,580,357.0224082603219
228,344,581,357.0994259306503
316,364,681,359.5552808679077
328,368,694,360.70070695799865
329,368,695,361.09278585981195
312,361,679,361.65867886724357
215,614,201,362.3534186398688
293,353,661,363.4184915493432
219,618,198,364.3473617305332
320,361,687,364.5229759562489
201,573,210,365.75674976683615
296,350,666,367.78934187928826
285,346,660,369.8175225702536
294,347,665,370.34173407813495
302,350,675,370.6534769835567
306,350,680,372.32915545253775
370,382,748,373.026808688062
317,351,689,374.5624113549036
198,574,200,374.8132868509333
304,347,681,375.49034608096116
196,571,200,375.8324094593227
318,349,691,377.1538147758816
309,345,685,378.74661714660897
205,315,524,386.0906629277636
247,669,168,386.24603557836036
299,741,166,389.16577444580093
297,737,165,389.76018267647606
298,738,164,390.85163425525036
213,617,171,390.9130338067535
197,308,522,393.2238548206352
207,307,533,393.5085767807355
221,301,576,399.66235749692515
129,384,307,400.4647300324961
195,300,524,401.0498722104272
282,316,671,401.721296423279
156,327,401,402.7815785261287
191,298,521,403.27162062312294
204,296,535,404.40079129497263
171,307,455,405.03456642612616
188,297,512,405.0802389650722
216,295,574,405.54407898525653
242,299,615,405.7647101461634
159,321,408,405.79058638662383
244,299,616,405.9187110740277
155,470,218,406.3557554655772
253,299,623,407.06387705125593
174,521,187,407.4272941274308
145,322,394,410.07926063140525
224,658,144,411.1508239077237
239,668,143,411.2468844866791
238,668,142,412.2438598693739
157,308,416,415.25052679075554
123,385,282,415.5309856075717
158,307,418,415.5406117336788
154,307,416,416.19466599176883
164,301,429,417.8241256796931
261,689,134,419.1443665373543
258,687,134,419.2016221342661
148,305,412,419.4114924510295
121,363,303,419.6057673578856
120,360,306,420.24873586960376
124,340,336,420.34390681916636
143,305,406,421.46648739846444
232,283,616,421.7321424790859
177,536,164,422.15755352711625
144,302,409,423.24933549859236
132,309,390,423.6153915995027
161,294,430,424.2228188110583
117,357,303,424.4396305718871
133,307,392,424.6998940428406
136,300,403,427.20018726587654
141,296,412,427.8983524156175
139,470,190,429.7313114028346
140,294,412,429.78715662523
152,289,427,429.88021587414323
134,297,402,430.360314155476
135,296,403,430.9477926617098
162,284,438,431.6028266821245
275,285,672,431.7244491570984
163,283,439,432.30197778867495
313,297,710,432.5020231166555
112,376,266,432.83368630456664
184,269,509,433.240118179284
160,282,438,433.5308524199864
186,268,514,433.75684432640367
142,287,419,434.1946568072896
331,303,729,434.26374474505695
151,283,431,434.4801491437785
149,283,429,435.0459745819975
130,295,394,435.09309348689965
127,297,388,435.4698611844452
190,585,131,437.3888430218585
150,279,433,437.7682035050056
119,421,214,439.04669455537413
269,714,114,439.2231778947919
105,358,277,439.4769618535197
109,376,256,439.52815609469206
125,443,196,439.88407563811626
137,281,418,440.21131289415996
229,265,622,440.4384179428493
131,284,407,440.8763999127193
147,276,432,440.9274316710177
181,545,140,441.1280993090329
104,344,292,441.42609800509075
146,275,431,442.16399672519697
122,435,197,443.80288417269213
193,255,546,445.05505277437305
189,585,123,445.1123453691214
126,451,184,445.1539059696096
325,289,727,446.314911245412
180,547,131,448.8797166279626
102,315,321,449.49860956403415
324,285,727,450.0011111097394
179,546,130,450.1610822805543
327,286,731,450.64398365006497
305,277,713,452.2488253163296
110,296,349,452.5836939174897
99,316,313,452.831094338717
98,317,311,453.0485625184126
322,280,726,454.23452092503936
113,422,191,456.42962217630003
311,274,719,457.20017497809425
95,319,300,457.35106865514155
220,643,99,457.56420314530726
319,275,726,458.86163491841415
92,354,251,459.26027478979717
332,278,740,461.5766458563518
118,438,170,464.03986897679385
107,414,187,464.49111939842294
153,245,455,465.4342058766201
111,426,172,469.2941508265365
165,230,475,476.42837866776995
89,283,320,477.67980907716833
114,239,397,486.6795660390931
106,430,147,487.58178801099615
103,428,147,488.6921321241012
91,405,157,493.8025921357643
169,205,508,497.04124577342674
200,203,574,497.44346412431634
168,201,508,501.0249494785664
176,197,521,504.016864797201
82,350,188,505.69259436934607
81,350,187,506.4148497032843
79,280,269,507.00690330605954
97,425,127,507.0512794580051
183,190,538,510.22054055084845
172,185,519,516.1211098182287
170,185,518,516.1879502661797
100,207,399,516.4929815592851
175,183,524,517.8127074531872
182,180,536,520.2778104051719
93,206,385,521.7853964993654
94,202,388,524.6227215819002
101,191,408,529.2504133205755
173,167,528,533.5859818248601
166,168,503,534.3444581915302
167,166,504,536.2434148779824
80,203,337,541.9086638908811
90,177,392,547.2202481633881
62,239,258,547.3079571868109
59,245,248,547.768199149969
58,244,248,548.5991250448728
65,322,150,552.5332569176267
60,316,153,554.4871504372306
74,198,317,554.7071299343465
54,228,258,556.6048867913396
67,331,135,557.5706233294577
61,321,144,557.6038019956463
64,328,133,561.056146922926
56,321,135,564.2384247815811
57,323,131,565.8736608113157
47,241,221,566.4847747292066
46,243,216,567.8186330158601
48,227,237,568.8453216824412
45,240,217,569.6455038003899
86,161,365,570.8458636094335
50,208,257,574.1776728504863
51,207,258,574.5206697761187
49,209,254,574.8756387254551
42,227,214,581.936422644261
44,206,242,583.7439507181209
88,133,402,586.7623028109424
38,219,215,587.8817908389407
39,207,230,589.3878179942303
37,215,215,591.1590310567876
43,293,118,595.7130181555546
138,105,496,597.7240165829043
72,143,334,598.5064744846125
96,111,428,602.117928648533
128,96,482,608.1586963942882
63,128,330,613.9324067028878
41,155,270,614.0960836872354
40,154,270,614.9837396224391
34,220,138,634.5273831758564
33,215,135,640.2725981954874
32,217,128,643.361484703584
30,206,136,646.4711903867023
29,206,127,652.3128083979342
27,177,159,654.8014966384851
116,50,465,655.9298743005993
35,260,65,657.0722943481942
71,71,357,658.8300236024463
115,47,465,658.902875999187
69,71,353,660.0310598752153
108,47,455,660.3128046615483
68,70,353,660.9841147864297
70,68,357,661.6947936926813
78,59,386,662.3971618296684
55,72,341,662.818225458534
26,160,166,664.3560792225808
53,70,339,665.3540410939127
52,71,336,665.3795909103314
84,53,397,665.5411332141688
76,56,382,666.3159911033202
73,59,368,667.1626488346002
75,57,372,667.9895208758892
66,62,352,668.9132978196801
31,122,216,669.068755809147
36,87,280,671.0424725753206
85,47,398,671.1437997925631
28,121,209,673.4812543790658
83,44,398,674.0630534304636
77,46,388,674.493143034086
87,41,402,676.0783978208444
25,129,184,679.8543961761223
24,138,162,684.6349392194354
21,135,161,687.6692518936702
22,134,162,687.9222339770681
23,200,75,691.7253790341945
18,131,153,695.5292948539263
19,190,79,696.2585726581756
17,129,152,697.7406394929279
20,199,67,697.9949856553412
12,167,94,703.3988910994956
11,161,101,703.4379858949899
9,164,93,706.3257039071989
8,158,99,707.0219232810252
16,109,162,708.6338970159416
13,110,157,710.574415525918
14,106,162,711.1378206789454
10,114,150,711.1996906635998
6,157,93,711.6523027434114
4,149,102,712.040729172145
15,100,167,713.4395559541116
5,162,84,713.7261379548881
7,109,150,715.3251009156606
3,146,94,719.4421449984703
2,143,96,720.4845591683419
1,138,62,746.274078338515
0,136,63,747.1251568512467
