282,316,671,31.016124838541646
313,297,710,39.84971769034255
305,277,713,41.773197148410844
311,274,719,48.27007354458868
253,299,623,50.96076922496363
229,265,622,53.85164807134504
322,280,726,54.230987451824994
319,275,726,54.91812087098393
324,285,727,55.0
325,289,727,55.14526271584895
232,283,616,56.0357029044876
244,299,616,57.723478758647246
242,299,615,58.69412236331676
327,286,731,59.00847396772772
331,303,729,59.77457653551382
309,345,685,61.39218191268331
285,346,660,62.16912416947821
294,347,665,62.39390995922599
304,347,681,62.64982043070834
302,350,675,65.06919393998976
296,350,666,65.27633568147036
306,350,680,65.49045732013177
318,349,691,66.76076692189807
317,351,689,68.15423684555495
332,278,740,68.3593446428504
293,353,661,68.8839603971781
312,361,679,76.32168761236873
320,361,687,77.46612162745726
316,364,681,79.51100552753688
328,368,694,85.86617494683223
329,368,695,86.1278120005379
221,301,576,97.32420048477151
216,295,574,98.50888284819801
228,344,581,108.45275469069469
227,344,580,109.29318368498559
370,382,748,123.22743201089601
200,203,574,127.7810627597063
193,255,546,129.52219886953742
204,296,535,137.44089638822936
207,307,533,140.73023839957068
287,418,617,143.92359083902818
364,424,721,147.38385257551113
368,424,723,148.06079832285116
265,403,582,148.4048516727132
195,300,524,148.75819305167698
205,315,524,151.00993344810135
191,298,521,151.5585695366646
197,308,522,151.75308893067054
267,412,583,155.08062419270823
186,268,514,158.91192529196795
188,297,512,160.44936896105264
277,429,599,161.4465855941215
184,269,509,163.783393541592
183,190,538,164.2589419179364
182,180,536,171.81676286090365
210,348,512,171.95638982020995
176,197,521,174.77127910500627
209,350,509,175.4821928287882
249,414,550,177.55280904564702
175,183,524,179.74426277353055
169,205,508,182.4719156473127
172,185,519,182.7812900709479
170,185,518,183.61917111238685
168,201,508,184.26068490049633
340,468,650,184.31766057543157
173,167,528,186.17196351760379
321,470,618,192.7200041511
270,452,563,199.42417105255822
347,485,647,201.55644370746373
386,472,748,201.8539075668341
390,470,758,204.01225453388824
165,230,475,204.53361581901396
362,490,666,205.08778608196053
395,465,771,205.4288197892399
166,168,503,205.54804791094466
167,166,504,205.8761763779384
396,467,771,207.18349355100662
341,490,634,208.4922060893404
350,492,647,208.50419660045213
380,485,731,208.5209821576716
389,484,747,212.66405432042342
356,499,654,214.75567512873786
394,482,760,215.7614423385235
399,477,773,216.9446934128604
400,477,774,217.41205118392128
171,307,455,218.11235636707977
326,494,608,218.57950498617203
153,245,455,220.6558406206371
403,480,782,223.8861317723811
385,505,725,226.29405648403582
330,502,606,226.81490250863146
343,507,624,227.1299187689724
354,511,638,228.54321254414887
251,455,518,229.38177782901587
359,516,645,232.57256931977167
163,283,439,233.0085835328819
162,284,438,234.00213674238105
160,282,438,234.01922997907673
334,511,604,236.00847442411893
240,455,507,236.90715480964266
150,279,433,239.07530194480566
194,392,458,239.25927359247748
147,276,432,240.16869071550522
151,283,431,241.0082986123092
146,275,431,241.2073796549351
161,294,430,242.1672975444868
149,283,429,243.00823031329617
164,301,429,243.52617929085162
367,528,650,243.9938523815713
152,289,427,245.03265088555034
260,473,514,245.57687187518292
256,474,511,248.2780699135548
259,475,511,249.04015740438328
291,505,552,250.59928172283335
230,462,493,251.7339865810733
138,105,496,251.745903640953
142,287,419,253.00790501484337
137,281,418,254.03149411047443
158,307,418,254.95097567963924
234,467,492,255.97656142701817
154,307,416,256.9435735720977
157,308,416,257.0311265197272
392,541,713,259.26241532470533
140,294,412,260.155722597063
141,296,412,260.2325882744127
148,305,412,260.76809620810593
250,478,496,261.1991577321795
266,491,510,262.0686932847951
144,302,409,263.54885695066105
263,492,507,264.7149410214694
131,284,407,265.0018867857359
159,321,408,266.4432397340942
143,305,406,266.7508200549719
128,96,482,267.9944029266283
135,296,403,269.2248131209306
136,300,403,269.41789101691074
134,297,402,270.266535109325
314,530,557,270.64737205448716
222,458,461,272.8552729928451
218,456,458,273.9288228719278
156,327,401,274.23530042647684
217,457,457,275.3343422096125
401,557,719,276.0307953834137
357,554,608,276.508589378341
402,559,719,278.0017985553331
130,295,394,278.1797979724624
268,509,507,278.2103520719529
114,239,397,278.8207309365643
101,191,408,280.2356151526783
145,322,394,280.4514218184675
133,307,392,280.8629559055448
301,534,539,282.29417280560364
132,309,390,283.0194339616981
100,207,399,283.9242856819402
393,568,695,283.9330907097656
127,297,388,284.2534080710379
237,493,468,291.3417237540823
94,202,388,295.8800432607782
375,580,634,297.4373883693844
93,206,385,297.6743186773088
96,111,428,299.6865028659115
90,177,392,300.1066477104431
280,536,507,300.37643050013094
404,587,710,304.381339769704
211,459,421,305.41283535568704
88,133,402,309.84512260159914
116,50,465,313.16768671112925
115,47,465,315.42510997065534
405,599,719,317.49803148996057
225,509,441,321.7716581677137
108,47,455,322.07607796916557
110,296,349,323.18725222384626
231,512,441,323.86725675807367
214,487,417,325.3136947624554
233,515,441,325.97699305319077
178,417,372,327.7560068099439
243,521,443,328.8419073050149
86,161,365,331.09666262286606
246,527,439,335.93600581063055
235,524,431,339.4142012350102
124,340,336,340.4717315725345
288,569,482,341.69577111811026
348,602,543,342.24260401066374
300,578,491,344.3980255460243
289,571,480,344.4706083252967
80,203,337,344.88983748437704
376,622,596,345.46345682285994
384,627,621,345.7817230566127
358,612,551,348.66889737973474
381,631,613,350.9943019480516
89,283,320,352.00568177232594
102,315,321,352.27971840570103
208,486,380,354.4925951271761
388,638,618,357.1064267133819
378,634,596,357.179226719584
387,639,611,359.21720448775835
84,53,397,359.79021665409414
99,316,313,360.33595435371143
206,486,372,361.1107863246403
98,317,311,362.41550739448223
383,641,604,362.4362012823774
85,47,398,362.93250061133955
87,41,402,363.91757308489514
78,59,386,364.51611761347397
83,44,398,364.90683742566404
74,198,317,365.5051299229602
72,143,334,366.61696632861936
199,486,364,367.78390394360656
226,539,404,369.2424677633926
76,56,382,369.5145463983793
382,647,597,369.68770604389863
77,46,388,371.183243156261
95,319,300,373.5505320569093
120,360,306,373.60540681312415
117,357,303,375.9587743356976
406,661,669,376.0119678946403
63,128,330,376.31502760320376
75,57,372,376.807643234582
121,363,303,377.1538147758816
129,384,307,378.187784043853
73,59,368,378.80337907679757
71,71,357,380.81622864578657
70,68,357,382.510130584799
69,71,353,384.1314879048579
104,344,292,384.5529872462311
68,70,353,384.68948516953253
336,624,490,384.76616275343133
292,599,449,385.12984823303424
290,599,447,386.29134082969034
377,656,561,387.2492737243028
66,62,352,390.0371777151506
409,675,665,390.06281545412656
408,675,660,390.1845717093386
273,589,426,391.0652119531984
55,72,341,393.6114835723165
278,597,432,393.6292672045614
279,598,431,395.03164430207363
272,591,421,395.77392536649
53,70,339,396.37608404140633
307,616,453,396.8904130865345
52,71,336,398.3616447400528
315,622,454,401.3639246369808
105,358,277,401.6889343758426
361,652,508,401.9763674645563
310,621,451,402.16538886383546
123,385,282,402.6164427839479
79,280,269,403.0310161761747
413,688,693,403.54677547962143
286,611,426,408.40176297366787
283,611,423,410.2157968679412
112,376,266,416.0733108479802
62,239,258,416.54771635432115
54,228,258,417.90549170835266
407,702,628,419.3149174546501
411,704,635,420.63047916193614
51,207,258,421.283752357007
415,705,711,421.8068278252499
50,208,257,422.08293024001813
374,680,523,422.1682129199213
41,155,270,422.49733726971584
40,154,270,422.8061021319347
335,648,455,422.91606732305644
257,588,375,424.28528138506056
49,209,254,424.85291572496004
109,376,256,425.8368232081392
59,245,248,425.88261293459726
58,244,248,425.9776989467876
373,680,512,426.1748467472007
92,354,251,426.6169241837459
412,710,632,426.8782027698299
303,632,423,427.09483724343943
333,651,449,428.58488074125995
372,681,508,428.6163785951255
391,700,553,431.7244491570984
308,638,422,432.560978360277
323,649,431,436.55125701342337
363,677,479,436.9359220755373
44,206,242,437.1967520464899
284,628,400,437.7590661539747
48,227,237,438.8496325622251
36,87,280,439.16739405379354
414,724,658,439.2231778947919
410,722,614,440.83216761030496
39,207,230,448.8295890424338
203,535,296,451.5263004521442
47,241,221,453.1412583290116
202,535,292,454.86261662176634
223,585,327,457.1925196238451
45,240,217,457.21985958617324
46,243,216,457.93012567421243
42,227,214,461.65788198621715
38,219,215,461.74126954388646
37,215,215,462.3299687452675
245,600,332,463.49217900629134
236,597,324,467.3842102596107
185,515,265,467.4922459249993
252,606,331,468.3182678478387
262,614,337,469.53807087391755
248,606,327,471.2387929701883
187,520,263,471.7054165472345
254,611,328,473.93248464311876
255,615,327,477.4149138851865
119,421,214,477.7656329205775
379,726,482,480.1885046520793
31,122,216,484.2571630858959
192,543,260,486.11521268110914
352,701,417,487.93544655005337
82,350,188,488.3451648168537
81,350,187,489.33628518637363
351,701,414,489.5099590406716
155,470,218,490.2458566882539
28,121,209,491.1873369703254
371,720,433,496.33254980909726
344,700,398,497.29367580937526
122,435,197,498.1214711292819
113,422,191,500.1299831043926
125,443,196,501.5376356765263
107,414,187,501.86253097835464
212,579,257,508.5872589831562
397,763,492,510.7680491181883
25,129,184,512.3280199247354
398,765,489,513.7012750616841
126,451,184,515.4609587543949
139,470,190,516.2838366635159
111,426,172,519.5007218474292
60,316,153,519.9249945905659
26,160,166,521.2110896748073
65,322,150,523.3096597617896
264,645,292,523.4500931320961
27,177,159,524.2451716515852
118,438,170,524.79805639884
91,405,157,528.7958017987662
61,321,144,529.2258497087987
24,138,162,530.7626588221896
281,673,309,531.331346713141
22,134,162,531.884385933635
21,135,161,532.5607946516529
15,100,167,537.8196723809942
34,220,138,537.9414466277905
56,321,135,538.2053511439663
67,331,135,538.9666037891402
174,521,187,539.3709298803561
16,109,162,539.5145966514715
14,106,162,540.5006938015898
64,328,133,540.7124929202209
18,131,153,541.3658651965416
33,215,135,541.5431654078925
30,206,136,541.7905499360431
57,323,131,542.3329235810786
17,129,152,542.8959384633486
13,110,157,543.9209501388966
103,428,147,544.1268234520331
201,573,210,544.4152826657238
106,430,147,544.6558546458489
345,727,350,546.8528138356792
32,217,128,548.2335268843013
349,731,353,548.3402228543881
337,720,338,548.4350462908073
10,114,150,549.2950027080167
355,738,361,549.4815738493876
29,206,127,550.695923355167
7,109,150,550.8720359575352
196,571,200,551.8876697299913
346,731,346,552.4418521437346
198,574,200,553.4482812332152
43,293,118,554.0577587219585
241,640,240,559.15024814445
365,754,364,561.0926839658489
366,755,364,561.9288211152726
97,425,127,562.6944108483751
369,756,363,563.3134118765503
338,730,326,563.6851958318579
177,536,164,566.6259789314288
342,735,327,567.031745143074
339,733,324,567.2812353674321
215,614,201,574.5276320595904
219,618,198,579.2797251760154
360,758,331,583.1037643507372
11,161,101,584.3089935984214
271,683,243,585.1880039782087
4,149,102,586.0
8,158,99,586.9054438323093
12,167,94,589.9220287461725
274,688,240,590.7901488684455
9,164,93,591.5082417008236
181,545,140,592.1351197150866
6,157,93,592.9797635670209
2,143,96,593.2453118230266
3,146,94,594.4787632876383
276,695,234,599.9533315183774
19,190,79,600.5614040212707
5,162,84,600.7270594870852
213,617,171,601.0199663904685
180,547,131,601.1031525453847
179,546,130,601.568782434727
23,200,75,603.0207293286028
35,260,65,607.5146088778442
20,199,67,611.0818275812168
190,585,131,618.6121563629347
189,585,123,625.6204919917506
0,136,63,626.9625188159177
1,138,62,627.4623494680776
247,669,168,633.6181815573161
295,723,211,635.897004238894
224,658,144,646.461909164028
239,668,143,653.0926427391446
353,781,246,653.8287237495765
238,668,142,653.9028979902139
258,687,134,671.6010720658508
261,689,134,672.8001189060537
220,643,99,675.642657031067
297,737,165,679.2297107753753
298,738,164,680.6416090719109
299,741,166,681.1549016193013
269,714,114,703.8501260921959
