40,154,270,1.0
51,207,258,53.36665625650534
50,208,257,54.57105459856901
49,209,254,56.32051136131489
44,206,242,58.180752831155424
31,122,216,63.28506932918696
74,198,317,63.702433234531945
72,143,334,65.11528238439882
39,207,230,65.60487786742691
63,128,330,65.79513659838392
36,87,280,68.73136110975832
28,121,209,69.83552104767315
54,228,258,73.97972695272672
48,227,237,79.20227269466452
37,215,215,81.39410298049853
80,203,337,82.41965784932621
38,219,215,84.38601779915912
62,239,258,84.8528137423857
25,129,184,89.8443097808648
42,227,214,91.21403400793103
58,244,248,91.67878707749138
59,245,248,92.64987857520376
86,161,365,95.1892851112981
47,241,221,98.97979591815695
45,240,217,100.16985574512923
46,243,216,103.24727599312246
26,160,166,104.12012293500234
52,71,336,106.82696288858914
55,72,341,109.22453936730518
24,138,162,109.32977636490436
53,70,339,109.48059188732951
22,134,162,110.02272492535349
21,135,161,110.81967334368028
27,177,159,113.1591799192624
15,100,167,116.76472069936193
16,109,162,117.38824472663352
69,71,353,118.0889495253472
14,106,162,118.59595271340417
68,70,353,118.80235687897779
18,131,153,119.4361754243663
17,129,152,120.83045973594572
71,71,357,120.93386622447825
13,110,157,121.63058825805291
70,68,357,123.03657992645927
90,177,392,123.96773773849388
66,62,352,123.98790263570072
79,280,269,125.00399993600205
93,206,385,125.80143083447024
10,114,150,126.81088281373961
94,202,388,127.01574705523721
7,109,150,128.51459061133875
88,133,402,133.82077566656082
73,59,368,137.18600511714013
89,283,320,137.41906709041507
100,207,399,139.08630414242805
75,57,372,141.4496376806954
101,191,408,142.61837188805654
30,206,136,143.37712509323097
34,220,138,147.13599151805107
33,215,135,147.73286702694156
76,56,382,149.4824404403407
78,59,386,150.57224179774968
29,206,127,151.82226450688975
114,239,397,152.26621424334422
32,217,128,154.94515158597252
77,46,388,160.63934760823702
110,296,349,161.62301816263673
84,53,397,162.88953311984167
96,111,428,164.01219466856725
99,316,313,166.6433316997713
95,319,300,166.7213243709394
98,317,311,167.10774967068403
85,47,398,167.47537132366656
102,315,321,167.93153366774212
4,149,102,168.1071087134628
11,161,101,169.10647533432893
83,44,398,169.42549985170473
8,158,99,171.0263137648707
2,143,96,174.41330224498358
87,41,402,174.41330224498358
3,146,94,176.22996340009834
12,167,94,176.40861656959956
6,157,93,177.01129907438113
9,164,93,177.22866585290316
127,297,388,184.62935844550833
5,162,84,186.1316738225926
130,295,394,187.01871564097536
131,284,407,188.1754500459611
104,344,292,190.2761151589973
135,296,403,193.82982226685345
134,297,402,193.8762491900439
19,190,79,194.18032856085088
137,281,418,194.3707796969493
133,307,392,194.90510511528424
132,309,390,195.2331938989884
124,340,336,196.42046736529267
136,300,403,196.7587355112855
140,294,412,198.70832896484234
60,316,153,199.0226117806718
142,287,419,199.06029237394384
92,354,251,199.90497742677644
141,296,412,200.11246837716035
23,200,75,200.124960961895
146,275,431,200.80089641234176
147,276,432,202.20039564748632
144,302,409,202.3116407921205
143,305,406,202.47468977627796
105,358,277,203.1206537996567
149,283,429,204.12006270820123
117,357,303,204.67779557147864
150,279,433,204.80478510034868
43,293,118,205.2997808084558
65,322,150,205.6428943581567
151,283,431,205.6817930688081
153,245,455,205.73040611440985
152,289,427,206.4097865896867
148,305,412,206.55265672462312
20,199,67,207.7137453323684
0,136,63,207.87015177749788
145,322,394,208.00240383226344
120,360,306,208.13697413001853
61,321,144,208.4034548657963
1,138,62,208.6935552430884
121,363,303,210.60151946270474
160,282,438,210.60151946270474
154,307,416,210.76052761368766
157,308,416,211.482859825566
82,350,188,211.53959440256097
162,284,438,211.81359729724625
81,350,187,211.92923347193044
161,294,430,211.94574777522666
163,283,439,212.00235847744713
158,307,418,212.1508896988179
56,321,135,213.96495040076073
108,47,455,214.21717951648975
164,301,429,215.8633827215723
159,321,408,215.87033144922904
156,327,401,216.20592036297248
57,323,131,218.04815981796315
165,230,475,218.28879952943075
128,96,482,220.05681084665386
64,328,133,220.6762334280699
112,376,266,221.03619613086
109,376,256,221.44299492194375
116,50,465,221.472345903501
67,331,135,221.812984290821
115,47,465,222.9102958591191
123,385,282,230.31283073246266
35,260,65,230.32585612562042
138,105,496,231.46490014686893
129,384,307,231.96982562393757
166,168,503,233.36237914453991
167,166,504,234.2584043316269
171,307,455,239.4347510283334
168,201,508,242.404620418011
169,205,508,243.19539469323837
170,185,518,249.80792621532248
172,185,519,250.80071770232237
176,197,521,254.48968544913564
175,183,524,255.53864678361276
173,167,528,258.2789190003706
184,269,509,264.7961480082367
182,180,536,267.1722290957651
186,268,514,268.895890634275
183,190,538,270.27578507887085
119,421,214,271.8308297452664
107,414,187,271.97426348829407
91,405,157,274.3519637254306
113,422,191,278.44209451877066
188,297,512,280.58510295452254
178,417,372,281.15476165272395
111,426,172,288.17529387509956
191,298,521,288.87713651308576
122,435,197,289.35963782117227
195,300,524,292.4739304621867
193,255,546,293.55749011054036
197,308,522,294.8101083748656
125,443,196,297.3550066839299
103,428,147,299.4294574687
118,438,170,300.1482966801578
204,296,535,300.17661467875877
205,315,524,300.1932710771512
106,430,147,301.2540456159884
194,392,458,302.51115681905026
207,307,533,303.7647115778921
97,425,127,305.5306858565928
200,203,574,307.7661449867415
126,451,184,308.24016610428953
209,350,509,308.45745249547787
210,348,512,309.5367506452182
155,470,218,319.2632142919068
139,470,190,325.0
216,295,574,334.6879143321432
221,301,576,339.0457196308486
211,459,421,339.43629741086914
199,486,364,344.0886513676381
206,486,372,346.3596396810691
208,486,380,348.79936926548476
218,456,458,354.8873060564438
217,457,457,355.2083895405625
222,458,461,358.1759344232943
185,515,265,360.0347205478938
227,344,580,363.0716182793692
214,487,417,363.0881435684729
228,344,581,363.9258166165187
187,520,263,365.0671171168392
229,265,622,368.78720151328463
232,283,616,368.9173349139343
242,299,615,373.84622507121827
244,299,616,374.7692623468472
174,521,187,375.2932186970609
230,462,493,379.44433056773954
202,535,292,380.63630935579437
203,535,296,380.888435109285
253,299,623,381.24139334547607
249,414,550,381.41971632310776
240,455,507,382.32054613896963
234,467,492,382.9203572546124
192,543,260,388.1288445864337
251,455,518,389.2351474366106
237,493,468,391.72439290909625
225,509,441,393.1373805681673
250,478,496,394.21440866614705
177,536,164,395.47060573448437
231,512,441,395.8408771210977
233,515,441,398.5486168587215
265,403,582,398.5573986265968
256,474,511,399.80245121809844
259,475,511,400.6007988010009
260,473,514,400.8241509689754
235,524,431,402.59408838183407
243,521,443,404.82712359722143
267,412,583,404.99135793248723
226,539,404,406.70874099286334
246,527,439,408.58903558465687
181,545,140,411.0960958218893
263,492,507,411.9927183822549
266,491,510,412.9116128180461
179,546,130,415.3083192039379
180,547,131,415.9146547069483
270,452,563,417.20258867845007
196,571,200,421.8483139707921
201,573,210,422.2842644475401
275,285,672,422.49733726971584
212,579,257,424.19924563817887
198,574,200,424.8070150079916
268,509,507,426.01056324931665
277,429,599,428.15534563987404
282,316,671,432.113411039278
223,585,327,433.7614551801485
285,346,660,434.25913922449575
287,418,617,435.40555807201173
293,353,661,438.2750278078823
294,347,665,439.1913022818189
296,350,666,441.40797455415327
236,597,324,445.28642467517466
257,588,375,445.5490994267635
280,536,507,448.69811677786214
245,600,332,449.29834186206386
291,505,552,449.47079994144224
302,350,675,449.4997219131509
190,585,131,451.9081765137692
304,347,681,453.6353160855094
306,350,680,454.00991178607546
189,585,123,454.43261326625753
248,606,327,454.58772530722825
252,606,331,455.10658092363377
309,345,685,456.4263357870578
312,361,679,457.9486870818607
305,277,713,459.4921109224836
254,611,328,459.67379738244813
316,364,681,461.0878441251732
273,589,426,461.18542908465787
272,591,421,461.4076288922844
313,297,710,462.3461906407362
317,351,689,462.57648016301044
255,615,327,463.51806868772655
318,349,691,463.54827148852576
262,614,337,463.8642042667229
215,614,201,464.157300922866
311,274,719,464.5018837421437
301,534,539,464.7601531973239
320,361,687,465.1075144523038
288,569,482,465.12363947664494
289,571,480,466.0
219,618,198,468.56483009291253
321,470,618,469.3921601390462
278,597,432,470.75258894667803
279,598,431,471.34912750529196
319,275,726,471.525184905324
314,530,557,472.2224052287227
213,617,171,472.4880950881197
322,280,726,472.8223767970378
328,368,694,474.4944678286566
324,285,727,475.1305083869063
329,368,695,475.3882623708751
325,289,727,476.2404854692637
300,578,491,477.2525536862008
290,599,447,477.98012510982085
326,494,608,478.71181309844445
292,599,449,478.72434657117657
327,286,731,479.2514997368292
283,611,423,480.98336769580715
286,611,426,481.9460550725569
331,303,729,482.2706708892839
330,502,606,483.01656286301403
332,278,740,485.828158920415
241,640,240,485.92694924237327
334,511,604,488.15161579165135
264,645,292,490.493628908674
284,628,400,490.5394989193021
340,468,650,492.309861774066
341,490,634,494.69283398893094
307,616,453,495.99395157602476
343,507,624,499.2193906490412
310,621,451,499.9169931098562
303,632,423,500.93712180272684
347,485,647,501.0279433325052
315,622,454,501.9412316197983
350,492,647,505.66589760433715
308,638,422,506.35264391528557
354,511,638,512.0156247615887
356,499,654,515.5501915429768
220,643,99,517.0928349919384
336,624,490,518.0357130546117
224,658,144,518.5412230478885
362,490,666,518.691623221351
281,673,309,519.4660720393586
323,649,431,519.5738638538317
359,516,645,520.5247352431967
357,554,608,522.9196879062788
348,602,543,523.7728515301266
247,669,168,524.0229002629561
364,424,721,525.1304599811365
335,648,455,526.5681342428537
368,424,723,526.8491245128913
333,651,449,527.3111036191065
239,668,143,528.4865182764836
271,683,243,528.689890200295
238,668,142,528.7277182066399
370,382,748,529.1625459157138
367,528,650,532.4744125307807
274,688,240,533.8436100582267
358,612,551,536.4792633457513
276,695,234,541.1986696214246
258,687,134,549.1083681751718
261,689,134,551.0462775484469
361,652,508,551.0471849125082
375,580,634,559.5721579921575
344,700,398,559.8294383113486
363,677,479,562.285514663147
351,701,414,564.6698150246744
352,701,417,565.442304749123
380,485,731,566.9400321021616
337,720,338,569.077323392876
376,622,596,569.5305084014376
295,723,211,571.0560392816103
386,472,748,573.5616793336179
385,505,725,574.0426813399854
372,681,508,577.3387220687696
345,727,350,577.5673120944432
338,730,326,577.7205206672168
373,680,512,578.0908233141225
377,656,561,579.3807038554183
378,634,596,579.4109077330181
389,484,747,579.4566420363132
269,714,114,580.3593714242926
339,733,324,580.5170109479997
390,470,758,580.8347441398457
346,731,346,580.9922546815922
349,731,353,581.9493105073672
374,680,523,582.7812625676978
342,735,327,582.7941317480813
381,631,613,586.7069114984074
392,541,713,587.5755270601389
371,720,433,588.0425154697575
384,627,621,588.204896273399
394,482,760,589.0916736807608
395,465,771,589.152781543124
383,641,604,589.7050110012632
355,738,361,590.0593190519069
396,467,771,590.2075905984267
382,647,597,590.75629493049
297,737,165,591.3958065458361
387,639,611,592.0616521951072
298,738,164,592.5580140374443
393,568,695,592.6162333247378
299,741,166,595.157122111464
388,638,618,595.3091633764761
399,477,773,597.2378085821426
400,477,774,598.0802621722272
401,557,719,602.6649151891953
402,559,719,604.0008278140023
360,758,331,606.0775527933698
365,754,364,606.3307678157196
403,480,782,606.439609524312
366,755,364,607.3186972257647
369,756,363,608.1529412902646
379,726,482,609.0853798934925
391,700,553,614.0960836872354
404,587,710,616.6230615213804
353,781,246,626.4598949653521
405,599,719,631.4562534332841
406,661,669,644.3888577559361
397,763,492,647.2619253439832
398,765,489,648.1211306538307
408,675,660,650.0
409,675,665,653.0122510336234
407,702,628,653.737714989735
411,704,635,659.2617082767662
412,710,632,662.6228188041821
410,722,614,663.1930337390464
413,688,693,680.4542600351621
414,724,658,688.6980470423886
415,705,711,704.9687936355765
