78,59,386,5.0
75,57,372,10.04987562112089
77,46,388,11.661903789690601
73,59,368,14.317821063276353
84,53,397,15.297058540778355
85,47,398,18.35755975068582
83,44,398,20.0
87,41,402,25.0
70,68,357,27.730849247724095
71,71,357,29.154759474226502
66,62,352,30.59411708155671
68,70,353,32.202484376209235
69,71,353,32.64965543462902
55,72,341,44.01136216933077
53,70,339,45.221676218380054
52,71,336,48.38388161361178
96,111,428,71.7007670809734
108,47,455,73.55270219373317
88,133,402,79.55501241279521
116,50,465,83.21658488546619
115,47,465,83.48652585896721
63,128,330,88.81441324469807
72,143,334,99.36297097007517
86,161,365,106.36728820459794
36,87,280,106.60675400742676
128,96,482,107.70329614269008
90,177,392,121.41251994749142
138,105,496,124.08464852672147
101,191,408,137.48090776540573
94,202,388,146.12323566086263
40,154,270,148.8220413782851
41,155,270,149.4824404403407
93,206,385,150.02999700059985
100,207,399,151.95394038984313
80,203,337,153.73353570382747
74,198,317,156.16977940690063
167,166,504,164.26807358704855
166,168,503,164.87874332369228
31,122,216,178.63930138690085
173,167,528,183.40392580312997
114,239,397,183.61372497719228
28,121,209,184.808008484481
170,185,518,187.44865963777923
172,185,519,188.1754500459611
175,183,524,190.50721771103582
168,201,508,192.09633000138237
169,205,508,195.13328778042973
51,207,258,195.38935487891862
50,208,257,196.7968495682794
165,230,475,197.29419656948858
182,180,536,197.71696942852427
176,197,521,197.99494943053472
49,209,254,199.4818287463798
153,245,455,202.6079958935481
44,206,242,205.1828452868319
183,190,538,205.65018842685265
25,129,184,211.02843410308478
54,228,258,212.03773249117714
39,207,230,214.2545215392198
15,100,167,219.45614596087302
62,239,258,221.05429197371402
48,227,237,224.2008028531566
146,275,431,224.4147945212169
14,106,162,225.61028345356956
147,276,432,225.61028345356956
16,109,162,226.29405648403582
137,281,418,227.86180022109892
150,279,433,228.7575135378071
131,284,407,229.36651891677653
37,215,215,230.58620947489467
58,244,248,230.8679276123039
13,110,157,231.38928237928394
59,245,248,231.68297304722245
149,283,429,231.81458107720488
151,283,431,232.22833591101667
160,282,438,232.83470531688354
38,219,215,233.36237914453991
22,134,162,233.4180798481557
142,287,419,233.94443784796422
163,283,439,234.04700382615454
21,135,161,234.6955474652214
162,284,438,234.77648945326703
24,138,162,234.78500803926983
89,283,320,235.3146829248018
152,289,427,237.30571000294114
7,109,150,237.9768896342668
10,114,150,239.14012628582432
130,295,394,239.30106560565082
42,227,214,239.7185850116757
26,160,166,239.73318502034715
140,294,412,239.88330496305906
135,296,403,240.91699815496622
18,131,153,240.96887765850593
127,297,388,241.07467722678797
17,129,152,241.306858584666
200,203,574,241.81191037663964
134,297,402,241.82845159327303
141,296,412,241.8677324489565
110,296,349,242.25812679866902
161,294,430,242.79209212822397
136,300,403,244.90202122481554
47,241,221,245.246814454337
45,240,217,247.14570601165622
144,302,409,247.4772716836841
184,269,509,247.98790293076797
164,301,429,249.46743274423616
186,268,514,249.73586046060746
46,243,216,250.04999500099976
143,305,406,250.15395259719563
148,305,412,250.80071770232237
79,280,269,250.88842141477951
133,307,392,251.19912420229494
132,309,390,253.12645061312736
154,307,416,253.2923212416831
158,307,418,253.56853117056934
27,177,159,253.71243564319033
157,308,416,254.2833065696606
193,255,546,257.87012234844116
171,307,455,261.4000765110829
102,315,321,266.08645211660064
145,322,394,266.27053911388697
159,321,408,266.2724168966812
99,316,313,269.0
98,317,311,270.4847500322338
156,327,401,271.66523517005265
188,297,512,273.82658746002005
95,319,300,275.48684179103725
191,298,521,279.0788419067271
195,300,524,282.3118842698621
204,296,535,284.62080036427415
124,340,336,287.7012339215805
30,206,136,288.12497288503124
197,308,522,288.277643947636
207,307,533,292.91978424135164
33,215,135,293.7515957403466
34,220,138,293.99319720020736
4,149,102,295.0406751619173
205,315,524,295.3726459914662
29,206,127,295.8462438497403
2,143,96,298.93979326948096
11,161,101,299.9766657591887
32,217,128,300.72745135753735
8,158,99,300.8205445111753
3,146,94,301.73498305632376
104,344,292,301.73498305632376
6,157,93,306.14049062481104
216,295,574,306.5697310564107
9,164,93,308.5206638136253
12,167,94,308.65028754238995
117,357,303,311.1944729586308
221,301,576,312.50759990758627
120,360,306,313.3560275469422
5,162,84,316.29100524675056
121,363,303,317.00157728314224
229,265,622,318.24675960644123
210,348,512,319.631037291437
105,358,277,319.73270086120374
209,350,509,320.2577087284551
92,354,251,325.5226566615602
232,283,616,326.01380338875225
0,136,63,328.8783969797956
1,138,62,330.3392195910138
19,190,79,331.30801378777426
129,384,307,336.4654514210932
242,299,615,336.6570955735227
244,299,616,337.3499666518436
23,200,75,339.09438214160963
112,376,266,340.3762623920769
253,299,623,342.24260401066374
123,385,282,343.8618908806267
109,376,256,343.9127796404199
194,392,458,344.4880259167218
20,199,67,345.9393010341554
60,316,153,346.46933486240886
227,344,580,349.4967811010568
228,344,581,350.06427981157975
82,350,188,352.23855552735847
81,350,187,352.7903059892661
65,322,150,352.95892112255785
43,293,118,354.7745763157219
61,321,144,356.1867487709221
178,417,372,361.1384775955063
56,321,135,362.26233588381774
57,323,131,366.4560000873229
64,328,133,368.76144050049487
275,285,672,369.5145463983793
67,331,135,369.64036576110027
35,260,65,376.9681684174408
282,316,671,388.7428455933305
249,414,550,395.4592267225535
305,277,713,397.997487429255
265,403,582,400.5109236962208
311,274,719,401.3639246369808
285,346,660,401.72627496841676
119,421,214,401.807167681215
211,459,421,404.88269906233336
294,347,665,405.9187110740277
313,297,710,407.0196555450363
218,456,458,407.15598976313737
293,353,661,407.49233121618374
107,414,187,407.66285089519744
319,275,726,407.7952917825315
217,457,457,407.9534287146022
296,350,666,408.7688833558641
267,412,583,408.8239229790742
222,458,461,409.68890636676997
322,280,726,410.50213154136
113,422,191,412.8401627748928
324,285,727,414.0845324326906
302,350,675,415.0722828616722
91,405,157,415.24209805847
325,289,727,416.30998066344745
304,347,681,417.23135069167563
327,286,731,417.9724871328255
240,455,507,418.1219917679528
306,350,680,418.6167698504206
309,345,685,418.7242529398076
230,462,493,420.9002257067582
332,278,740,421.24577149213025
251,455,518,421.5412198113015
122,435,197,421.7416270656716
111,426,172,425.4409477236529
234,467,492,425.46562728380303
312,361,679,425.7158676864183
317,351,689,425.76284478568584
318,349,691,425.8286040180955
331,303,729,425.9319194425325
316,364,681,429.26099287030496
125,443,196,429.3774563248518
208,486,380,430.00465113763596
206,486,372,430.11626335213134
199,486,364,430.37657928841804
320,361,687,431.335136523794
277,429,599,431.52983674364856
287,418,617,431.5889247883917
214,487,417,432.4187785006567
270,452,563,435.4044097158411
118,438,170,436.88442407575025
250,478,496,437.12698383879257
260,473,514,437.3934155883008
256,474,511,437.4528546026417
259,475,511,438.40848531934233
103,428,147,440.01022715386966
328,368,694,441.23463146040564
106,430,147,441.7023884925233
126,451,184,441.8472586765703
329,368,695,441.9423039266551
155,470,218,445.2998989445203
237,493,468,445.3818586336898
97,425,127,448.53762383996286
266,491,510,453.4412861661364
263,492,507,453.5647693549401
139,470,190,456.3551248753541
225,509,441,456.82600626496736
231,512,441,459.80104393095934
233,515,441,462.77640389285193
243,521,443,468.9840082561451
268,509,507,469.92978198875625
235,524,431,470.5581791872287
185,515,265,473.67710520986765
246,527,439,474.43650787012587
321,470,618,476.54170856284975
187,520,263,479.0167011702202
291,505,552,480.1051968058667
226,539,404,483.50077559400046
203,535,296,486.6590182047385
202,535,292,487.3817805375987
370,382,748,490.1346753699436
340,468,650,491.4956764814926
326,494,608,492.86915099243123
280,536,507,496.0090724976711
330,502,606,499.091174035366
364,424,721,500.3448810570565
368,424,723,501.70210284590195
341,490,634,501.85655321017776
192,543,260,502.04880240869016
301,534,539,503.1232453385552
174,521,187,504.23208941914834
347,485,647,504.24795487934307
314,530,557,505.27319343103886
334,511,604,506.269690975077
350,492,647,510.2166206622438
343,507,624,511.825165461801
362,490,666,518.6636675148935
356,499,654,519.8393982760444
354,511,638,522.0737495795015
288,569,482,522.6557184227491
289,571,480,524.2413566287955
177,536,164,527.184977024194
359,516,645,529.8764006822723
223,585,327,531.8514830288622
257,588,375,532.0460506384762
300,578,491,533.2588489654906
273,589,426,534.8130514488217
272,591,421,536.4196118711544
212,579,257,537.7304157289227
367,528,650,542.7780393494195
278,597,432,543.3056230152602
236,597,324,544.1001746002293
279,598,431,544.2104372391253
201,573,210,544.8605326136221
181,545,140,545.6051685972192
196,571,200,546.2133282884994
245,600,332,546.292961697293
290,599,447,546.8765857119868
357,554,608,546.882071382853
292,599,449,547.1179031982047
198,574,200,549.0428034315722
179,546,130,551.0027223163239
180,547,131,551.4363063854247
252,606,331,552.359484393995
248,606,327,552.7431591616489
380,485,731,553.0298364464616
386,472,748,554.0866358251208
283,611,423,556.5123538610801
286,611,426,556.7414121475068
254,611,328,557.6208389219327
390,470,758,559.2602256552848
262,614,337,559.8115754430235
255,615,327,561.6992077615919
389,484,747,562.5024444391331
395,465,771,564.4484033107012
307,616,453,564.482949255334
385,505,725,565.022123460666
396,467,771,565.8992843254001
310,621,451,569.1976809510031
348,602,543,569.2424790895353
394,482,760,569.5261188040457
315,622,454,570.5611273124028
284,628,400,572.2831467027489
399,477,773,574.5624422114623
400,477,774,575.2434267334135
303,632,423,577.4573577330191
336,624,490,578.1764436571244
358,612,551,581.1170278007693
375,580,634,581.4464721709128
403,480,782,582.9030794222998
308,638,422,583.3729510356133
190,585,131,585.527112950374
215,614,201,586.6216838815285
392,541,713,587.1848090678096
189,585,123,589.0008488958229
219,618,198,591.3543776789007
323,649,431,595.0210080324896
264,645,292,595.8363869385622
335,648,455,596.4838639896304
333,651,449,598.7603861312136
213,617,171,599.3680004805061
393,568,695,600.0941592783586
241,640,240,601.0158067804873
401,557,719,603.7963232746619
376,622,596,605.104949574865
402,559,719,605.4568523024576
361,652,508,609.1732101791739
378,634,596,616.344059758833
384,627,621,619.0008077539156
381,631,613,619.6660390887982
281,673,309,621.3034685240377
404,587,710,624.1354019762058
383,641,604,625.706800346616
377,656,561,626.1317752677945
387,639,611,626.3625148426429
388,638,618,628.0286617663241
363,677,479,628.530031104322
382,647,597,628.8926776485794
373,680,512,637.3978349508257
372,681,508,637.5743093945991
405,599,719,639.0758953363834
374,680,523,639.731975127084
271,683,243,642.2227028064331
344,700,398,644.1987271021264
351,701,414,645.7933105878382
352,701,417,645.9489143887464
224,658,144,647.339169215026
274,688,240,647.756126949024
247,669,168,649.280370872245
220,643,99,651.6578857038407
276,695,234,655.9153908851355
239,668,143,657.0121764472863
238,668,142,657.3766043905122
337,720,338,665.4562344737632
371,720,433,665.9557042326464
391,700,553,666.3159911033202
406,661,669,669.622281588658
345,727,350,671.7626068783525
349,731,353,675.6226757591844
346,731,346,675.9593183025144
338,730,326,676.3224083231311
379,726,482,677.4215821775979
258,687,134,677.9859880558005
408,675,660,678.5609773631254
339,733,324,679.479948195677
261,689,134,679.847777079546
409,675,665,680.6247130394253
342,735,327,681.2238985825438
355,738,361,682.3232371830817
295,723,211,688.5709839951144
407,702,628,691.253933081035
411,704,635,695.6385555732229
365,754,364,698.2320531170135
366,755,364,699.2317212483999
412,710,632,700.1542687151168
369,756,363,700.2578096672681
360,758,331,703.8501260921959
413,688,693,704.3756100263552
410,722,614,705.2517281084819
269,714,114,710.4843418401281
297,737,165,714.7377141301556
397,763,492,715.5061145790439
298,738,164,715.9944133860264
398,765,489,717.0285907828222
299,741,166,718.2485642171517
414,724,658,722.772439983706
415,705,711,727.6276520308996
353,781,246,737.6455788520664
