125,443,196,14.422205101855956
118,438,170,19.1049731745428
139,470,190,19.924858845171276
122,435,197,20.615528128088304
111,426,172,27.730849247724095
113,422,191,29.832867780352597
107,414,187,37.12142238654117
155,470,218,38.948684188300895
119,421,214,42.42640687119285
106,430,147,42.5440947723653
103,428,147,43.56604182158393
91,405,157,53.33854141237835
97,425,127,62.64982043070834
174,521,187,70.06425622241343
177,536,164,87.32124598286491
81,350,187,101.04454463255303
82,350,188,101.07917688624102
185,515,265,103.23274674249446
181,545,140,103.78824596263297
109,376,256,103.96634070698074
187,520,263,104.89041900955492
179,546,130,109.27488274987991
180,547,131,109.65856099730654
112,376,266,111.12605455067681
92,354,251,117.88977903109328
123,385,282,118.15244390193544
192,543,260,119.33147112141039
196,571,200,121.06196760337245
198,574,200,124.03628501370073
201,573,210,124.73972903610141
67,331,135,129.61867149450345
105,358,277,131.52186130069785
64,328,133,133.15404612703287
65,322,150,133.4053971921676
61,321,144,136.01470508735443
202,535,292,136.82105101189657
60,316,153,138.51353724455961
57,323,131,138.53880322855397
56,321,135,138.9280389266328
203,535,296,140.0
129,384,307,140.06427096158393
190,585,131,144.10065926289164
189,585,123,147.2311108427835
212,579,257,147.35331689514152
121,363,303,148.00337833982033
117,357,303,151.64761785138597
104,344,292,152.029602380589
120,360,306,152.2005256232711
215,614,201,163.88410539158457
213,617,171,166.50825805346713
219,618,198,167.5857989210303
43,293,118,171.23083834403195
95,319,300,175.72706109191037
199,486,364,183.3712082089225
98,317,311,184.6212338816963
99,316,313,186.72439583514523
124,340,336,188.2153022471871
79,280,269,190.9607289470796
178,417,372,191.049731745428
206,486,372,191.23022773609824
102,315,321,193.04144632694815
223,585,327,195.97193676646665
241,640,240,197.12178976460214
208,486,380,199.1004771465905
236,597,324,202.27703774773843
220,643,99,209.97380789041284
245,600,332,210.01190442448734
46,243,216,210.44714300745449
224,658,144,210.8293148497144
248,606,327,210.8885961829136
47,241,221,213.23461257497573
45,240,217,213.56497840235883
252,606,331,213.62116000059544
254,611,328,215.25798475317936
59,245,248,215.7127719909046
89,283,320,216.14809737770074
58,244,248,216.6679487141557
255,615,327,217.5890622251036
247,669,168,218.58636736997119
239,668,143,220.83930809527547
238,668,142,221.0271476538572
264,645,292,222.03603311174518
262,614,337,223.55759884199867
62,239,258,224.54398232862977
35,260,65,225.0377746068424
42,227,214,226.0
110,296,349,226.38462845343543
48,227,237,230.18470844085192
38,219,215,234.06195760951843
54,228,258,234.95744295510198
257,588,375,235.05318547086316
34,220,138,235.53555994796199
214,487,417,235.76471322061747
226,539,404,236.9472515139182
211,459,421,237.1349826575573
37,215,215,238.0273093575609
271,683,243,239.38462774372127
32,217,128,240.60756430336932
33,215,135,241.03319273494262
258,687,134,241.23847122712414
261,689,134,243.19539469323837
274,688,240,243.52617929085162
145,322,394,246.45689278249046
39,207,230,248.2982078066614
276,695,234,249.07027120874943
30,206,136,249.65776575143823
156,327,401,249.92999019725505
132,309,390,250.19992006393608
29,206,127,251.54323684011064
44,206,242,251.7717220022932
49,209,254,251.9206224190469
133,307,392,252.98221281347034
50,208,257,253.7282010340987
281,673,309,254.77244748991205
51,207,258,254.9745085297744
127,297,388,255.60125195311545
235,524,431,257.5616431070434
159,321,408,258.9903473104741
130,295,394,261.6027522790997
225,509,441,263.46346995361614
231,512,441,264.14011433328335
233,515,441,264.8490135907627
143,305,406,265.70660511172844
136,300,403,266.0112779564054
246,527,439,266.0845730214362
134,297,402,266.9082239272518
243,521,443,268.2927505543152
135,296,403,268.30206857197356
144,302,409,269.8629281690985
148,305,412,270.7397274136177
269,714,114,272.1562051469707
157,308,416,272.5307322119838
154,307,416,273.0567706540162
217,457,457,273.0659261057666
295,723,211,273.33678859604686
23,200,75,273.64575640780544
218,456,458,274.0456166407337
158,307,418,274.75807540452746
27,177,159,275.138147118861
272,591,421,275.26169366622736
141,296,412,275.6972977742074
140,294,412,276.82666056577716
222,458,461,277.0884335370208
20,199,67,277.83628272779634
273,589,426,278.5821243367923
131,284,407,278.6000717874997
284,628,400,279.2579452764057
194,392,458,280.28021692584724
19,190,79,281.3289889080043
74,198,317,285.82861998057507
142,287,419,286.56761854752534
297,737,165,286.6304240655552
237,493,468,287.08883642524313
164,301,429,287.2716484444645
279,598,431,287.43347056318964
283,611,423,287.6125866508627
298,738,164,287.69602013236124
278,597,432,287.7846417027844
137,281,418,289.2334697091607
286,611,426,290.1103238424996
299,741,166,290.5580836941213
80,203,337,291.39835277502857
26,160,166,291.556169545424
161,294,430,291.83043021590464
152,289,427,292.04965331258313
149,283,429,297.06733243492124
12,167,94,297.91945220142975
151,283,431,298.7189314389029
303,632,423,299.8032688280767
114,239,397,300.5212138934621
9,164,93,301.0813843464919
11,161,101,301.6438297064934
290,599,447,301.7830346457534
150,279,433,302.63013729633735
308,638,422,302.67639485100256
146,275,431,303.29028998634294
147,276,432,303.52759347380595
292,599,449,303.52759347380595
162,284,438,303.9819073563425
8,158,99,305.08031729365956
160,282,438,305.0852339920764
163,283,439,305.366992322353
5,162,84,305.81203377238114
171,307,455,306.88271375233893
6,157,93,307.76127111772854
41,155,270,308.24016610428953
234,467,492,308.41530441921975
230,462,493,309.19573088902763
40,154,270,309.2005821469293
337,720,338,309.9629010059107
4,149,102,312.93449793846634
338,730,326,313.05750270517393
250,478,496,313.16609011832685
24,138,162,313.7722103692422
339,733,324,314.83964172257595
307,616,453,315.5724956329369
310,621,451,316.52646018934973
323,649,431,316.56436944166666
21,135,161,316.8359196808342
93,206,385,316.9006153354708
22,134,162,317.7624899197512
342,735,327,317.9701243827791
3,146,94,318.0015723231569
289,571,480,319.3994364428341
315,622,454,319.59505628216465
2,143,96,320.3248351283428
288,569,482,320.51209025557836
18,131,153,321.49805598168086
94,202,388,321.895945920417
25,129,184,322.0
345,727,350,322.0745255371806
240,455,507,323.02476685232665
346,731,346,323.4872485894923
17,129,152,323.5861554516818
100,207,399,325.2091634625322
263,492,507,325.59176893772974
349,731,353,327.04892600343453
256,474,511,327.8078705583501
259,475,511,327.8795510549568
268,509,507,328.16611647152115
344,700,398,328.3245345690754
266,491,510,328.4448203275552
31,122,216,330.55256768024054
260,473,514,330.73252032420396
28,121,209,330.94561486745823
333,651,449,332.00150602068055
300,578,491,332.2318467576521
280,536,507,333.9970059746045
251,455,518,334.0239512370333
335,648,455,335.0373113550191
353,781,246,335.77373333838966
1,138,62,335.93600581063055
355,738,361,337.19134033957636
0,136,63,337.4403651017465
10,114,150,338.71079108879894
351,701,414,339.70575502926056
209,350,509,340.3321906608307
360,758,331,340.37920030460145
153,245,455,340.4071092089588
352,701,417,341.74405627603824
86,161,365,341.8493820383474
13,110,157,342.06724485106724
72,143,334,342.58429619584143
16,109,162,342.70687183072357
101,191,408,343.1850812608264
7,109,150,343.685903115039
210,348,512,343.7920883324688
90,177,392,344.0058139043583
14,106,162,345.70073763299956
15,100,167,351.411439768258
336,624,490,351.51813608973293
365,754,364,352.432972350772
366,755,364,353.2930794680247
369,756,363,353.6467163710134
63,128,330,354.4643846707311
188,297,512,362.3534186398688
301,534,539,364.5737236828787
165,230,475,365.40662281901785
205,315,524,366.1912068851463
371,720,433,366.55422518366913
197,308,522,367.0054495508207
249,414,550,367.8654645383282
191,298,521,370.1053903957628
363,677,479,371.61942898616053
291,505,552,371.9408555133464
195,300,524,372.02284876066415
184,269,509,372.4902683292545
36,87,280,376.4465433497829
186,268,514,377.3446700299343
207,307,533,377.54072627996044
270,452,563,379.00131925891765
314,530,557,381.2741795611132
361,652,508,381.2833591962807
204,296,535,383.70040396121556
88,133,402,385.5489592775475
348,602,543,389.46373387004854
372,681,508,397.33612974407447
373,680,512,400.03124877939223
358,612,551,400.7617746242773
265,403,582,400.8840231288845
267,412,583,400.90148415789133
379,726,482,405.49845869004236
169,205,508,406.80707958441434
374,680,523,409.0990100208017
168,201,508,409.2383168766092
52,71,336,409.2725253422223
227,344,580,410.20117015922807
55,72,341,410.23164188053556
228,344,581,411.16663288744627
53,70,339,411.3222580896881
193,255,546,411.655195521689
277,429,599,415.5827234137627
69,71,353,415.88580163309257
68,70,353,416.7997120920311
71,71,357,417.52724462003675
96,111,428,418.4925327888181
221,301,576,419.71895358680194
216,295,574,420.04285495649134
70,68,357,420.2594436773551
176,197,521,422.0011848324599
66,62,352,423.72750677764594
334,511,604,424.26406871192853
330,502,606,425.0705823742688
326,494,608,426.1748467472007
166,168,503,426.4387412044079
170,185,518,426.9800932127867
172,185,519,427.7627847300417
167,166,504,428.51487722131657
377,656,561,429.13168142191506
175,183,524,432.92493575676605
73,59,368,433.03579528717944
287,418,617,434.25568505202097
321,470,618,434.4156995321417
357,554,608,436.3312961500699
75,57,372,436.5546930225353
398,765,489,437.74535976980957
397,763,492,438.41532819918604
183,190,538,439.8147337231894
78,59,386,440.98526052465746
76,56,382,441.8472586765703
343,507,624,443.5493208201316
182,180,536,444.2352980122133
391,700,553,445.1539059696096
376,622,596,446.07734755308974
173,167,528,446.0851936569964
378,634,596,450.81370875340514
84,53,397,451.41222845642983
341,490,634,451.6868384179464
77,46,388,453.47657050833396
242,299,615,457.0175051351972
382,647,597,457.1487722831595
85,47,398,457.1783021972937
354,511,638,457.94759525517765
244,299,616,457.96069700357475
83,44,398,459.83149087464636
383,641,604,460.9772228646444
200,203,574,462.1731277346185
128,96,482,463.4964940536228
232,283,616,463.5169899798712
347,485,647,464.24670165764235
87,41,402,464.3533137601152
253,299,623,464.5696933722647
350,492,647,464.81178986768396
381,631,613,465.2322000893747
359,516,645,465.55987799637546
138,105,496,465.89698432164164
340,468,650,466.3099827368057
387,639,611,466.55439125572485
375,580,634,468.12498331108117
384,627,621,471.11039046066475
367,528,650,472.3187483045745
356,499,654,472.44470575930893
388,638,618,472.5727457228146
229,265,622,475.85712141356044
362,490,666,483.57522682618884
108,47,455,486.47404863980154
293,353,661,486.96303761168565
285,346,660,487.44333003950317
116,50,465,489.65498057305615
115,47,465,492.1148239994402
294,347,665,492.1148239994402
296,350,666,492.4682730897494
302,350,675,501.28036067653795
312,361,679,503.1152949374527
316,364,681,504.5572316397814
282,316,671,505.3652144736517
306,350,680,506.1788221567552
304,347,681,507.76470928964727
410,722,614,508.27256467371916
407,702,628,510.0362732198564
320,361,687,510.988258182123
309,345,685,512.0908122589195
317,351,689,514.8057886232439
275,285,672,515.4609587543949
328,368,694,516.7097831471744
411,704,635,517.117008035899
318,349,691,517.1585830284556
412,710,632,517.4794681917341
329,368,695,517.6968224743126
393,568,695,524.2232348913963
408,675,660,526.0722383855662
406,661,669,528.5120623032175
409,675,665,530.6006030904978
392,541,713,536.6013417799102
364,424,721,537.6783425060005
368,424,723,539.6758286230726
404,587,710,543.2973403211173
385,505,725,543.6883298361296
401,557,719,545.3998533186455
402,559,719,545.7920849554342
414,724,658,546.9963436806502
380,485,731,548.0556541082301
313,297,710,548.0802860895473
405,599,719,555.0936857864625
305,277,713,556.8814954727801
413,688,693,561.4712815451918
311,274,719,563.5192986934875
389,484,747,563.9663110505804
386,472,748,564.3908220373538
331,303,729,564.7379923468935
325,289,727,566.6506860491744
324,285,727,567.8071855832752
370,382,748,568.2050686151964
322,280,726,568.3352883641838
319,275,726,569.8596318392803
327,286,731,571.3440294603594
390,470,758,574.3143738406693
394,482,760,576.8335981892872
332,278,740,582.2928816326025
415,705,711,585.0170937673531
395,465,771,587.1669268615186
396,467,771,587.2180174347513
399,477,773,589.5735747131141
400,477,774,590.5726034959631
403,480,782,598.7027643163175
