207,300,524,11.180339887498949
218,307,533,12.041594578792296
202,298,521,13.341664064126334
209,308,522,17.69180601295413
216,314,524,21.470910553583888
199,297,512,22.090722034374522
198,272,516,29.206163733020468
196,268,514,33.60059523282288
194,269,509,36.069377593742864
193,266,509,38.28837943815329
232,295,574,40.0
206,255,546,41.7612260356422
240,301,576,42.42640687119285
220,348,512,57.38466694161429
219,350,509,60.41522986797286
246,344,580,67.20863039818622
247,345,580,67.94115100585212
176,307,455,79.90619500389191
248,283,614,80.89499366462674
259,299,615,81.09870529176159
260,299,616,82.09750300709517
267,299,622,88.09086218218096
169,230,474,88.45903006477066
192,204,536,91.02197536858887
177,204,511,93.86160024205851
154,245,454,94.33981132056604
250,266,624,94.5568612000208
174,204,508,94.64142856064674
167,283,439,95.75489543621255
166,284,438,96.62815324738438
165,282,438,96.87620966986684
190,198,537,97.04638066409278
173,201,509,97.26767191621273
183,197,524,98.50888284819801
153,279,433,102.25947388873072
155,283,431,103.69667304209909
149,276,432,103.75451797391764
211,199,574,104.0
156,285,430,104.47966309287182
148,277,431,104.5609869884557
164,294,429,105.00476179678711
191,190,540,105.17128885774862
152,283,429,105.68348972285122
168,301,427,107.16809226630845
151,288,425,109.22453936730518
178,185,519,111.01801655587259
189,184,538,111.07204868912791
175,185,518,111.15754585272202
170,314,424,111.6288493177279
181,183,524,112.44554237496477
188,180,536,115.0173899895142
145,287,419,115.27792503337315
163,307,418,116.61903789690601
138,281,417,117.83462988442744
281,403,582,118.18629362155326
159,307,416,118.6086000254619
160,308,416,118.71394189394942
266,415,550,121.06196760337245
144,296,412,122.00409829181969
141,293,412,122.01639234135715
205,390,457,122.28654872879518
150,305,412,122.40914998479485
146,302,409,125.19584657647394
132,284,407,127.47548783981962
283,413,583,127.76932339180638
180,167,528,128.14054783713078
143,304,405,129.31357237351384
161,321,406,130.61393493804556
171,168,502,130.96946208945045
137,300,403,131.0953851209111
135,296,402,132.00378782444085
172,166,504,132.4424403278647
157,321,404,132.5745073534124
136,299,401,133.06013678032951
303,346,660,135.9301291105103
158,327,400,137.7679207943562
309,353,659,137.80058055030102
292,285,672,138.36184445142382
300,316,671,138.6001443000692
131,297,393,141.01418368376991
312,351,664,141.54857823376398
134,307,392,142.50614021858848
147,322,394,142.57980221616245
128,297,388,146.01369798755184
140,322,389,147.49237268414933
114,239,397,148.00337833982033
305,418,617,148.38463532320318
296,429,599,148.93287078412206
319,350,673,149.48578527739687
323,350,679,155.08062419270823
324,347,681,155.92626462530293
329,360,678,157.99050604387594
287,452,563,159.65587994182988
256,453,506,160.46183346827368
268,455,518,160.79800993793424
336,363,680,161.05899540230592
101,206,398,162.53307355735325
102,190,407,164.78470802838473
338,351,689,164.80594649465777
100,192,405,165.07574019219177
339,349,691,166.02710622064097
342,361,687,166.6283289239858
249,462,493,171.95929750961417
350,368,690,172.23530416264836
94,205,387,172.3629890666787
328,442,626,173.4156855650607
93,206,385,173.55690709389816
351,368,692,174.04884371922728
354,368,694,175.86642658563346
332,297,710,176.0113632695344
337,443,631,176.9547964876906
254,467,492,177.05366418123066
335,294,712,178.0028089666003
236,456,458,178.03651310896873
239,458,460,179.0111728356641
275,473,514,179.12007146045917
235,457,457,179.36833611315015
325,277,713,179.90275150758535
273,474,511,180.47160441465576
274,475,511,181.46349495146399
111,296,352,182.00274723201295
340,450,631,182.84966502567076
89,177,392,184.62935844550833
331,273,719,186.30351580150065
265,478,496,186.90371852908652
345,292,721,187.0240626229684
343,278,726,192.75113488641253
341,275,726,193.03885619221847
349,289,727,193.0932417253385
347,283,727,193.3726971420733
344,470,618,194.11594473406868
356,302,729,195.12560057562922
139,102,495,196.9009903479411
280,491,509,197.58795509848267
353,286,732,198.20443990990717
278,492,506,198.97989848223364
185,417,374,201.20636172845033
125,341,335,204.2473990042468
129,96,482,205.6817930688081
251,490,468,205.86646157157313
357,278,740,206.70026608594387
87,133,402,208.96889720721597
308,504,551,209.69024774652732
369,470,651,210.50890717496966
352,494,608,212.31344752511555
96,111,428,212.34876971623828
104,316,321,214.03270778084362
284,508,507,214.70444802099468
88,283,319,215.3346233191495
86,161,365,215.67800073257357
355,501,607,218.55205329623422
81,202,336,218.7532856896097
368,492,634,220.92758994747578
374,485,647,221.06333933965624
97,316,311,223.98660674245681
99,318,310,225.17770760001977
228,486,414,225.5681715136247
359,510,604,226.10838109190027
230,487,414,226.4155471693585
377,492,647,227.1079038695043
392,424,722,228.0021929719098
395,424,724,229.65408770583642
241,496,422,230.09780529157595
372,507,624,230.31283073246266
396,382,748,231.00865784641059
388,490,666,235.47611343828487
92,316,299,235.9364321167886
334,530,557,236.1228493814184
383,499,654,236.67699507979225
76,197,318,237.19190542680835
122,362,306,237.6404847663798
121,359,305,237.77510382712484
118,357,304,238.20999139414786
321,534,539,239.0522955338434
380,511,638,239.73318502034715
119,361,302,241.20530674095875
242,507,418,241.66091947189145
298,536,507,242.5077318355025
227,497,399,242.9588442514493
282,534,474,246.4163143949686
130,385,304,246.9817807045694
386,517,643,247.315587862957
133,392,305,248.69660230891776
217,485,372,249.68780506864968
73,143,334,251.20509548972132
98,341,284,254.19677417308034
210,485,363,255.6188568944005
116,49,464,255.76551761330143
115,47,464,257.68973592287296
106,48,454,259.6324324887012
393,528,650,260.2786967848118
409,438,754,262.3909297212844
67,128,331,262.86498435508673
66,128,329,264.41255643406953
108,360,277,265.09243670840556
79,280,267,267.4210163767986
124,385,282,267.5892374517331
384,554,608,269.3640659033792
410,484,730,272.28110474287416
416,471,747,276.3059898011623
245,539,403,276.94223224347706
80,59,386,278.5677655436824
307,569,482,278.89065957826557
112,376,266,279.9732130043873
302,570,479,280.4460732476032
65,239,258,281.62386262531095
414,505,722,281.85812033716536
422,461,763,282.83740912404073
84,47,397,283.3249018353311
420,483,746,283.3513719747974
421,470,757,283.467811223779
417,506,724,283.93837359539833
77,56,380,284.3184833949422
418,505,726,284.541736833105
57,227,257,285.2244730032821
320,578,491,286.2481440987871
82,43,397,286.8327038536575
72,68,357,287.8506557227202
75,57,372,287.9027613622349
71,71,353,287.98784696580515
70,70,353,288.7663415289254
74,59,367,289.110705439975
109,376,256,289.56001105124994
78,45,387,290.01551682625535
91,354,250,290.0637860885085
61,245,248,290.33773437154184
428,463,771,290.5047331800293
56,207,257,290.64239195272256
60,243,248,290.68883707497264
55,208,255,292.2498930709813
427,482,759,292.5645227979633
430,467,771,292.8361316504505
54,208,253,294.15982050579237
69,61,352,296.44561052577586
45,155,270,298.82436312991615
44,154,270,299.2941696725815
434,477,772,299.61308382645774
401,577,636,299.8799759903952
435,477,773,300.4080558174165
43,124,283,303.71368095625854
49,206,242,305.26218239408564
425,542,714,305.62885989382613
53,227,236,305.65994176535463
375,602,543,307.13189349203054
48,206,238,309.09060160412514
438,480,782,309.40103425812913
291,589,426,313.2091952673165
382,611,549,316.3558123379433
289,591,421,316.8359196808342
311,600,448,316.89272632864265
426,568,695,316.9384798348096
436,550,723,317.40510392871755
310,600,446,317.4413331625231
52,241,220,318.6094788294912
42,206,228,318.68009037277494
437,552,723,319.0141062711804
295,597,430,319.4056981332675
297,598,431,320.0281237641467
50,240,217,321.73591655269075
51,243,215,323.21045775160184
40,215,217,326.9388321995416
46,228,213,327.9176725948146
41,219,215,327.9283458318296
39,87,278,329.84845004941286
362,623,491,330.8065900190019
402,620,596,330.8609980036934
327,616,453,331.0619277416236
271,587,375,332.4830822763769
304,611,426,333.94610343586885
333,621,453,335.9121909070881
330,621,451,336.40005945302687
404,625,600,336.5352878971238
301,613,422,337.146852276571
214,534,294,338.7048862948393
212,534,291,340.83720454199243
439,587,710,340.93987739776054
415,627,621,343.20984834354624
407,634,596,344.62298240250897
411,631,613,345.16228067388823
120,421,212,345.77449298639715
195,515,265,347.5068344651656
317,626,423,349.11602655850675
85,351,188,350.5024964247758
83,350,187,351.33175205210244
197,520,263,352.23003846918
413,641,604,353.00991487492246
419,638,618,353.1359511576243
440,598,717,353.97457535817455
322,631,422,354.17509793885847
243,585,326,356.88093252512107
412,647,597,357.5933444570802
387,652,508,357.94552658190884
306,629,401,359.5066063370741
162,470,219,360.347054934545
326,638,421,361.13432404023854
361,648,454,361.95165423023
403,656,561,362.008287197959
31,123,214,363.29602254910526
113,421,192,364.4722211636986
261,600,332,365.8264615907384
360,651,449,366.00683053735486
253,596,325,366.44508456247576
358,651,447,366.47646582011237
123,435,195,366.77104574925215
107,414,187,366.8378388334551
346,648,430,368.00135869314397
29,121,208,369.52943049234926
126,443,194,370.81531791445724
204,543,258,371.0525569242179
264,605,330,371.1010644015994
263,606,327,373.5906851087163
277,614,336,375.4530596492723
269,611,328,377.2161184254989
63,316,153,381.57830126987045
270,615,326,381.65953414005
441,649,679,382.54542213964606
398,679,510,384.74926900515356
68,322,150,384.94804844290354
127,451,182,385.01948002666046
400,680,521,385.21941799447234
389,677,479,385.9391143690932
142,470,189,386.84622267769396
399,681,508,386.87465670420954
110,427,170,387.19504129056196
26,129,183,388.2743875148089
442,661,669,390.10383233185496
64,321,144,390.8657058376956
117,438,170,391.0818328687744
27,160,166,391.9808668800047
90,405,157,392.7200020370748
28,177,157,395.03544144797945
225,579,257,396.7177838211945
444,675,660,400.3448513469356
58,320,133,401.77854596780054
445,675,665,401.9465138547665
449,670,681,402.78281989181215
35,220,138,403.0397002777766
62,325,132,403.1178487737798
24,138,161,404.6949468426805
424,700,553,405.44543405987446
23,135,161,405.86820520952364
59,323,129,405.96674740673035
22,133,161,406.6607923072988
34,215,135,406.94102766862915
32,206,136,407.82962128810607
103,428,145,411.1082582483597
105,430,145,411.75963862428284
451,645,752,412.33966580963323
33,217,128,413.42472107990835
19,131,153,414.79754097631775
47,292,119,415.01084323183653
179,520,185,415.24209805847
17,100,167,415.58873901971884
18,130,152,416.1117638327472
30,206,127,416.6173304124542
16,107,162,416.8069097315926
443,702,628,417.71401700206326
15,107,160,418.59288097147567
405,712,497,418.6382686759537
14,110,157,419.9452345246937
406,714,497,420.63047916193614
447,704,635,421.28612604736935
378,700,416,421.8400170680823
376,700,413,422.6890109761549
279,644,294,423.55755216971403
11,114,150,424.51972863460657
448,710,632,426.4141179651537
8,109,150,426.6755207414646
370,699,396,426.91919610155736
213,573,209,427.6786176558281
203,567,200,430.74354319014463
95,424,122,431.72329100941494
408,726,482,434.12555787467755
446,722,614,434.4295109681201
208,573,199,435.32631438956224
397,720,433,436.8363537985363
299,673,309,439.8965787545977
182,535,162,442.7008018967212
38,277,89,445.36389615683936
450,724,658,446.56130598160877
452,705,711,446.57474178461996
37,274,87,447.49301670528894
12,161,101,453.2604108015612
257,640,240,453.27806035589236
5,149,102,456.0043859438196
9,158,99,456.0635920570727
13,167,94,458.2401117318299
10,164,93,460.04564990878896
231,613,199,461.8971747045006
7,157,93,462.0876540224809
4,146,94,464.5438622993527
3,143,95,464.5696933722647
233,616,198,464.6902193935224
367,722,350,464.9569872579613
373,725,352,466.93040166602987
363,719,338,467.1102653549802
187,546,139,468.0021367472589
20,188,78,468.3855249684815
36,262,66,469.1620189231008
366,724,344,469.19185841188676
433,763,491,469.97127571799535
6,162,83,470.2020842148618
432,763,488,470.2552498377876
25,201,72,471.46579939588406
2,146,84,474.026370574465
381,737,360,475.015789211264
186,547,131,475.3030612146318
184,546,130,475.6227496661614
21,198,64,479.9051989716302
223,603,165,480.6506007486103
364,730,326,482.1711314460873
222,602,160,483.86465049639656
229,617,172,484.48735793620045
288,683,243,485.0
365,732,323,485.27311897528386
371,735,327,486.26021840162906
258,653,204,486.8921851909312
390,753,363,488.8813762049031
391,754,364,489.47012166219093
285,682,233,490.2754327926293
294,692,245,491.0498956317983
290,687,238,491.20260585628006
394,756,363,491.6929936454251
221,604,150,492.88639664734103
224,614,156,494.6160126805439
1,139,62,497.11165747747253
226,617,155,497.31780583445834
0,136,62,498.06124121437114
293,693,234,498.4014446206993
201,586,129,498.70432121649
234,628,159,501.51171471860954
200,583,121,503.5007447859437
238,631,159,503.50868910079396
385,756,330,504.12002539077935
423,790,415,509.1031329701282
316,717,241,513.7440997228094
429,800,415,518.8313791589711
431,803,416,521.5246878144887
262,669,166,524.6903848937962
244,658,144,532.7935810424145
314,725,210,538.4013372940301
252,666,139,541.9095865548053
255,667,138,543.323108288245
348,749,224,549.7417575553088
237,642,97,558.0125446618562
272,687,132,561.4873106313267
276,689,132,562.8854235099715
379,780,245,564.5759470611549
313,737,165,575.7820768311567
315,738,164,577.1906097642268
318,741,164,579.4963330341271
286,714,112,594.6805865336449
