3,146,94,3.605551275463989
4,149,102,8.48528137423857
6,157,93,14.317821063276353
8,158,99,15.297058540778355
11,161,101,18.681541692269406
9,164,93,21.213203435596427
5,162,84,22.47220505424423
12,167,94,24.08318915758459
0,136,63,33.734255586866
1,138,62,34.36568055487916
19,190,79,49.9799959983992
17,129,152,57.723478758647246
18,131,153,58.249463516842795
23,200,75,60.74537019394976
10,114,150,61.29437168288782
20,199,67,63.06346010171025
7,109,150,63.812224534175265
21,135,161,65.49045732013177
24,138,162,66.18912297349165
22,134,162,66.61080993352356
13,110,157,69.35416353759881
29,206,127,70.21395872616783
27,177,159,71.58910531638176
26,160,166,72.03471385380801
16,109,162,74.24284477308234
30,206,136,74.62573282722254
14,106,162,75.66372975210778
32,217,128,80.62257748298549
33,215,135,81.88406438373708
15,100,167,83.00602387778854
34,220,138,87.70974860299168
25,129,184,89.10667763978185
28,121,209,115.12167476196652
35,260,65,121.03718436910205
31,122,216,121.82364302548172
37,215,215,139.08630414242805
38,219,215,141.19844191774922
42,227,214,144.84474446799925
39,207,230,148.49915824677257
43,293,118,151.6047492659778
45,240,217,155.08062419270823
46,243,216,156.20499351813308
47,241,221,158.83639381451596
44,206,242,159.0125781188394
48,227,237,164.12495239907915
49,209,254,171.23083834403195
50,208,257,173.62603491412224
51,207,258,174.18381095842403
40,154,270,174.34735443934903
41,155,270,174.41330224498358
60,316,153,182.14829123546562
56,321,135,182.22239159883728
58,244,248,182.49657531033287
54,228,258,182.94534703019914
59,245,248,183.05190520723897
57,323,131,183.3712082089225
61,321,144,184.35834670553976
65,322,150,186.96791168540125
62,239,258,188.30825791770258
64,328,133,188.66372200293304
67,331,135,192.00260414900626
36,87,280,192.33304448274092
79,280,269,220.6762334280699
81,350,187,226.11943746613204
82,350,188,226.52372944131042
74,198,317,227.74108105478027
63,128,330,234.48027635602958
72,143,334,238.0
80,203,337,248.35659846277488
52,71,336,250.5673562138532
53,70,339,253.7282010340987
55,72,341,255.08037948850554
92,354,251,261.8129103004663
89,283,320,264.1514716975849
69,71,353,266.8951104835006
68,70,353,267.1666146808018
66,62,352,268.50884529191956
91,405,157,269.0074348414928
95,319,300,269.4290259047826
86,161,365,269.60155785900054
71,71,357,270.74896121684384
70,68,357,271.56214758320056
98,317,311,276.58814146669414
99,316,313,277.5211703636319
104,344,292,280.7436553156634
105,358,277,281.04448046528154
109,376,256,282.64642223102703
102,315,321,283.21193477676746
97,425,127,283.6987839240768
73,59,368,284.67525357852935
107,414,187,285.87060009731675
112,376,266,288.4250335875858
75,57,372,289.0882218285622
103,428,147,289.5272007946749
106,430,147,291.49614062625255
111,426,172,293.027302482209
113,422,191,294.7303852676205
110,296,349,295.6653513687392
93,206,385,295.78708558691335
117,357,303,297.73310195542587
94,202,388,297.90099026354375
90,177,392,297.9463038871266
76,56,382,298.93979326948096
78,59,386,301.9205193424256
120,360,306,301.9751645417219
119,421,214,302.00662244394573
121,363,303,302.07449412355226
118,438,170,304.13977050034083
123,385,282,305.2212312405544
88,133,402,306.1633550900565
77,46,388,307.6897788357618
122,435,197,308.97410894765926
100,207,399,309.6853241598639
124,340,336,310.49798711102784
84,53,397,314.1671529616042
101,191,408,315.67071451118176
114,239,397,315.93828511277326
125,443,196,316.22776601683796
85,47,398,316.8911485037094
83,44,398,317.81283800375337
129,384,307,320.31546949843056
126,451,184,320.3248351283428
87,41,402,322.5523213371747
127,297,388,330.1211898682058
96,111,428,333.5386034629275
130,295,394,334.52653108535355
132,309,390,337.6270131372785
133,307,392,338.3962174729499
139,470,190,340.2425605358624
131,284,407,341.4703501037828
134,297,402,342.566781810496
135,296,403,343.0131192826303
136,300,403,344.81589290518497
145,322,394,347.6276743874112
155,470,218,349.01719155365396
143,305,406,349.77707186149297
140,294,412,350.2242138973261
137,281,418,350.32556286973977
144,302,409,351.0697936308392
141,296,412,351.0911562543266
142,287,419,353.6453025278294
148,305,412,355.10561809129405
156,327,401,356.2035934686791
159,321,408,359.20467702968455
154,307,416,359.57752988750565
157,308,416,360.0347205478938
146,275,431,360.068049124051
149,283,429,361.23261203828207
158,307,418,361.3585477057378
147,276,432,361.3654659759286
152,289,427,361.7692634815733
151,283,431,363.07712679264165
150,279,433,363.40748478808194
161,294,430,366.5474048469038
164,301,429,368.5824195481928
160,282,438,369.16798344385177
162,284,438,369.92566820916875
163,283,439,370.47132142717874
108,47,455,371.61404709725383
153,245,455,373.20905669610966
116,50,465,380.5390912902379
115,47,465,381.2833591962807
174,521,187,388.7994341559668
128,96,482,388.8508711575686
165,230,475,388.85730030436616
178,417,372,388.9113009414872
171,307,455,394.6859511054327
177,536,164,398.839566743321
138,105,496,401.8009457430383
181,545,140,404.40079129497263
179,546,130,404.4317000434066
180,547,131,405.51325502380314
166,168,503,407.76709038371405
185,515,265,408.58903558465687
167,166,504,408.6477700905757
187,520,263,412.33239019024444
168,201,508,416.06249530569323
169,205,508,416.63893241030655
170,185,518,424.084897160934
172,185,519,425.0799924720052
176,197,521,428.4168530765334
175,183,524,429.8650951170611
184,269,509,431.7927743721518
192,543,260,432.31470018957253
173,167,528,432.6661530556787
199,486,364,435.2849641326932
186,268,514,436.2900411423575
202,535,292,438.2693235899588
194,392,458,439.3688655332783
203,535,296,440.07272126320214
206,486,372,440.25560757360034
196,571,200,440.45431091090484
182,180,536,441.5529413331996
189,585,123,442.82389276099366
198,574,200,443.3700486049999
190,585,131,443.3835811123366
188,297,512,443.58990069657807
183,190,538,444.49184469459055
201,573,210,444.8550325667902
208,486,380,445.31449560956355
191,298,521,452.38258145070085
211,459,421,453.3001213324347
195,300,524,455.8870474141594
197,308,522,456.83804570109965
205,315,524,461.2678180840281
209,350,509,461.971860614908
193,255,546,463.7283687677518
210,348,512,463.76826109599176
212,579,257,464.7762902730732
204,296,535,464.8978382397578
207,307,533,466.76010969233437
214,487,417,470.5071731652983
217,457,457,478.4527144870222
218,456,458,478.5530273647843
213,617,171,479.8968639197385
200,203,574,481.7509730140667
222,458,461,482.1306876771069
215,614,201,482.56191312618114
219,618,198,485.828158920415
223,585,327,498.7233702163956
220,643,99,500.00899991900144
216,295,574,501.5854862334037
226,539,404,501.67718704362073
225,509,441,502.97216622791365
231,512,441,505.15938078986517
221,301,576,505.3355320972393
235,524,431,507.3322382817792
233,515,441,507.35490536704185
236,597,324,508.0354318352215
230,462,493,509.2838108559902
237,493,468,510.7680491181883
234,467,492,511.65613452786823
243,521,443,513.1208434667218
245,600,332,514.339382120405
246,527,439,514.8834819646091
240,455,507,516.0087208565375
224,658,144,517.2320562378168
248,606,327,517.4263232577175
241,640,240,517.4408178719572
252,606,331,519.2244216136218
250,478,496,521.7518567288477
254,611,328,522.3485426417882
227,344,580,524.0772843770277
251,455,518,524.8123474157215
228,344,581,525.0009523800885
257,588,375,525.2294736588951
255,615,327,525.4950047336321
238,668,142,527.011385076262
239,668,143,527.099611079348
249,414,550,528.7315008584225
262,614,337,529.0765540070737
256,474,511,530.8351909962263
247,669,168,530.904887903662
259,475,511,531.4593117069264
260,473,514,532.5636112240489
232,283,616,538.5164807134504
264,645,292,538.9062998332827
263,492,507,539.1864241614397
229,265,622,539.9629616927442
266,491,510,540.8326913195984
242,299,615,541.938188357307
244,299,616,542.8959384633486
258,687,134,545.3255908170825
261,689,134,547.3207469117172
253,299,623,549.6044031846907
268,509,507,550.3426205555953
265,403,582,551.1769225938256
272,591,421,553.4699630512933
273,589,426,554.8116797617008
267,412,583,556.3542037227722
271,683,243,559.6507839715763
270,452,563,559.9732136450814
274,688,240,563.7029359511976
278,597,432,564.8114729712916
279,598,431,565.022123460666
280,536,507,568.6563109647162
276,695,234,568.9885763352372
283,611,423,570.9229370063879
281,673,309,571.1996148458085
269,714,114,571.2836423353989
284,628,400,572.3993361281964
286,611,426,572.6464878090147
288,569,482,574.8669411263793
289,571,480,575.0130433303231
290,599,447,575.4450451606999
292,599,449,576.6671483620339
277,429,599,578.6233662755074
291,505,552,582.2198897323931
300,578,491,587.5797818169036
303,632,423,588.2601465338273
287,418,617,589.1230771239572
301,534,539,590.8722366129584
295,723,211,591.2909605262032
307,616,453,592.6027337095231
308,638,422,592.7065040979388
275,285,672,593.2453118230266
310,621,451,595.4065837728031
297,737,165,597.9941471285484
315,622,454,598.0008361198168
298,738,164,598.8731084294902
285,346,660,599.4205535348283
282,316,671,600.4614891897731
314,530,557,601.9053081673229
299,741,166,602.0830507496453
293,353,661,602.7644647787392
294,347,665,604.4642255750128
296,350,666,606.4231196120412
323,649,431,606.8451202736989
302,350,675,614.8902341068689
321,470,618,615.9650964137497
333,651,449,618.6056902421768
304,347,681,619.5490295368076
306,350,680,619.6006778563109
335,648,455,619.6014848271427
326,494,608,620.7616289688016
336,624,490,621.7692498025292
312,361,679,622.4250958950804
309,345,685,622.6756780218736
330,502,606,623.683413279526
316,364,681,625.352700481896
337,720,338,625.6940146749048
334,511,604,627.2862185637431
317,351,689,628.4210372035615
318,349,691,629.651490905882
320,361,687,629.9245986624113
338,730,326,630.4514255674262
305,277,713,631.3834017457222
339,733,324,632.5219363784943
313,297,710,633.0181671958554
344,700,398,633.6031881232922
342,735,327,635.4722653271344
311,274,719,636.6239078137107
345,727,350,636.8453501439733
328,368,694,638.9280084641774
346,731,346,638.9397467680344
329,368,695,639.864048060211
341,490,634,640.197625737553
348,602,543,640.6949352070766
343,507,624,641.3111569277428
349,731,353,641.7109941398854
351,701,414,642.2522868779838
340,468,650,642.2935465968812
319,275,726,643.6800447427278
352,701,417,643.7429611265665
322,280,726,644.7239719445835
324,285,727,646.7804882647589
325,289,727,647.6704408879565
347,485,647,648.5098303032885
327,286,731,650.902450448606
355,738,361,651.3447627792826
350,492,647,652.2284875716484
331,303,729,652.9081099205308
358,612,551,653.441657686438
361,652,508,654.8473104472523
354,511,638,655.1244156646889
353,781,246,655.3960634608663
357,554,608,656.5554051258736
363,677,479,657.1491459326414
332,278,740,657.9977203607928
360,758,331,658.3691973353552
356,499,654,661.8912297349165
359,516,645,663.7243403703077
365,754,364,667.1918764493464
362,490,666,667.3147683065316
366,755,364,668.1077757368192
371,720,433,668.2050583466126
369,756,363,668.6239600851887
367,528,650,674.641386219375
372,681,508,677.6341195660088
373,680,512,679.2827099227537
364,424,721,685.2634529872435
374,680,523,686.0743399953099
368,424,723,687.0880584029968
377,656,561,692.3828420751051
376,622,596,692.4167820034405
375,580,634,693.1183160182683
370,382,748,694.4242219277781
379,726,482,699.2031178420187
378,634,596,700.7717174658235
382,647,597,710.6454812351936
381,631,613,710.9381126370987
383,641,604,711.3845654777731
384,627,621,714.0595213285794
387,639,611,715.0111887236451
388,638,618,719.3809839021324
391,700,553,720.4845591683419
380,485,731,721.2412911085999
385,505,725,725.7306662943216
386,472,748,730.30473091717
392,541,713,734.22952814498
393,568,695,734.4562614614978
389,484,747,734.9027146500413
397,763,492,735.673840774565
398,765,489,735.7533554119885
390,470,758,738.3583140995976
394,482,760,745.5313541360954
395,465,771,747.8696410471547
401,557,719,748.01403730144
396,467,771,748.7329296885506
402,559,719,749.1228203705986
399,477,773,754.9072790747218
400,477,774,755.8042074505804
404,587,710,757.7149859940741
403,480,782,764.3068755414935
407,702,628,771.6897044797215
405,599,719,772.0524593575232
406,661,669,772.4331686301412
408,675,660,775.3192890674138
410,722,614,776.8944587265377
411,704,635,777.9730072438247
409,675,665,778.9640556534043
412,710,632,780.2467558407404
414,724,658,808.3347079026114
413,688,693,808.3526458174056
415,705,711,833.1080362113908
