352,494,608,7.0710678118654755
359,510,604,9.486832980505138
372,507,624,18.027756377319946
368,492,634,28.460498941515414
380,511,638,32.57299494980466
344,470,618,32.89376840679705
386,517,643,39.395431207184416
377,492,647,41.0
374,485,647,43.08131845707603
383,499,654,47.042533945356304
393,528,650,50.774009099144415
384,554,608,53.009433122794285
369,470,651,53.823786563191554
308,504,551,56.08029957123981
340,450,631,56.36488268416781
334,530,557,57.8013840664737
388,490,666,60.01666435249463
328,442,626,61.98386886924694
337,443,631,62.76941930590086
287,452,563,65.85590330410783
296,429,599,72.44308110509934
321,534,539,75.58438992278762
401,577,636,81.34494452638098
305,418,617,83.60023923410746
283,413,583,91.21403400793103
275,473,514,97.12363255150623
280,491,509,98.50888284819801
274,475,511,99.45853407325085
273,474,511,99.72462083156798
268,455,518,100.18482919085105
284,508,507,100.24470060806208
281,403,582,101.13851887386922
278,492,506,101.40019723846694
266,415,550,103.1746092796091
298,536,507,105.94810050208545
426,568,695,110.60289327137876
256,453,506,111.8257573191436
265,478,496,113.35784048754634
425,542,714,114.58621208504974
414,505,722,115.06954418958998
417,506,724,117.10678887237921
418,505,726,119.06720791217035
402,620,596,119.50732195141852
375,602,543,119.57006314291216
254,467,492,119.9208072020865
249,462,493,120.48651376813922
410,484,730,124.16923934694937
404,625,600,124.19742348374221
382,611,549,124.35433245367851
436,550,723,125.92458060283545
437,552,723,126.7162183779172
415,627,621,126.77539193392383
411,631,613,130.13838787997952
407,634,596,133.4541119636259
439,587,710,134.18271125595876
282,534,474,137.03284277865654
419,638,618,137.44089638822936
392,424,722,138.3979768638256
320,578,491,139.2300254973761
251,490,468,139.43457247038842
413,641,604,140.03213916812098
395,424,724,140.06427096158393
420,483,746,140.1606221447379
307,569,482,142.29898102235308
416,471,747,143.17821063276352
302,570,479,145.41320435228707
412,647,597,146.34206503941374
440,598,717,146.6594695203825
239,458,460,153.16004700965587
421,470,757,153.16984037335808
427,482,759,153.18289721767243
236,456,458,155.64703659241314
336,363,680,156.11854470241516
235,457,457,156.32018423735306
350,368,690,156.77372228788855
309,353,659,156.86937240902063
351,368,692,157.84169284444462
329,360,678,157.8670326572334
247,345,580,158.31929762350515
354,368,694,158.927656498169
246,344,580,159.3047394147456
409,438,754,159.93123522314207
312,351,664,160.46494944379597
422,461,763,161.04657711357916
342,361,687,161.24515496597098
403,656,561,161.68178623456632
303,346,660,163.8108665504215
441,649,679,164.58432489152787
319,350,673,164.7938105633825
434,477,772,166.73631877908304
323,350,679,167.28717822953436
430,467,771,167.4873129523547
435,477,773,167.72596698186004
362,623,491,168.34488409215172
428,463,771,168.34488409215172
324,347,681,170.85666507338834
338,351,689,170.95028517086482
442,661,669,171.5925406304132
339,349,691,173.6663467687393
438,480,782,176.2554963681984
219,350,509,180.01388835309348
220,348,512,180.09441968034434
387,652,508,180.5602392554906
444,675,660,181.89282558693733
445,675,665,183.412104289766
449,670,681,184.4911922016875
396,382,748,184.50474248647376
241,496,422,185.06755523321746
205,390,457,186.60385848100785
311,600,448,187.3018953454556
310,600,446,189.0026454841307
242,507,418,189.0952141118331
327,616,453,192.20041623263984
230,487,414,193.5071058126807
228,486,414,193.58202395883765
333,621,453,195.2331938989884
300,316,671,195.757503049053
330,621,451,196.8146336022807
400,680,521,198.58751219550538
297,598,431,200.9601950635996
291,589,426,201.25854019146615
295,597,430,201.357890334598
443,702,628,202.09403751719148
259,299,615,202.15835377248203
260,299,616,202.20039564748632
240,301,576,202.38824076511955
267,299,622,202.5561650505854
398,679,510,202.71408436514716
451,645,752,204.35508312738395
216,314,524,204.59227746911662
447,704,635,204.92193635626225
399,681,508,205.4288197892399
424,700,553,206.196508214858
289,591,421,206.63010429267078
245,539,403,207.5090359478353
218,307,533,207.63429389192913
227,497,399,208.0384579831335
232,295,574,208.62646045025065
448,710,632,210.48990474604713
209,308,522,210.8885961829136
304,611,426,211.80415482232638
361,648,454,212.17445652104308
301,613,422,216.26141588364763
207,300,524,217.46264046957583
389,677,479,217.6235281397671
360,651,449,217.86234185833953
248,283,614,218.11235636707977
215,295,534,218.55205329623422
358,651,447,219.31712199461307
202,298,521,220.4654167891191
446,722,614,221.11083193728885
317,626,423,222.44325119005072
199,297,512,225.03555274667156
292,285,672,225.5681715136247
322,631,422,226.10838109190027
332,297,710,228.52789764052878
450,724,658,228.7575135378071
452,705,711,228.98034850178738
346,648,430,230.08259386576813
326,638,421,231.00865784641059
335,294,712,232.1077336066164
356,302,729,233.42022191746798
217,485,372,235.54405108174564
250,266,624,235.61409125941512
405,712,497,237.95167576632025
345,292,721,238.0693176366917
406,714,497,239.7269279826528
306,629,401,242.52834885843757
349,289,727,243.6062396573618
210,485,363,244.5240274492468
198,272,516,246.41834347304587
176,307,455,246.45486402179202
271,587,375,247.42675683927152
185,417,374,247.67922803497268
325,277,713,247.81444671366518
353,286,732,248.69660230891776
347,283,727,248.8453334905037
196,268,514,250.87447060233131
194,269,509,251.8491612056709
343,278,726,252.76471272707352
206,255,546,253.45019234555733
331,273,719,254.02362094891885
193,266,509,254.61539623518448
341,275,726,255.41534801182172
408,726,482,257.390753524675
357,278,740,259.64976410541954
170,314,424,261.6447973876033
168,301,427,269.0724809414742
161,321,406,269.81660438156877
158,327,400,270.4163456597992
163,307,418,270.84497410880635
157,321,404,271.309786038027
160,308,416,271.53268679847736
159,307,416,272.2443755158222
164,294,429,273.00732590903124
166,284,438,275.04545078950133
167,283,439,275.2235455043772
378,700,416,275.82965757873103
150,305,412,276.4796556710819
165,282,438,276.62610144380807
376,700,413,277.91545476997135
147,322,394,278.22652641328074
156,285,430,279.2579452764057
397,720,433,279.7087771236362
151,288,425,280.1660222082614
155,283,431,280.178514522438
146,302,409,280.72228269234347
152,283,429,281.4391586115905
153,279,433,282.0638225650358
140,322,389,282.07268566807386
143,304,405,282.1577572919093
144,296,412,282.93108701590216
145,287,419,284.85083815920217
148,277,431,284.8719010362377
149,276,432,285.0438562747845
141,293,412,285.112258592997
137,300,403,286.38610301479366
433,763,491,286.53097563788805
432,763,488,287.75857936819193
136,299,401,288.51343122981297
370,699,396,289.35272592460575
134,307,392,289.5876378576958
135,296,402,289.9137802864845
138,281,417,290.68883707497264
261,600,332,292.27726562290127
243,585,326,293.2865492994863
277,614,336,293.6153946917634
132,284,407,295.10845463998487
131,297,393,295.6552045880471
264,605,330,295.8800432607782
253,596,325,297.57184006555457
154,245,454,298.23648334836565
263,606,327,299.0401310861136
128,297,388,299.2941696725815
269,611,328,299.90165054564136
169,230,474,301.8774585821207
270,615,326,303.2441260766645
211,199,574,303.7976300105055
192,204,536,305.3686296920494
190,198,537,310.9807067970616
177,204,511,312.1297807002722
174,204,508,313.06548835666956
214,534,294,314.7348090059312
183,197,524,315.12695854210887
125,341,335,315.56932677305633
173,201,509,315.6010139400696
212,534,291,317.71842880135233
191,190,540,318.1351913888182
133,392,305,321.06852851065923
189,184,538,324.4225639501667
130,385,304,324.4456811239749
111,296,352,327.1849629796577
178,185,519,328.0243893371345
175,185,518,328.29407548720707
181,183,524,328.65331277807013
188,180,536,328.7582698579611
122,362,306,331.5448687583628
121,359,305,333.71844420109596
118,357,304,335.47727195743084
119,361,302,335.5964838909967
114,239,397,335.77373333838966
367,722,350,338.9542742022882
373,725,352,339.4127281054734
104,316,321,340.618554984898
381,737,360,341.62113517755307
195,515,265,342.28642976314444
180,167,528,343.21567563268434
299,673,309,344.07557309405155
279,644,294,344.11916540640397
197,520,263,344.52430973735363
366,724,344,344.81589290518497
124,385,282,345.0811498763733
363,719,338,346.2441335243097
423,790,415,346.96541614403014
99,318,310,348.8524043202225
97,316,311,349.05730188609436
171,168,502,349.1618535865566
172,166,504,350.47681806362027
390,753,363,350.77058029430003
391,754,364,350.7962371519968
204,543,258,351.51813608973293
394,756,363,352.932004782791
429,800,415,355.33786738820845
431,803,416,357.33037934102384
225,579,257,358.586112391431
108,360,277,358.8606972071475
92,316,299,359.2895768040036
98,341,284,360.45665481441733
88,283,319,361.20354372569494
101,206,398,361.53284774692327
364,730,326,362.4941378836353
112,376,266,363.1886562105155
371,735,327,364.90546721034474
365,732,323,366.0833238485468
94,205,387,368.80347069950415
100,192,405,369.16798344385177
93,206,385,369.2004875403065
102,190,407,369.7580289865252
109,376,256,372.5936123982804
385,756,330,376.5023240300118
91,354,250,386.08030252785494
89,177,392,388.8457277635952
162,470,219,389.23643200502187
257,640,240,392.441078379927
120,421,212,403.01985062773275
81,202,336,403.53686324795655
213,573,209,404.46013400581273
79,280,267,405.51325502380314
288,683,243,406.96437190496175
294,692,245,409.2981798151563
203,567,200,412.3166259078089
290,687,238,413.2275402245112
208,573,199,414.30423603916967
139,102,495,414.42128323723915
285,682,233,415.4960890309318
126,443,194,417.0527544567953
123,435,195,417.2529209005013
86,161,365,417.3296059471458
142,470,189,419.1479452412954
76,197,318,419.4484473686844
293,693,234,419.5151963874491
87,133,402,421.24695844599285
179,520,185,422.4275085739564
113,421,192,422.6405091800832
231,613,199,423.09337030967527
129,96,482,423.8513890504548
233,616,198,424.8599769335775
316,717,241,424.98470560715475
127,451,182,427.93106921559223
107,414,187,428.9160757071248
96,111,428,429.11653428876406
258,653,204,430.71220089521495
65,239,258,436.4000458295118
61,245,248,440.9274316710177
117,438,170,441.5178365592946
60,243,248,442.0916194636582
110,427,170,443.22116375462036
57,227,257,444.49521932187304
85,351,188,445.0404475999906
182,535,162,446.2969863218886
83,350,187,446.31939236380936
229,617,172,450.2010661915407
73,143,334,450.21439337275746
223,603,165,453.61657818029533
314,725,210,455.83439975499874
348,749,224,456.2817112267376
379,780,245,457.0393856113497
56,207,257,457.0951760848062
55,208,255,457.98799110893725
222,602,160,458.2684802602073
54,208,253,459.52693065804095
90,405,157,460.1260696809082
53,227,236,461.2125323535777
67,128,331,464.00969817451016
224,614,156,464.94085645380744
66,128,329,465.20210661603846
234,628,159,465.6533045088373
52,241,220,466.22848475827817
238,631,159,466.4804390325494
226,617,155,466.64761865887624
105,430,145,467.4237905798121
103,428,145,467.73176073471853
221,604,150,468.46344574577
50,240,217,469.2771036392038
51,243,215,469.2845618598592
49,206,242,469.3080012102926
187,546,139,470.15848391792315
262,669,166,471.9163061391289
48,206,238,472.42565552687756
116,49,464,474.0812166707304
115,47,464,475.988445237907
106,48,454,478.1401468189008
186,547,131,478.21752372743515
184,546,130,479.11793955142196
46,228,213,479.3380852801079
42,206,228,480.2770034053265
41,219,215,482.895433815645
45,155,270,482.99585919550077
40,215,217,483.62795618119515
44,154,270,483.71272466206636
201,586,129,485.4987126656465
244,658,144,488.89467168297097
63,316,153,490.2458566882539
68,322,150,490.8054604423223
95,424,122,491.07433245894657
200,583,121,492.86915099243123
80,59,386,494.17102302745354
252,666,139,496.23482344551354
64,321,144,496.75849262997
43,124,283,497.09657009478553
255,667,138,497.51080390278963
71,71,353,499.41565854506405
77,56,380,499.55380090636885
72,68,357,499.98899987899733
84,47,397,500.2159533641445
70,70,353,500.27692331347845
313,737,165,501.05887877573826
75,57,372,502.3554518465984
315,738,164,502.4121813809852
74,59,367,502.95526640050207
318,741,164,503.83429815763833
82,43,397,503.8491837841955
78,45,387,506.2963559023509
62,325,132,506.55799273133573
58,320,133,507.38249871275616
69,61,352,508.55186559484764
59,323,129,510.06666230993767
272,687,132,510.1186136576473
276,689,132,510.8512503655051
39,87,278,528.8071482118978
237,642,97,529.1323085958747
47,292,119,530.8719242905958
286,714,112,538.8821763614009
31,123,214,545.2824955928808
35,220,138,546.7375970243861
29,121,208,551.0
34,215,135,551.8876697299913
28,177,157,554.505184826977
32,206,136,555.7571412046813
33,217,128,556.8635380414128
27,160,166,557.4603124887009
30,206,127,563.404827810341
26,129,183,564.0567347350797
38,277,89,564.3580423808985
37,274,87,567.387874385768
24,138,161,575.0521715461998
23,135,161,576.9506044714747
22,133,161,578.22141087995
19,131,153,585.6756781700944
18,130,152,587.0826176953292
36,262,66,591.4406140940948
16,107,162,594.3576364445905
17,100,167,595.3158825363221
15,107,160,595.8565263551285
14,110,157,596.1384067479631
11,114,150,598.8472259266131
8,109,150,602.0905247552065
12,161,101,609.619553492176
13,167,94,612.1478579559026
9,158,99,612.9543212997197
25,201,72,613.3718285020922
10,164,93,614.6259024805252
20,188,78,614.6625090242612
5,149,102,615.5720916350903
7,157,93,618.4917137682606
21,198,64,621.8183014353951
4,146,94,623.8541496215281
6,162,83,624.0969475970861
3,143,95,624.7463485287449
2,146,84,632.1028397341686
1,139,62,654.2698220153517
0,136,62,655.9344479443049
