172,185,519,5.385164807134504
170,185,518,6.324555320336759
182,180,536,12.36931687685298
176,197,521,14.317821063276353
183,190,538,15.652475842498529
173,167,528,16.492422502470642
168,201,508,24.08318915758459
166,168,503,25.80697580112788
167,166,504,26.248809496813376
169,205,508,27.202941017470888
200,203,574,53.85164807134504
165,230,475,67.89698078707183
193,255,546,75.28612089887484
138,105,496,82.87339742040264
186,268,514,85.58621384311844
184,269,509,87.29833904490967
153,245,455,92.76313923105448
128,96,482,96.60745312862771
204,296,535,113.53413583587978
188,297,512,114.6298390472568
191,298,521,115.03912377969506
101,191,408,116.27553482998907
195,300,524,117.0
96,111,428,120.0
216,295,574,122.65398485169571
207,307,533,124.32618388738553
197,308,522,125.01599897613104
100,207,399,127.283148923964
229,265,622,127.7810627597063
221,301,576,128.94960255851896
146,275,431,130.8166656049603
147,276,432,130.8166656049603
160,282,438,131.13733259449805
163,283,439,131.24404748406687
88,133,402,131.84839779079607
205,315,524,132.0
90,177,392,132.13629327327143
150,279,433,132.27622613304328
162,284,438,132.6536844569347
232,283,616,135.88230201170424
151,283,431,136.56134152826706
94,202,388,137.32079230764728
149,283,429,137.93114224133723
114,239,397,138.7984149765407
93,206,385,140.8900280360537
171,307,455,141.90489773083945
152,289,427,143.68368035375485
137,281,418,144.3606594609487
161,294,430,145.45446022724775
116,50,465,145.49914089093448
242,299,615,147.4347313220328
142,287,419,147.78700890132393
244,299,616,148.05404418657398
115,47,465,148.24641648282767
164,301,429,151.48927354766738
108,47,455,152.50245899656832
253,299,623,152.50245899656832
131,284,407,154.5639026422405
140,294,412,157.68639763784319
141,296,412,159.10059710761615
86,161,365,160.51479682571323
158,307,418,163.1318485152424
154,307,416,164.43843832875572
157,308,416,165.19382555047267
210,348,512,165.43578814754684
144,302,409,165.48715962273326
135,296,403,165.55965692160635
148,305,412,165.61400906928134
134,297,402,166.97305171793442
209,350,509,167.6722994414999
136,300,403,168.31518053936787
143,305,406,169.72919607421701
227,344,580,170.46113926640288
228,344,581,170.79227148791014
130,295,394,171.5925406304132
127,297,388,177.45985461506498
275,285,672,179.74426277353055
159,321,408,180.27756377319946
133,307,392,181.10770276274835
84,53,397,181.738823590338
132,309,390,183.9347710466947
85,47,398,185.39687160251654
78,59,386,185.52627846210896
87,41,402,187.21111078138497
83,44,398,187.608635195718
80,203,337,188.06647760831805
156,327,401,189.38056922503955
145,322,394,190.31815467789718
76,56,382,190.50721771103582
77,46,388,193.04144632694815
72,143,334,194.164878389476
75,57,372,197.43353311937665
282,316,671,198.23723161908813
73,59,368,199.2786993132984
71,71,357,201.07958623390888
63,128,330,201.64572894063488
70,68,357,202.76587484091104
69,71,353,204.41379601191306
68,70,353,204.9634113689563
74,198,317,207.54276667713572
110,296,349,208.3122656014283
66,62,352,210.2974084481309
305,277,713,211.0852908186641
285,346,660,212.2851855405836
55,72,341,214.03270778084362
311,274,719,215.18828964420902
294,347,665,216.27991122617004
53,70,339,216.78099547700208
313,297,710,218.15590755237412
293,353,661,218.3323155192561
52,71,336,218.8332698654389
194,392,458,219.17344729688404
296,350,666,219.20994502987313
319,275,726,221.96396103872357
322,280,726,224.08257406590099
302,350,675,225.1443981093023
304,347,681,227.03523955544875
324,285,727,227.18494668441394
89,283,320,227.19154913860683
265,403,582,227.51703232945002
309,345,685,228.39658491317246
306,350,680,228.52789764052878
325,289,727,229.0087334579186
327,286,731,231.2098613813866
249,414,550,232.4585984643287
318,349,691,235.46761985462035
317,351,689,235.47611343828487
332,278,740,235.96821819897696
312,361,679,236.02754076590298
267,412,583,236.47832881682837
331,303,729,237.53947040439405
316,364,681,239.60383970212163
320,361,687,241.3565826738521
102,315,321,242.1425200166216
124,340,336,244.9346851713738
99,316,313,249.41932563456265
328,368,694,251.24689052802225
98,317,311,251.6445906432324
329,368,695,251.92459189209774
287,418,617,252.73306075778848
41,155,270,255.53864678361276
40,154,270,255.6501515743732
277,429,599,257.1789260417735
95,319,300,262.0534296665472
36,87,280,262.20602586515815
51,207,258,267.0805122055894
50,208,257,268.1678578800972
54,228,258,269.77953962448674
49,209,254,271.2489631316588
270,452,563,271.8124353299532
62,239,258,271.8308297452664
251,455,518,272.06616842231597
240,455,507,272.5307322119838
79,280,269,272.8259518447613
178,417,372,279.03404810166086
230,462,493,280.71693928225994
120,360,306,280.8077634254438
218,456,458,280.86473612755304
117,357,303,281.27744310555727
217,457,457,282.07268566807386
222,458,461,282.1240861748603
104,344,292,282.39157211220027
58,244,248,282.66057383370605
59,245,248,282.8780656042458
44,206,242,282.936388610585
121,363,303,285.02806879323305
234,467,492,285.79713084634
260,473,514,290.17236257093816
48,227,237,290.3532331488665
256,474,511,291.29023327259017
259,475,511,292.2892403082946
211,459,421,294.5929394944828
39,207,230,294.9779652787645
129,384,307,295.78708558691335
250,478,496,296.3258341758275
370,382,748,299.6281028208135
321,470,618,302.00165562460086
105,358,277,302.71108337819413
266,491,510,308.3180176376334
47,241,221,308.5012155567624
263,492,507,309.46728421595714
37,215,215,310.65253902068787
38,219,215,311.09001912629725
364,424,721,311.2715855968868
340,468,650,311.61033358988595
45,240,217,312.2466973404202
368,424,723,312.54119728445403
42,227,214,313.10701046127986
46,243,216,313.789738519283
31,122,216,313.9824835878588
237,493,468,315.01745983357813
123,385,282,315.2269024052357
28,121,209,321.04361074470864
92,354,251,322.1335126931068
326,494,608,322.1443775700579
112,376,266,322.2002482928901
214,487,417,322.28093334853054
291,505,552,323.2150986572255
347,485,647,326.08741159388535
341,490,634,326.11194397016493
268,509,507,326.4429506054618
330,502,606,329.3706119252293
109,376,256,330.26201719241044
350,492,647,332.58081724597406
208,486,380,335.47727195743084
225,509,441,336.40005945302687
334,511,604,337.61516553614706
362,490,666,338.2499076126999
206,486,372,338.98820038461514
343,507,624,339.08111124036384
231,512,441,339.3081195609678
356,499,654,341.69577111811026
233,515,441,342.2177669262658
199,486,364,342.6499671676622
25,129,184,344.26152849251105
354,511,638,347.2463102755737
243,521,443,347.57013680694723
314,530,557,348.5656322703086
301,534,539,351.32036661713767
280,536,507,353.40911137094355
235,524,431,353.4543817807328
359,516,645,354.3021309560528
246,527,439,354.3458762282976
26,160,166,358.73806600359546
24,138,162,364.78623877553275
27,177,159,365.0493117374692
22,134,162,365.301245549478
386,472,748,365.64600367021654
380,485,731,366.13248968098964
21,135,161,366.1598011797581
15,100,167,366.52148640973286
367,528,650,367.2887147735416
16,109,162,369.4861296449435
14,106,162,370.0986355014025
390,470,758,370.3039292257105
13,110,157,374.18979141606735
389,484,747,374.60646016853474
18,131,153,374.626480644388
395,465,771,374.87731326395306
82,350,188,375.2132726863483
226,539,404,375.68071550187403
17,129,152,375.89892258425004
81,350,187,376.10902674623486
396,467,771,376.3841123108147
385,505,725,379.5853000314949
10,114,150,380.3117142555564
357,554,608,380.3905887374187
394,482,760,380.9160012391183
7,109,150,381.25057377006004
399,477,773,385.2752262993301
400,477,774,385.9222719667783
34,220,138,387.76926128820475
288,569,482,388.2782507429434
30,206,136,388.6811032195931
33,215,135,390.31397617815327
289,571,480,390.486875579705
119,421,214,390.8247689182455
403,480,782,393.41199778349414
60,316,153,394.1192712872589
300,578,491,396.37608404140633
32,217,128,397.4569159041015
29,206,127,397.665688738669
65,322,150,398.9949874371857
61,321,144,404.2820797413608
392,541,713,404.82712359722143
107,414,187,408.57067931999234
113,422,191,409.89022920777217
375,580,634,411.95752208207097
56,321,135,412.7529527453438
122,435,197,412.8353182565658
67,331,135,416.20307543313515
64,328,133,417.02038319487457
57,323,131,417.1918024122718
273,589,426,417.6601489249363
125,443,196,418.54987755344047
203,535,296,419.39003326259433
348,602,543,419.4305663634924
155,470,218,419.52949836692056
43,293,118,420.6376112522512
272,591,421,420.8004277564366
185,515,265,421.0760026408534
393,568,695,421.2671361499731
202,535,292,421.5779880401727
401,557,719,421.7831196242922
292,599,449,422.7067541452348
290,599,447,423.066188675011
4,149,102,423.3674526932839
402,559,719,423.55755216971403
11,161,101,423.5717176582969
278,597,432,424.09904503547284
279,598,431,425.2928402877246
8,158,99,425.73465914816
187,520,263,426.2510997053263
111,426,172,427.73005505809385
91,405,157,428.92073859863666
358,612,551,429.8488106299702
2,143,96,429.8650951170611
12,167,94,430.2975714549177
9,164,93,431.41859023458875
257,588,375,431.539105991566
3,146,94,431.5889247883917
6,157,93,431.78351056982245
126,451,184,432.92493575676605
118,438,170,436.28087283308673
307,616,453,438.78240621064106
286,611,426,439.07630316381227
283,611,423,439.7556139493844
139,470,190,440.3691633164157
5,162,84,440.50085130451225
336,624,490,442.3087157178796
310,621,451,444.04166471177
315,622,454,444.545835657022
404,587,710,444.7606097666474
376,622,596,444.86514810670434
19,190,79,445.05505277437305
192,543,260,446.4258057057186
223,585,327,447.67510540569486
23,200,75,449.32171102674306
103,428,147,449.61539119563065
106,430,147,450.7083314073526
384,627,621,454.47222137332
378,634,596,456.71106840101874
381,631,613,456.75485766437123
20,199,67,457.28000174947516
245,600,332,459.07842467273497
405,599,719,459.4355232238796
236,597,324,459.7782074000463
303,632,423,460.2195128414266
284,628,400,461.9534608594247
0,136,63,463.38968482261237
1,138,62,464.1863849791375
387,639,611,464.2251608863957
388,638,618,464.6084372888637
383,641,604,464.93440397544254
97,425,127,464.9440826594097
252,606,331,464.94945961899987
35,260,65,465.41379438087137
308,638,422,466.292826451362
248,606,327,466.624045672745
361,652,508,469.27284174560964
382,647,597,469.7073557013984
262,614,337,469.81911412798013
335,648,455,470.09148045885706
254,611,328,470.7440918375928
333,651,449,473.9715181316278
377,656,561,474.4449388495993
255,615,327,474.79785172218294
323,649,431,475.18943590951176
174,521,187,477.29760108343305
212,579,257,477.60339194775406
363,677,479,496.0453608290274
374,680,523,497.0010060351991
373,680,512,497.14484810767175
372,681,508,498.25696181789573
406,661,669,499.50875868196744
201,573,210,500.69551625713603
177,536,164,504.19143189863905
196,571,200,505.48986142157196
198,574,200,507.79621896977534
408,675,660,510.45078117287665
409,675,665,511.8056271671893
264,645,292,516.9796901233161
391,700,553,517.8127074531872
181,545,140,527.7309920783505
352,701,417,528.9357238833467
407,702,628,529.3174850692163
351,701,414,529.550752997293
344,700,398,532.1325022961856
413,688,693,532.5279335396407
411,704,635,532.6931574555844
281,673,309,535.0934497823721
180,547,131,535.6724745588483
179,546,130,535.7284760025362
412,710,632,537.9526001424289
241,640,240,538.0566884632138
215,614,201,538.6000371333073
219,618,198,543.6000367917574
379,726,482,544.621887184127
371,720,433,544.6558546458489
410,722,614,546.4622585320966
415,705,711,554.4844452281777
414,724,658,557.3481856075249
213,617,171,559.4327484157501
190,585,131,562.1859123101539
189,585,123,567.8071855832752
337,720,338,568.3000967798615
345,727,350,571.1497176747968
271,683,243,573.551218288306
349,731,353,574.0601013831217
346,731,346,576.1839983894034
355,738,361,578.4410082281511
274,688,240,579.3798408643504
397,763,492,580.8820878629328
338,730,326,581.7327565128166
398,765,489,583.0514557052405
339,733,324,585.2349955359813
342,735,327,586.099820849657
276,695,234,588.4250164634403
365,754,364,592.9932545990722
366,755,364,593.9562273433961
369,756,363,595.1890455981192
247,669,168,602.4383785915369
360,758,331,606.5261742085003
224,658,144,608.2968025561206
239,668,143,616.7544081723291
238,668,142,617.3726589346179
295,723,211,624.1546282773204
220,643,99,626.2786919575022
258,687,134,637.2723122810216
261,689,134,638.8552261663044
353,781,246,659.4603854667845
297,737,165,660.1492255543438
298,738,164,661.5323121359984
299,741,166,662.9690792186315
269,714,114,670.8658584247673
