44,206,242,12.041594578792296
37,215,215,17.0
38,219,215,19.209372712298546
48,227,237,21.18962010041709
49,209,254,24.08318915758459
42,227,214,25.612496949731394
50,208,257,27.018512172212592
51,207,258,28.0
54,228,258,35.0
47,241,221,35.17101079013795
45,240,217,35.4682957019364
46,243,216,38.62641583165593
58,244,248,41.14608122288197
59,245,248,42.04759208325728
62,239,258,42.5205832509386
41,155,270,65.60487786742691
40,154,270,66.40030120413611
27,177,159,77.07788269017254
26,160,166,79.40403012442127
79,280,269,82.76472678623425
31,122,216,86.14522621712709
74,198,317,87.46427842267951
28,121,209,88.52683209061533
25,129,184,90.55385138137417
34,220,138,92.91393867445294
30,206,136,94.00531899844816
33,215,135,95.33624704172071
24,138,162,96.87620966986684
21,135,161,99.72462083156798
22,134,162,99.76472322419383
32,217,128,102.48902380255166
29,206,127,103.00485425454472
80,203,337,107.07474025184464
18,131,153,108.18964830333815
17,129,152,110.30865786510141
89,283,320,117.79643458101778
16,109,162,119.28118040998756
13,110,157,121.40016474453401
14,106,162,121.75795661885921
72,143,334,122.11470017978998
10,114,150,122.67436570041843
15,100,167,124.16923934694937
7,109,150,126.50691680694776
63,128,330,127.4401820463232
36,87,280,130.0
95,319,300,132.07573584879245
60,316,153,133.4541119636259
98,317,311,136.60527076214885
11,161,101,136.95619737711763
99,316,313,137.00364958642524
8,158,99,139.86421987055874
65,322,150,140.089257261219
4,149,102,140.52757736472938
43,293,118,141.20906486483082
102,315,321,141.2267680009707
12,167,94,141.7603611733548
86,161,365,142.6218777046495
61,321,144,142.80056022299073
9,164,93,143.58969322343438
6,157,93,145.8389522727039
56,321,135,148.39474384222643
92,354,251,148.49242404917499
2,143,96,148.49915824677257
110,296,349,148.60013458944107
82,350,188,149.04026301640775
3,146,94,149.05368160498418
81,350,187,149.3251485852266
104,344,292,150.3761949245957
19,190,79,151.95394038984313
57,323,131,152.50245899656832
5,162,84,152.7776161615307
93,206,385,155.00322577288512
64,328,133,155.08062419270823
23,200,75,155.15798400340216
67,331,135,156.20819440733575
94,202,388,158.07909412695912
105,358,277,158.14550262337528
20,199,67,163.19620093617377
90,177,392,164.75436261295178
117,357,303,166.82026255823962
100,207,399,169.0
114,239,397,170.03823099526764
124,340,336,170.07351351694948
120,360,306,170.83617883809038
109,376,256,170.98830369355676
121,363,303,172.23530416264836
52,71,336,172.42969581832475
112,376,266,172.7917822120022
35,260,65,173.3032025093593
55,72,341,174.7741399635541
53,70,339,175.07141400011596
101,191,408,178.71765441612084
0,136,63,181.46625030566977
1,138,62,181.61773041198373
127,297,388,181.8350901228913
69,71,353,183.3712082089225
68,70,353,184.1140950606444
123,385,282,185.44001725625458
71,71,357,186.07794065928394
130,295,394,186.11824198610947
88,133,402,187.2431574183687
70,68,357,188.2817038376273
66,62,352,189.49670181826386
132,309,390,189.74720024284943
133,307,392,190.3785702225962
129,384,307,193.02331465395574
131,284,407,193.02331465395574
134,297,402,194.12367192076292
135,296,403,194.5507645834372
136,300,403,196.41283053812955
145,322,394,200.30227157973022
143,305,406,201.44478151592807
140,294,412,201.72506041639943
137,281,418,202.03960007879644
73,59,368,202.35612172603032
141,296,412,202.5956564193813
144,302,409,202.64747716169575
142,287,419,205.23401277566055
75,57,372,206.55265672462312
148,305,412,206.7075228432676
156,327,401,208.90428430264421
91,405,157,211.02843410308478
154,307,416,211.17765033260503
159,321,408,211.3764414498456
107,414,187,211.4190152280537
157,308,416,211.65301793265317
146,275,431,212.19095173922943
158,307,418,212.94130646729863
149,283,429,213.0187785149469
152,289,427,213.3846292496252
147,276,432,213.45959805077868
76,56,382,214.2545215392198
119,421,214,214.59729728027799
151,283,431,214.88834309938733
78,59,386,215.0348808914498
150,279,433,215.3903433304288
161,294,430,218.10318658836692
113,422,191,218.50858106719744
96,111,428,220.04544985070697
164,301,429,220.0840748441377
160,282,438,221.10857061633772
162,284,438,221.79495034828903
163,283,439,222.3892983036729
77,46,388,225.5770378385176
111,426,172,226.55021518418383
84,53,397,227.16733920174352
153,245,455,228.18632737304836
122,435,197,230.37577997697588
85,47,398,232.0
83,44,398,234.07904647789388
103,428,147,236.07202290826416
106,430,147,237.94537188186703
125,443,196,238.43657437566074
118,438,170,238.66503723838562
87,41,402,239.0397456491284
97,425,127,241.10785968109792
165,230,475,246.07722365143832
171,307,455,246.22144504490262
126,451,184,248.2982078066614
178,417,372,253.50345165302977
155,470,218,263.2736219221364
139,470,190,266.02443496791795
128,96,482,275.3633962602873
166,168,503,275.77164466275354
108,47,455,276.08875384557047
167,166,504,277.0505369061753
169,205,508,278.0071941515183
168,201,508,278.0647406630334
116,50,465,282.61988606607287
115,47,465,284.29737951659
138,105,496,284.8859420891105
184,269,509,285.8058781760795
170,185,518,288.8390555309306
172,185,519,289.836160614924
186,268,514,290.4771935970189
176,197,521,291.171770609721
194,392,458,293.6136917788406
175,183,524,294.9779652787645
188,297,512,296.01351320505626
173,167,528,300.6725793949292
191,298,521,304.89670381950674
182,180,536,307.18886698576824
195,300,524,308.3585575267857
183,190,538,308.46879907050567
197,308,522,308.97410894765926
199,486,364,309.5109044928789
185,515,265,309.9822575567834
206,486,372,313.05750270517393
205,315,524,313.2091952673165
209,350,509,313.5123602029113
187,520,263,314.7348090059312
210,348,512,315.28558482747036
211,459,421,316.2040480449294
208,486,380,316.76647549890754
174,521,187,316.93059177050105
204,296,535,317.7200025179403
207,307,533,319.07522623983203
193,255,546,319.62478001556764
202,535,292,333.8083282364297
203,535,296,334.5743564590687
177,536,164,335.5547645318123
214,487,417,336.70313333855387
192,543,260,337.33662712489433
218,456,458,337.6166465090251
217,457,457,337.6818028854975
222,458,461,341.11874765248535
200,203,574,344.02325502791234
181,545,140,349.77707186149297
179,546,130,353.4416500640523
180,547,131,354.1200361459374
216,295,574,355.07745633875436
221,301,576,358.54148992829266
196,571,200,365.2341714571625
230,462,493,366.3249923223912
201,573,210,366.546040764322
198,574,200,368.22411653774117
225,509,441,368.4087403957729
234,467,492,369.1124489908191
231,512,441,370.87194555533586
240,455,507,371.79698761555346
237,493,468,372.07526120396665
212,579,257,372.9785516621566
233,515,441,373.34300582708124
226,539,404,374.83329627982624
235,524,431,375.3531670307312
227,344,580,375.85768583334834
228,344,581,376.7890656587582
243,521,443,379.42719986843326
250,478,496,379.73280079550676
251,455,518,380.0631526470305
249,414,550,381.1154680670938
246,527,439,382.2054421381255
256,474,511,387.62094886628614
259,475,511,388.3104428160541
260,473,514,389.1169490011968
223,585,327,390.24735745421776
190,585,131,390.7492802296634
189,585,123,392.8523895816341
232,283,616,393.41072684917987
242,299,615,395.8396139852604
229,265,622,396.2675863605299
244,299,616,396.8122981965151
263,492,507,397.43427129526714
266,491,510,398.8182543465131
236,597,324,401.1682938618155
265,403,582,402.88956303185614
253,299,623,403.62482579742294
245,600,332,406.02093542082287
257,588,375,407.659171367455
215,614,201,408.0318615010352
267,412,583,408.20828017079714
268,509,507,409.79629085681097
248,606,327,410.62148019800424
252,606,331,411.584742185616
219,618,198,412.2438598693739
270,452,563,413.417464556107
213,617,171,414.22336969321276
254,611,328,415.7162493817147
255,615,327,419.3721497667674
262,614,337,420.8301320010249
272,591,421,428.8787707499638
273,589,426,429.34834342291344
280,536,507,430.08138764657093
277,429,599,430.6332546378647
241,640,240,433.11545804785123
291,505,552,438.73454388730323
278,597,432,439.2083787907512
279,598,431,439.638487851098
287,418,617,440.78339351658883
288,569,482,441.0759571774458
289,571,480,441.58351418502934
264,645,292,442.36636400160444
283,611,423,447.73317947188144
290,599,447,448.0546841625473
275,285,672,448.8295890424338
292,599,449,449.02672526253934
286,611,426,449.0345198311595
301,534,539,449.89998888641907
285,346,660,451.9081765137692
300,578,491,453.60996461718076
284,628,400,454.0275322048212
282,316,671,454.2708443208743
293,353,661,455.05713926934493
220,643,99,455.25487366968406
294,347,665,456.97374103989824
296,350,666,458.85182793577275
224,658,144,459.126344267022
314,530,557,459.6281105415551
307,616,453,465.8433213001985
247,669,168,466.14160938495934
303,632,423,466.7697505194611
302,350,675,467.4120238076894
321,470,618,468.7355331100897
239,668,143,469.13750649463105
310,621,451,469.2941508265365
238,668,142,469.32398191441274
315,622,454,471.59410513703415
308,638,422,471.8315377335432
306,350,680,472.1747557843388
304,347,681,472.2298169323915
281,673,309,472.6489183315667
326,494,608,474.60825951515005
312,361,679,474.6756787533989
309,345,685,475.467138717283
271,683,243,476.1774879181081
316,364,681,477.5458093209488
330,502,606,477.91317203023397
317,351,689,481.0582085361396
274,688,240,481.10393887391945
334,511,604,481.9668038361148
320,361,687,482.24993519958093
318,349,691,482.3743359674103
323,649,431,485.55638189606776
276,695,234,488.01639316727875
305,277,713,488.04610437949407
313,297,710,488.3646178829912
258,687,134,489.50587330490737
328,368,694,491.1384733453489
336,624,490,491.4153029770237
261,689,134,491.4671911735309
329,368,695,492.0833262771662
341,490,634,493.2595665570005
311,274,719,493.56863757738904
340,468,650,494.4906470298503
333,651,449,495.07272193082906
335,648,455,495.08181142110243
343,507,624,495.2130854490822
319,275,726,500.6395909234506
347,485,647,501.1716272894945
322,280,726,501.3431958249758
324,285,727,503.0834920766135
325,289,727,503.71916779094283
348,602,543,503.97817413058675
350,492,647,505.0881111251778
327,286,731,507.19029959178044
331,303,729,508.15056823740736
354,511,638,508.80251571705105
357,554,608,513.1208434667218
356,499,654,514.8203570178631
332,278,740,514.9184401436795
295,723,211,516.349687711729
358,612,551,516.7842876868452
359,516,645,517.4031310303408
362,490,666,519.7932281205672
269,714,114,520.1009517391792
344,700,398,520.838746638535
337,720,338,524.2451716515852
361,652,508,524.6989613101973
351,701,414,527.1546262720266
352,701,417,528.2092388438506
367,528,650,528.6217929673351
338,730,326,531.7377173005503
363,677,479,531.884385933635
345,727,350,533.6665625650534
297,737,165,533.9709729938511
339,733,324,534.3332293616036
298,738,164,535.0859744003761
346,731,346,536.6861280115222
364,424,721,536.8146793820005
342,735,327,536.8361016176166
299,741,166,537.8215317370624
349,731,353,538.2425103984262
368,424,723,538.6445952573923
370,382,748,546.7622883849982
355,738,361,546.920469538305
372,681,508,549.508871629931
375,580,634,549.8590728541269
373,680,512,550.6841199816824
371,720,433,551.7046311206749
376,622,596,553.3362449722591
374,680,523,556.3973400367762
377,656,561,557.8189670493466
360,758,331,560.180328108726
378,634,596,562.3922118948661
365,754,364,563.1740405949124
366,755,364,564.1453713361477
369,756,363,564.8805183399406
381,631,613,571.3711578300046
383,641,604,572.915351513642
380,485,731,572.9616042982287
382,647,597,572.9650949228932
384,627,621,573.8301142324268
353,781,246,574.222953215909
387,639,611,576.0078124470189
379,726,482,576.9445380623687
385,505,725,577.7793696559268
388,638,618,579.9180976655238
386,472,748,581.8496369338044
389,484,747,586.5304766165182
392,541,713,587.2350466380561
393,568,695,588.6815777650936
391,700,553,589.3878179942303
390,470,758,589.8754105741314
394,482,760,597.0971445250764
395,465,771,599.3705031113893
396,467,771,600.2341209894686
401,557,719,601.3493161216699
402,559,719,602.5155599650518
399,477,773,606.4231196120412
400,477,774,607.3186972257647
404,587,710,612.2091146005587
397,763,492,614.6381049040159
398,765,489,615.1788357867979
403,480,782,615.8189669050475
405,599,719,626.7256177945816
406,661,669,631.5354305183519
407,702,628,635.1606096098844
408,675,660,635.5501553772133
409,675,665,638.9436594880647
411,704,635,641.119333665738
410,722,614,642.4025217883254
412,710,632,643.904496024061
413,688,693,667.6301371268377
414,724,658,671.1728540398517
415,705,711,692.3618995872029
