339,733,324,3.605551275463989
342,735,327,5.0990195135927845
337,720,338,15.620499351813308
346,731,346,20.024984394500787
345,727,350,24.186773244895647
349,731,353,27.018512172212592
360,758,331,28.442925306655784
355,738,361,35.90264614203248
365,754,364,44.94441010848846
369,756,363,45.221676218380054
366,755,364,45.48626166217664
281,673,309,59.481089431852205
344,700,398,78.0
264,645,292,91.54780172128658
351,701,414,92.65527507918802
353,781,246,94.87360012142472
271,683,243,95.38343671728336
352,701,417,95.50916186418976
274,688,240,95.70788891204319
276,695,234,98.43271813782245
371,720,433,107.46627377926528
255,615,327,115.00434774390054
295,723,211,115.2128465059344
262,614,337,116.52038448271615
254,611,328,119.01680553602503
248,606,327,124.00403219250575
252,606,331,124.10076550932311
241,640,240,124.48293055676348
284,628,400,126.01587201618692
245,600,332,130.13838787997952
323,649,431,132.61221663180206
308,638,422,132.9661611087573
236,597,324,133.01503674397117
303,632,423,137.88763541376724
223,585,327,145.00344823486094
333,651,449,146.18481453283715
257,588,375,150.2165104108067
335,648,455,152.85614151874958
283,611,423,153.52524222420234
286,611,426,155.43809056984713
379,726,482,156.05127362504928
299,741,166,160.37767924496225
297,737,165,161.15210206509875
363,677,479,161.91973320136123
298,738,164,162.19741058352318
310,621,451,165.8493292117879
212,579,257,166.01807130550577
398,765,489,166.715326230074
315,622,454,167.47537132366656
272,591,421,168.36270370839262
279,598,431,168.66831356244717
397,763,492,169.24833824885843
247,669,168,169.36646657470303
278,597,432,170.07351351694948
219,618,198,170.0823330037544
215,614,201,170.53152201279386
307,616,453,170.66048165876012
273,589,426,172.86121600868137
290,599,447,178.33115263464205
292,599,449,179.6941846582688
372,681,508,188.48076824970764
213,617,171,191.81762171396036
373,680,512,192.60321908005588
239,668,143,193.2174940319846
238,668,142,194.164878389476
201,573,210,195.2050204272421
336,624,490,195.27416623813812
224,658,144,195.72429588581997
261,689,134,196.32880583347927
258,687,134,196.75619431164043
203,535,296,197.29419656948858
202,535,292,197.9419106707824
361,652,508,198.01010075246163
192,543,260,198.3053201505194
198,574,200,200.52929960482084
196,571,200,202.87188075236054
374,680,523,203.24615617521528
226,539,404,206.31286920597077
269,714,114,212.60291625469299
187,520,263,219.24643668712156
289,571,480,221.35265979879256
185,515,265,223.48601745970598
288,569,482,224.1807306616695
300,578,491,224.34125790857107
391,700,553,228.97379762758882
235,524,431,231.21634890292685
246,527,439,232.3316594870359
243,521,443,239.52035404115452
190,585,131,243.00205760445732
220,643,99,243.10080213771406
233,515,441,243.82370680473218
377,656,561,246.37572932413616
231,512,441,246.4731222669117
199,486,364,246.94128856876083
206,486,372,248.2982078066614
225,509,441,249.13048789740688
189,585,123,249.46743274423616
208,486,380,249.9039815609187
174,521,187,251.0019920239678
348,602,543,251.93848455525804
177,536,164,252.74493071078598
358,612,551,254.0649523251879
214,487,417,259.4802497301095
181,545,140,262.33756879257686
280,536,507,265.32432983049256
180,547,131,267.4210163767986
179,546,130,268.83452159274486
237,493,468,276.2842738919463
155,470,218,281.5386296762844
382,647,597,283.425475213503
268,509,507,285.66063782047394
378,634,596,286.5588944702293
211,459,421,287.1689398246266
410,722,614,288.1110896859057
301,534,539,289.4563870430224
376,622,596,290.7988995852632
383,641,604,291.89895511974686
139,470,190,293.4211989614929
263,492,507,299.0066888883926
387,639,611,299.1755337590292
266,491,510,301.62393804205925
217,457,457,302.80356668969404
407,702,628,303.29523570277195
381,631,613,303.5951251255527
222,458,461,303.65934861288235
250,478,496,303.98026251715754
218,456,458,304.138126514911
314,530,557,305.5503231875234
388,638,618,306.15028989043924
412,710,632,306.65289824164387
411,704,635,310.0919218554395
234,467,492,311.0064308016797
384,627,621,312.464397971993
126,451,184,313.05750270517393
259,475,511,315.03968004046726
125,443,196,315.06983352901307
230,462,493,315.77365311247866
256,474,511,315.8496477756466
178,417,372,316.36213427020624
260,473,514,318.42267507198665
291,505,552,318.90594224629933
122,435,197,321.97204847626136
119,421,214,328.6715685908959
240,455,507,329.2202909906982
118,438,170,331.058907144937
414,724,658,332.05421244128195
357,554,608,332.41540277189324
251,455,518,335.393798392278
113,422,191,336.2870797399151
408,675,660,338.4981536138713
111,426,172,340.7814548944822
375,580,634,342.58429619584143
409,675,665,343.43267171310305
107,414,187,345.2202195700594
129,384,307,346.5212836176156
123,385,282,347.7944795421572
106,430,147,349.3436703305214
406,661,669,349.87140494758927
103,428,147,351.062672467467
334,511,604,353.89970330589426
112,376,266,359.0487432090523
109,376,256,360.85454133209964
330,502,606,361.08724707472015
194,392,458,362.86085487415147
97,425,127,364.1785276481852
270,452,563,365.3121952522253
91,405,157,366.31407289373965
121,363,303,367.72000217556837
326,494,608,367.72272162595556
413,688,693,369.3954520564648
120,360,306,370.5401462729781
343,507,624,372.2002149381432
117,357,303,373.7084425056517
105,358,277,375.2132726863483
354,511,638,381.1889295349486
367,528,650,381.81147180251145
92,354,251,383.40709435272584
359,516,645,384.1314879048579
415,705,711,385.8108344772085
249,414,550,387.33964424003904
104,344,292,387.49451609022805
124,340,336,390.1281840626232
341,490,634,390.4663877979768
321,470,618,390.97826026519687
350,492,647,399.60605601016607
356,499,654,401.1795109424209
393,568,695,402.995037190286
347,485,647,403.8143137631454
82,350,188,404.2820797413608
81,350,187,404.6245172996812
277,429,599,406.36190766359977
267,412,583,408.8679493430611
404,587,710,409.76212611709246
156,327,401,409.91950429322094
95,319,300,411.82156330138906
98,317,311,413.27230732290786
145,322,394,413.62785206027894
99,316,313,414.2040559917298
405,599,719,414.2583734820577
102,315,321,415.03011938894264
265,403,582,415.2890559598218
362,490,666,416.17304093369626
340,468,650,416.6773331968035
159,321,408,417.1390655404981
209,350,509,421.768894064036
210,348,512,424.87645263064417
132,309,390,425.8368232081392
287,418,617,426.64387959983674
133,307,392,428.117974394909
402,559,719,428.5907138518052
401,557,719,429.3925942537901
392,541,713,430.6855001041944
157,308,416,431.49044021855224
143,305,406,432.46387132337424
154,307,416,432.46849596242265
158,307,418,432.8891313026928
148,305,412,433.6138835415674
110,296,349,434.60901969471365
144,302,409,435.97362305534034
136,300,403,436.8397875651896
127,297,388,437.41627770351664
134,297,402,439.6191533589045
130,295,394,440.2828636229214
135,296,403,440.7777217600726
164,301,429,441.1915683691156
171,307,455,442.2329702769797
67,331,135,442.35958224051166
141,296,412,442.43869631848435
65,322,150,444.3422104639621
140,294,412,444.40072007142385
64,328,133,445.9293666041742
89,283,320,447.04026664272646
61,321,144,447.66617026529934
161,294,430,448.23208274285764
60,316,153,448.69254506844663
57,323,131,451.3025592659541
56,321,135,451.4000443065995
152,289,427,452.41794836191013
142,287,419,452.6566027354511
131,284,407,453.29570922301923
79,280,269,453.5956348996317
385,505,725,458.06768058879686
137,281,418,458.3284848228397
149,283,429,458.7134181599662
151,283,431,459.1666364186318
205,315,524,459.8140928679764
162,284,438,459.84780090808306
163,283,439,461.0618179810599
160,282,438,461.78783006917797
227,344,580,462.07358721311914
228,344,581,462.62403742131687
150,279,433,463.51914739307153
197,308,522,465.29560496527364
147,276,432,466.21025299750755
146,275,431,466.9582422444217
207,307,533,470.93311627024065
188,297,512,471.2589521696113
380,485,731,473.33920184155465
195,300,524,473.3962399512696
191,298,521,473.9715181316278
204,296,535,481.7021901548715
43,293,118,483.97623908617663
389,484,747,487.6033223840871
59,245,248,491.2321243567037
58,244,248,492.2194632478484
386,472,748,494.619045326805
62,239,258,495.68639279286253
184,269,509,495.99395157602476
114,239,397,496.1068433311518
221,301,576,496.5289518245638
186,268,514,498.78652748445404
46,243,216,499.2684648563336
364,424,721,499.66088500101745
394,482,760,499.8599803945101
47,241,221,500.145978690222
216,295,574,500.7284693324317
368,424,723,501.2434538225911
153,245,455,501.86253097835464
45,240,217,501.9770911107398
390,470,758,504.20630698157674
293,353,661,504.33520598903266
54,228,258,506.5846424833662
285,346,660,508.93221552580064
316,364,681,509.88331998605327
296,350,666,509.9019513592785
312,361,679,510.65644028054714
48,227,237,510.8130773580489
294,347,665,511.4782497819433
399,477,773,513.6321641018989
400,477,774,514.5026724906295
42,227,214,515.3183482081731
302,350,675,515.9467026738324
328,368,694,516.2053854813993
320,361,687,516.2189457972266
396,467,771,516.9081156259786
329,368,695,516.9187557053816
395,465,771,517.9285665031424
242,299,615,518.9238865190155
306,350,680,519.3418912431385
244,299,616,519.481472239386
403,480,782,520.0346142325528
165,230,475,521.7288567829079
304,347,681,522.220260043595
38,219,215,522.9168193890879
253,299,623,523.4214363206765
193,255,546,523.4739726099092
317,351,689,524.7951981487636
49,209,254,525.9515186782903
309,345,685,526.4085865561085
50,208,257,526.5405967254567
37,215,215,526.8263471012057
80,203,337,527.114788257738
93,206,385,527.3111036191065
51,207,258,527.4021236210564
318,349,691,527.6229714483629
100,207,399,528.0700711079922
44,206,242,530.6901167348041
94,202,388,531.6276892713546
39,207,230,531.7377173005503
74,198,317,532.0761223734814
232,283,616,532.8311177099175
35,260,65,537.6067335887824
282,316,671,538.9072276375591
34,220,138,543.547606010734
101,191,408,545.2017975025394
370,382,748,546.9808040507454
33,215,135,549.277707539638
32,217,128,549.8845333340446
229,265,622,551.217742820385
169,205,508,555.6518694290518
90,177,392,556.9245909456683
30,206,136,557.3831716153619
168,201,508,559.4327484157501
29,206,127,560.5149418168975
275,285,672,563.6851958318579
176,197,521,567.5508787765199
86,161,365,570.3349892826145
27,177,159,577.6659934598886
41,155,270,577.7205206672168
170,185,518,577.83129025694
172,185,519,578.1643364995804
40,154,270,578.7158197250184
313,297,710,578.7443304257935
183,190,538,580.1241246491995
175,183,524,581.7327565128166
200,203,574,582.437121069734
23,200,75,586.4307290720703
72,143,334,587.0545119492738
331,303,729,587.1439346531649
182,180,536,588.727441181401
166,168,503,589.21388306794
20,199,67,590.7977657371429
167,166,504,591.4220151465449
26,160,166,592.0304046246274
19,190,79,593.8088918162139
305,277,713,595.8003021147271
325,289,727,596.0553665558259
173,167,528,598.1412876570217
324,285,727,599.0208677500309
327,286,731,600.966721208421
88,133,402,601.8180788244899
311,274,719,601.9842190622608
63,128,330,602.0132888898715
322,280,726,602.0797289396148
319,275,726,605.8258825768341
12,167,94,608.9277461242837
11,161,101,611.8709014163037
9,164,93,612.0825107777546
332,278,740,612.9437168288782
24,138,162,614.2963454229563
8,158,99,615.3966200752162
5,162,84,617.404243587619
21,135,161,617.4544517614235
25,129,184,617.5475690179665
31,122,216,617.8705366013174
22,134,162,618.1520848464397
6,157,93,618.561233832189
28,121,209,620.1370816198624
4,149,102,622.6853137821704
18,131,153,623.4821569219123
17,129,152,625.6812287419209
96,111,428,627.3475910529983
3,146,94,628.3947803729754
2,143,96,630.4514255674262
10,114,150,640.6496702566856
16,109,162,642.2904327483012
13,110,157,642.6204167313703
36,87,280,644.6433122277776
14,106,162,645.1914444566047
7,109,150,645.4587515868075
138,105,496,647.707495710834
1,138,62,648.1975007665487
0,136,63,649.6191191767681
15,100,167,649.7545690489602
128,96,482,652.9104073301329
55,72,341,658.1709504376504
52,71,336,659.0758681669357
69,71,353,659.5528788505134
71,71,357,659.7287321316239
53,70,339,660.1280178874398
68,70,353,660.552041855901
70,68,357,662.7254333432511
66,62,352,668.5057965343308
73,59,368,672.3131710743141
78,59,386,673.6772224144141
75,57,372,674.5702335561509
76,56,382,676.3224083231311
84,53,397,680.7128616384445
85,47,398,686.7845368090344
77,46,388,686.804193347711
83,44,398,689.7680769650042
87,41,402,693.1789090848048
116,50,465,694.0612364914208
108,47,455,695.0755354635926
115,47,465,697.0007173597456
