113,422,191,8.94427190999916
111,426,172,19.209372712298546
122,435,197,23.259406699226016
119,421,214,27.892651361962706
118,438,170,29.410882339705484
125,443,196,30.364452901377952
91,405,157,31.32091952673165
126,451,184,37.12142238654117
103,428,147,42.37924020083418
106,430,147,43.08131845707603
139,470,190,56.08029957123981
97,425,127,61.0
81,350,187,64.0
82,350,188,64.00781202322104
155,470,218,64.00781202322104
109,376,256,78.77182237323191
112,376,266,87.66413177577246
92,354,251,87.72684879784524
67,331,135,97.94386147176351
65,322,150,99.16148445843275
123,385,282,99.32774033471213
64,328,133,101.54801819828883
61,321,144,102.45974819410792
60,316,153,103.73041983911952
105,358,277,106.0
56,321,135,106.55045753069294
57,323,131,106.85036265731624
174,521,187,107.0
129,384,307,123.69316876852982
177,536,164,124.1491039033307
104,344,292,126.19429464123962
121,363,303,126.7162183779172
185,515,265,127.61269529321916
117,357,303,129.24782396620841
187,520,263,130.43005788544295
120,360,306,130.6789960169575
181,545,140,139.17614738165446
43,293,118,139.29106216839614
179,546,130,143.7810835958611
180,547,131,144.30869689661813
95,319,300,147.6279106402309
192,543,260,148.22280526288793
79,280,269,157.09869509324386
98,317,311,157.4325252290644
196,571,200,157.53729717117784
99,316,313,159.62455951387932
202,535,292,160.20611723651504
198,574,200,160.52725625263767
201,573,210,160.65490966665163
203,535,296,162.85576440519384
124,340,336,166.3640586184408
102,315,321,166.6043216726385
46,243,216,173.44163283364233
47,241,221,176.30938715791623
45,240,217,176.56726763474595
212,579,257,179.2344832893492
59,245,248,179.6719232378838
190,585,131,179.93609976877903
58,244,248,180.61284561182242
189,585,123,182.58422713914803
178,417,372,185.02432272541898
89,283,320,186.6815470259447
62,239,258,188.85444130334875
42,227,214,188.939143641544
199,486,364,191.08375127153016
48,227,237,193.56910910576616
35,260,65,196.468827043885
38,219,215,197.0
206,486,372,198.5170017907786
54,228,258,199.090431713832
34,220,138,200.09247861926244
110,296,349,200.4195599236761
215,614,201,200.48940121612415
37,215,215,200.9601950635996
213,617,171,203.62956563328422
219,618,198,204.29635336931494
32,217,128,205.64532574313475
33,215,135,205.6817930688081
208,486,380,205.9927183179056
39,207,230,211.4190152280537
30,206,136,214.1611542740653
44,206,242,215.14878572745886
49,209,254,215.67104580819372
29,206,127,216.48094604375694
50,208,257,217.56838005555863
51,207,258,218.83783950679097
223,585,327,221.0
145,322,394,226.52372944131042
132,309,390,228.5475880424031
236,597,324,228.60008748904713
156,327,401,231.00865784641059
133,307,392,231.2444593930847
241,640,240,232.13142829009604
127,297,388,232.57256931977167
245,600,332,235.84104816592043
248,606,327,237.62154784446633
211,459,421,238.28764130772709
27,177,159,238.64827675891564
130,295,394,238.76766950322232
159,321,408,239.77072381756702
252,606,331,240.0
214,487,417,241.306858584666
23,200,75,241.5367466867102
254,611,328,242.26019070412704
136,300,403,244.23758924457144
143,305,406,244.6262455256999
134,297,402,244.77336456403913
255,615,327,244.95101551126504
220,643,99,245.3263133053607
135,296,403,246.13004692641653
20,199,67,246.22144504490262
224,658,144,247.759964481754
144,302,409,248.65236777477105
19,190,79,248.67649667791284
262,614,337,250.0
148,305,412,250.01199971201382
226,539,404,250.42763425788297
74,198,317,252.10315349078837
157,308,416,252.3430205097815
154,307,416,252.76471272707352
264,645,292,253.74396544548603
141,296,412,254.0649523251879
158,307,418,254.57808232446092
26,160,166,254.86663179004034
140,294,412,255.0
131,284,407,255.53864678361276
247,669,168,255.70686341981516
257,588,375,256.1640099623677
239,668,143,257.78285435614214
238,668,142,257.9554225055174
80,203,337,258.88414397177746
12,167,94,263.928020490436
142,287,419,264.48629454094595
137,281,418,266.5520587052368
164,301,429,267.08238429368566
9,164,93,267.0880004792428
11,161,101,267.21714016881475
235,524,431,267.6490239100453
152,289,427,270.60118255469615
8,158,99,270.7027890510181
161,294,430,271.01475974566404
225,509,441,271.1844390815963
194,392,458,271.89152248645047
41,155,270,271.97426348829407
5,162,84,272.237029075767
231,512,441,272.2498852157701
40,154,270,272.92673009436066
233,515,441,273.34410547879025
114,239,397,273.3587386567329
217,457,457,273.40263349134
6,157,93,273.6512378923216
218,456,458,274.23530042647684
271,683,243,274.7671741675122
149,283,429,275.1817581163403
246,527,439,276.1756687327832
151,283,431,276.94223224347706
24,138,162,277.1299334247385
243,521,443,277.46170906991836
222,458,461,277.5103601669675
258,687,134,278.09710534272017
4,149,102,278.29840100151495
274,688,240,279.0788419067271
261,689,134,280.0607077045975
21,135,161,280.20885068105895
150,279,433,280.60826787534256
146,275,431,280.81488564533043
22,134,162,281.1138559374119
147,276,432,281.19210515233175
162,284,438,282.66764936936096
160,282,438,283.59301824974466
3,146,94,283.67763394388356
163,283,439,284.01584462842914
276,695,234,284.9034924320866
25,129,184,285.0157890363269
18,131,153,285.0350855596553
2,143,96,285.87060009731675
281,673,309,286.29530209208815
17,129,152,287.14108030722457
93,206,385,287.17242207426534
171,307,455,288.5706152746672
237,493,468,291.8938163099726
94,202,388,292.138665705175
272,591,421,293.4024539774676
31,122,216,293.43653487594213
28,121,209,293.82477771624366
273,589,426,296.2195131992489
100,207,399,296.29883563726673
284,628,400,301.93542355940946
10,114,150,302.27305536550887
1,138,62,302.9867983922732
0,136,63,304.4010512465422
13,110,157,305.4766766874355
279,598,431,305.60104711862493
278,597,432,305.80058861944656
16,109,162,306.0228749619871
7,109,150,307.23606559126483
283,611,423,307.4166553718259
72,143,334,308.3018001893599
269,714,114,308.7539473431878
14,106,162,309.01294471267704
86,161,365,309.3428518650463
234,467,492,309.57067044537666
286,611,426,309.7256850827842
230,462,493,309.7418279793674
295,723,211,309.9306374013386
90,177,392,313.35921878891645
101,191,408,313.9585959963511
15,100,167,314.6362979695763
250,478,496,315.5582355128764
153,245,455,316.8359196808342
290,599,447,319.100297712177
63,128,330,319.7577207824699
292,599,449,320.73197533142843
303,632,423,321.27869521647403
240,455,507,322.61587065735
297,737,165,323.74835906920055
308,638,422,324.6552017140646
298,738,164,324.81533215043896
299,741,166,327.67361810191557
209,350,509,328.29864452964165
263,492,507,329.3690938749415
256,474,511,329.50872522590356
259,475,511,329.6922807710244
210,348,512,331.6338342208165
266,491,510,332.05120087119093
260,473,514,332.28000240760804
289,571,480,332.412394474093
288,569,482,333.24165405903267
251,455,518,333.52960888053104
268,509,507,333.80383460949037
307,616,453,334.0059879702758
310,621,451,335.47727195743084
315,622,454,338.45679192475956
323,649,431,338.76392960290207
36,87,280,339.9676455193935
337,720,338,341.2286623365628
165,230,475,341.76014981270123
280,536,507,342.4675167077894
338,730,326,345.2202195700594
300,578,491,345.4156915949245
188,297,512,345.418586645247
339,733,324,347.17430780517157
342,735,327,350.2013706426632
205,315,524,351.2406582387637
197,308,522,351.370175171428
345,727,350,352.8994190984168
184,269,509,353.1416146533852
333,651,449,353.28883367579
191,298,521,353.57036074874827
88,133,402,353.8163365363448
346,731,346,354.6406632071399
344,700,398,355.4110296543989
195,300,524,355.75975039343615
335,648,455,355.7808314116993
349,731,353,357.8337602854152
186,268,514,358.11311062288684
207,307,533,362.1670885102621
249,414,550,363.0
351,701,414,365.9207564487153
204,296,535,367.4615626157381
355,738,361,367.7662300973269
352,701,417,367.78934187928826
336,624,490,368.6583784481237
353,781,246,371.7122543043207
301,534,539,371.8924575734227
360,758,331,372.9235846658133
52,71,336,373.9652390263031
55,72,341,375.0733261643648
53,70,339,376.0850967533811
291,505,552,376.1728326181996
270,452,563,377.91533443352097
69,71,353,381.0577384071868
68,70,353,381.9581128867405
71,71,357,382.817188746796
169,205,508,383.04307851728635
365,754,364,383.3131878764413
366,755,364,384.2004685057008
369,756,363,384.6296920415791
168,201,508,385.24018481980823
70,68,357,385.507457774814
96,111,428,387.15629918677547
314,530,557,387.7576562751534
66,62,352,388.75313503559045
371,720,433,392.62195557558925
193,255,546,392.63469026564627
363,677,479,392.9796432386797
265,403,582,395.15313487305144
267,412,583,396.00505047284435
176,197,521,398.3026487484109
73,59,368,398.4796105197856
227,344,580,399.18542057545136
361,652,508,399.60605601016607
228,344,581,400.16996389034495
166,168,503,400.4647300324961
75,57,372,402.0870552504768
167,166,504,402.48354003611126
170,185,518,402.4947204622689
348,602,543,402.5916044827562
172,185,519,403.3174928018868
216,295,574,404.88269906233336
221,301,576,405.0802389650722
78,59,386,406.97174349087186
76,56,382,407.66285089519744
175,183,524,408.57067931999234
277,429,599,412.27296782592964
358,612,551,414.36698710201324
183,190,538,416.38563856117804
372,681,508,417.5284421449633
84,53,397,417.6374025395714
77,46,388,419.3149174546501
373,680,512,419.9773803432752
182,180,536,420.18686319303225
173,167,528,421.0581907527747
85,47,398,423.3320209953412
83,44,398,425.9354411175478
334,511,604,428.1331568566023
330,502,606,428.1413318052813
326,494,608,428.53354594477196
374,680,523,428.5463802203911
379,726,482,429.3821142059832
287,418,617,430.01860424869994
87,41,402,430.5275833207438
128,96,482,433.7614551801485
321,470,618,434.62282498736766
138,105,496,436.9919907732864
200,203,574,440.78339351658883
242,299,615,443.180550114736
357,554,608,443.6676684186036
244,299,616,444.14637226932297
377,656,561,445.4660480889649
343,507,624,446.78630238627505
232,283,616,448.5554592243862
253,299,623,450.9112994813947
341,490,634,453.4148211075593
108,47,455,454.4370143375207
116,50,465,458.0174669158372
376,622,596,458.85182793577275
229,265,622,459.8108306684391
115,47,465,460.4052562688658
354,511,638,461.31334253411745
398,765,489,463.03887525779083
397,763,492,463.49325777189034
378,634,596,464.4146853836558
391,700,553,464.49111939842294
347,485,647,465.4470968864238
340,468,650,466.1383914675984
350,492,647,466.5661796572915
359,516,645,469.22063040748753
382,647,597,471.5813821600679
356,499,654,474.67251869051785
383,641,604,474.78205526325445
367,528,650,476.82806125478817
375,580,634,476.82806125478817
285,346,660,477.8629510644239
293,353,661,477.9089871513194
381,631,613,478.08472052555703
387,639,611,480.0010416655364
294,347,665,482.6727669964404
296,350,666,483.25666058524223
384,627,621,483.4511350695125
362,490,666,484.9917525071947
388,638,618,485.73346600785084
302,350,675,492.1788292887048
282,316,671,493.8218302181466
312,361,679,494.8464408278592
316,364,681,496.52391684590583
306,350,680,497.13680209777266
304,347,681,498.52281793314137
275,285,672,501.86253097835464
309,345,685,502.7573967630909
320,361,687,502.8011535388518
317,351,689,505.9377432056241
318,349,691,508.1741827365889
328,368,694,509.0825080475659
329,368,695,510.07842534261334
410,722,614,526.4912155012655
407,702,628,526.7114959823831
393,568,695,530.8295394945537
411,704,635,533.6703102103395
364,424,721,534.0936247513164
412,710,632,534.4539269198048
313,297,710,535.9272338666883
368,424,723,536.0932754661263
408,675,660,540.2314318882233
392,541,713,541.114590451967
406,661,669,541.6022525802491
305,277,713,543.548525892583
409,675,665,544.6145425895272
385,505,725,545.6418239101545
380,485,731,548.6137074481461
311,274,719,550.112715722878
404,587,710,550.8702206509261
401,557,719,550.8838353046856
402,559,719,551.4063837135004
331,303,729,553.2494916400738
325,289,727,554.2788107081128
324,285,727,555.1945604920855
322,280,726,555.4070579313878
319,275,726,556.6345300104908
327,286,731,558.8559742903353
370,382,748,561.9119148051587
405,599,719,563.2486129587893
414,724,658,563.8625719091488
386,472,748,563.9902481426429
389,484,747,564.3580423808985
332,278,740,569.4778309995921
390,470,758,573.7394879211296
413,688,693,575.4233224331457
394,482,760,577.0207968522452
395,465,771,586.2226539464335
396,467,771,586.400034106411
399,477,773,589.376789498874
400,477,774,590.3710697518976
403,480,782,598.6493130372739
415,705,711,599.3805135304284
