271,683,243,43.104524124504614
215,614,201,46.87216658103186
219,618,198,47.41307836451879
274,688,240,48.0
264,645,292,52.23983154643591
276,695,234,55.326304774492215
212,579,257,63.324560795950255
213,617,171,72.73238618387272
201,573,210,73.40980860893181
281,673,309,76.48529270389177
198,574,200,77.17512552629896
247,669,168,77.62087348130012
196,571,200,79.75587752636166
295,723,211,87.92041856133307
255,615,327,90.52071586106685
254,611,328,92.65527507918802
248,606,327,93.40770846134703
236,597,324,94.36630754670864
252,606,331,97.14422267947796
224,658,144,97.67292357659824
192,543,260,99.04039579888602
245,600,332,100.31948963187563
262,614,337,100.42410069301094
239,668,143,100.96038827183659
238,668,142,101.92153844992725
223,585,327,102.9271587094485
258,687,134,115.95257651298655
261,689,134,116.77756633874505
202,535,292,117.17081547894082
203,535,296,119.0
190,585,131,122.09013064126027
187,520,263,122.18428704215611
297,737,165,122.61321299109652
298,738,164,124.01612798341996
338,730,326,124.48293055676348
299,741,166,125.2078272313676
339,733,324,125.31959144523253
337,720,338,126.50691680694776
185,515,265,127.47548783981962
177,536,164,128.80993750483694
342,735,327,128.81770064707723
189,585,123,129.28263611173776
174,521,187,130.26895255585654
181,545,140,137.93114224133723
346,731,346,139.70325694127536
345,727,350,140.24621207005913
220,643,99,141.0319112825179
353,781,246,141.12760183606892
180,547,131,143.28293687665675
257,588,375,144.66858677681205
179,546,130,144.69277798148738
349,731,353,145.08618128546908
269,714,114,146.12323566086263
360,758,331,149.01342221424215
355,738,361,155.7080601638849
284,628,400,160.44936896105264
365,754,364,168.43990026119107
344,700,398,169.00887550658396
369,756,363,169.07099100673656
366,755,364,169.11830178901394
155,470,218,171.41761869772895
139,470,190,177.2004514666935
308,638,422,182.0109886792553
303,632,423,183.17477992343814
351,701,414,184.3827540742355
283,611,423,185.28356645962967
352,701,417,187.21645226849054
272,591,421,187.51533270642165
286,611,426,188.2471779336944
323,649,431,191.21192431435858
226,539,404,192.6058150731696
273,589,426,192.86523792534516
279,598,431,195.5632889885011
278,597,432,196.75619431164043
126,451,184,197.12178976460214
199,486,364,197.71696942852427
125,443,196,201.8539075668341
206,486,372,202.82997806044352
208,486,380,208.12496246245908
371,720,433,208.92343095019285
333,651,449,209.28927349484493
122,435,197,209.4612135933524
290,599,447,211.0213259365034
310,621,451,211.85372312045877
292,599,449,212.98356744124652
118,438,170,213.78493866500511
307,616,453,214.34784813475503
315,622,454,214.75567512873786
335,648,455,215.14878572745886
119,421,214,220.5379785887229
113,422,191,223.4390297150433
235,524,431,223.46588106464932
111,426,172,224.54398232862977
246,527,439,228.84492565927695
106,430,147,229.67150454507848
103,428,147,231.50161986474308
107,414,187,232.13142829009604
214,487,417,233.96153530014288
243,521,443,235.30830839560255
233,515,441,236.6981199756348
231,512,441,238.29603437741048
225,509,441,239.92082027202224
363,677,479,241.84705910967782
97,425,127,242.88680491125902
91,405,157,249.22680433693324
289,571,480,249.7218452598811
336,624,490,250.51147678300092
288,569,482,252.20031720836514
211,459,421,255.9726547895302
379,726,482,256.82678987987214
123,385,282,258.43567865138124
300,578,491,258.54400012377005
178,417,372,259.1389588618431
109,376,256,264.48440407706465
129,384,307,264.62237244798484
112,376,266,265.2772134956186
361,652,508,268.26852219371546
372,681,508,271.1180554666177
237,493,468,271.28029784707917
373,680,512,274.9254444390333
398,765,489,278.61442891566116
397,763,492,280.4157627523817
217,457,457,283.8626428398073
121,363,303,284.0739340383063
105,358,277,284.41694745566764
218,456,458,285.27180021866866
374,680,523,285.8128758471178
92,354,251,286.2114602876691
222,458,461,286.29530209208815
280,536,507,286.5397005652096
120,360,306,287.67342595380615
117,357,303,289.9275771636772
82,350,188,294.62518561725165
81,350,187,294.8033242689098
268,509,507,297.40544715926103
104,344,292,300.5328601001894
250,478,496,302.95214143491376
263,492,507,305.2752856030111
348,602,543,305.37354174846257
234,467,492,305.6681206799296
266,491,510,308.3845002590111
230,462,493,309.3428518650463
358,612,551,312.2579062249665
124,340,336,314.9857139617605
301,534,539,317.2333525971063
259,475,511,317.2790569829657
256,474,511,317.8002517305485
391,700,553,318.6989174754128
260,473,514,320.8815981012311
377,656,561,321.39850653044425
240,455,507,324.82918588082566
67,331,135,326.3525700833379
95,319,300,326.5593361090753
64,328,133,329.8378389451398
194,392,458,330.1938824387878
65,322,150,330.4905444940899
98,317,311,330.71135450721977
99,316,313,332.12196554880256
61,321,144,333.13210592796366
251,455,518,333.9296333061802
102,315,321,334.9417859867592
57,323,131,335.21634805003174
60,316,153,335.47727195743084
314,530,557,335.542843762164
56,321,135,335.83626963149766
291,505,552,339.9544087079913
156,327,401,351.98011307458836
145,322,394,353.3270439691816
378,634,596,356.0505582076793
376,622,596,356.4547657136877
382,647,597,357.06862085599175
159,321,408,360.5343256889696
110,296,349,360.855926929294
79,280,269,361.16616674323194
132,309,390,363.40198128243605
383,641,604,364.00137362378183
89,283,320,365.85379593493354
133,307,392,366.0505429582095
43,293,118,367.8219678050782
387,639,611,371.001347706447
381,631,613,373.10856328956055
127,297,388,373.5679322425842
270,452,563,373.72851108792867
143,305,406,373.8729730804301
157,308,416,375.7658845611187
148,305,412,376.575357664306
154,307,416,376.64970463283254
136,300,403,377.05304666585045
158,307,418,377.5884002455584
130,295,394,377.81079921039844
144,302,409,377.89548819746443
357,554,608,377.91533443352097
388,638,618,378.0052909682614
134,297,402,379.3323081415555
135,296,403,380.66389374354907
384,627,621,381.22172026263144
410,722,614,382.88379438153294
249,414,550,383.6352434279207
141,296,412,384.6036921299638
334,511,604,386.18259929727543
140,294,412,386.39358172723314
164,301,429,388.12626811387037
330,502,606,391.1521443121589
407,702,628,392.92238419311263
131,284,407,393.2238548206352
161,294,430,394.7353543831614
59,245,248,395.08100435227203
209,350,509,395.55151371218386
142,287,419,395.790348543266
326,494,608,395.9040287746514
58,244,248,396.0807998376089
171,307,455,396.37608404140633
152,289,427,397.70592150482247
46,243,216,397.7247792129628
412,710,632,398.200954293181
375,580,634,398.5423440489103
210,348,512,399.0588928967753
47,241,221,399.45212479094414
411,704,635,400.15122141510454
45,240,217,400.6607043372235
137,281,418,400.7056276120913
62,239,258,401.40378672852603
149,283,429,403.9430652950982
151,283,431,404.88269906233336
343,507,624,406.3803636988382
162,284,438,407.3573369905101
163,283,439,408.71750635371615
160,282,438,409.10634314319793
150,279,433,409.35314827175813
147,276,432,411.5337167231866
267,412,583,411.8652692325489
146,275,431,411.9538809138712
54,228,258,412.393016429716
48,227,237,413.01089574005186
42,227,214,413.81759266614074
321,470,618,414.46833413422553
265,403,582,416.0925377845654
277,429,599,416.41565772674784
35,260,65,418.35989291517893
354,511,638,418.3837950972767
408,675,660,421.4558102577303
341,490,634,421.5874760948195
38,219,215,421.7416270656716
359,516,645,423.55755216971403
367,528,650,425.0223523533792
37,215,215,425.73465914816
414,724,658,426.35665821000146
409,675,665,426.4387412044079
406,661,669,429.51367847834604
114,239,397,430.6390600026895
49,209,254,431.227318244102
205,315,524,431.6028266821245
34,220,138,432.20828312284806
50,208,257,432.3343613454753
350,492,647,433.07389669662615
39,207,230,433.11545804785123
51,207,258,433.3739724533535
44,206,242,434.00460827046527
347,485,647,435.5157861662422
197,308,522,435.600734618297
356,499,654,437.35226076927967
287,418,617,437.50771421770384
32,217,128,437.57627906457634
188,297,512,437.7590661539747
33,215,135,437.77848279695064
191,298,521,442.6341604530766
195,300,524,443.0079006067499
207,307,533,443.5515753551102
340,468,650,444.6166888455718
30,206,136,446.2869032360237
80,203,337,447.63601284972594
29,206,127,448.4696199298231
74,198,317,448.6568844896955
153,245,455,449.7221364353772
227,344,580,450.7948535642349
228,344,581,451.5495543127022
362,490,666,451.6370223974115
204,296,535,453.167739363693
413,688,693,455.53594808752473
93,206,385,457.58168669648484
184,269,509,458.2597516692907
393,568,695,460.6614809163015
100,207,399,461.26998601686626
186,268,514,462.01731569282117
94,202,388,462.32888726533196
23,200,75,469.9202059924642
27,177,159,470.03191381011567
165,230,475,472.5727457228146
404,587,710,472.97885787844683
20,199,67,473.7193261837646
415,705,711,475.46398391465993
221,301,576,477.3017913228485
19,190,79,477.93409587515305
101,191,408,479.40066750057827
216,295,574,480.1885046520793
405,599,719,480.7514950574777
392,541,713,483.24941800275354
26,160,166,485.67067031065403
402,559,719,485.8003705227076
41,155,270,485.92694924237327
401,557,719,486.13784053496596
40,154,270,486.92504556656354
90,177,392,487.31201503759377
193,255,546,491.79365591678794
12,167,94,495.0202016079748
86,161,365,495.04141240910343
9,164,93,498.1816937624264
11,161,101,498.7604635493876
8,158,99,502.2001592990588
5,162,84,502.81209213780846
385,505,725,503.43817892567506
6,157,93,504.8742417671949
72,143,334,505.811229610415
242,299,615,506.8589547398763
244,299,616,507.59925137848654
24,138,162,508.02362149805595
293,353,661,509.51938137817683
4,149,102,510.02450921499843
169,205,508,510.929545045107
21,135,161,511.14185897850314
22,134,162,511.97656196353364
285,346,660,512.6753358608155
253,299,623,512.8060062050756
25,129,184,514.0593350966403
168,201,508,514.339382120405
380,485,731,514.8844530571884
3,146,94,515.1232862140868
296,350,666,515.3406640272044
294,347,665,516.2111970889434
18,131,153,516.3816418115579
2,143,96,517.4408178719572
232,283,616,518.4833652104954
17,129,152,518.5219378194138
31,122,216,518.555686498567
63,128,330,519.8499783591416
28,121,209,519.9249945905659
312,361,679,520.1557459069351
316,364,681,520.2470566951821
302,350,675,522.8049349422785
176,197,521,524.6046130182235
320,361,687,526.9250421075088
306,350,680,526.9724850502159
364,424,721,527.273173981002
368,424,723,529.0982895455248
328,368,694,529.2447448959697
304,347,681,529.4619910815129
329,368,695,530.1028202150975
389,484,747,530.4573498406822
88,133,402,532.2527595043542
1,138,62,532.6236945536689
170,185,518,533.2063390470897
10,114,150,533.6440761406426
172,185,519,533.7283953472964
309,345,685,533.9007398384085
317,351,689,533.9681638449993
0,136,63,534.1769369787505
386,472,748,535.0588752651431
229,265,622,535.302718095098
13,110,157,536.4596909367935
16,109,162,536.6982392369105
318,349,691,536.7327081518323
175,183,524,538.0566884632138
7,109,150,538.5731148135785
282,316,671,539.2003338277898
14,106,162,539.6665637224526
183,190,538,539.725856338197
166,168,503,540.3267529930384
167,166,504,542.5605956941583
394,482,760,543.4740104181616
15,100,167,544.9119194879114
390,470,758,545.1825382383408
182,180,536,547.0063985000542
200,203,574,550.0227268031749
173,167,528,553.7806424930362
36,87,280,554.4447673123086
399,477,773,557.3670245000147
400,477,774,558.3233829959122
396,467,771,558.4711272751708
395,465,771,559.0939098219546
275,285,672,559.15024814445
96,111,428,561.4133949239188
403,480,782,565.1229954620499
370,382,748,569.7613535507652
55,72,341,576.909871643743
52,71,336,577.041592954962
53,70,339,578.5334908196759
69,71,353,580.1120581404941
71,71,357,580.9044671888829
68,70,353,581.0929357684535
313,297,710,581.8496369338044
70,68,357,583.8433008950261
66,62,352,588.7512208055283
138,105,496,593.0944275577035
331,303,729,593.8770916612292
73,59,368,594.9327693109533
128,96,482,595.3990258641678
305,277,713,596.2365302461767
75,57,372,597.756639444515
78,59,386,599.0634357061028
325,289,727,600.3082541494828
76,56,382,601.0158067804873
324,285,727,602.6557889873787
311,274,719,602.8241866415116
322,280,726,604.810714190812
327,286,731,605.307359942038
84,53,397,607.6331129884217
319,275,726,607.8001316222299
77,46,388,612.1601097752123
85,47,398,613.6880314948304
83,44,398,616.5873822906207
332,278,740,617.2876152977638
87,41,402,620.519943273381
108,47,455,630.7725422051914
116,50,465,631.4467515159137
115,47,465,634.2507390614535
