255,615,327,4.123105625617661
248,606,327,5.0990195135927845
252,606,331,5.830951894845301
262,614,337,9.486832980505138
245,600,332,11.704699910719626
236,597,324,14.560219778561036
223,585,327,26.019223662515376
264,645,292,49.51767361255979
257,588,375,52.32590180780452
281,673,309,64.8459713474939
284,628,400,73.97972695272672
212,579,257,77.87810988975015
203,535,296,82.46211251235322
202,535,292,84.09518416651456
241,640,240,92.65527507918802
283,611,423,95.0
272,591,421,95.12623192369179
192,543,260,96.16652224137046
303,632,423,97.29337079164233
308,638,422,97.8008179924892
286,611,426,98.0
273,589,426,100.43903623591775
279,598,431,103.81714694596457
226,539,404,104.6900186264192
278,597,432,104.93807697875924
337,720,338,109.45775440780794
323,649,431,109.78615577567146
271,683,243,111.39569111954016
187,520,263,111.83022847155415
344,700,398,113.22985472038724
185,515,265,114.82595525402782
274,688,240,116.93160394008115
345,727,350,118.06777714516353
338,730,326,119.01680553602503
290,599,447,119.60351165413162
346,731,346,121.3424904969401
292,599,449,121.59358535712317
339,733,324,122.06555615733703
349,731,353,122.57650672131263
310,621,451,123.40583454602137
201,573,210,123.96773773849388
342,735,327,124.00403219250575
351,701,414,124.48293055676348
307,616,453,125.09996003196804
276,695,234,126.0634760745554
315,622,454,126.4792473095883
352,701,417,126.57408897558773
215,614,201,127.03542812932147
333,651,449,127.4401820463232
199,486,364,130.080744155313
219,618,198,130.18832512940628
355,738,361,131.21737689803132
335,648,455,132.2800060477773
206,486,372,132.51792331605563
198,574,200,133.24038426843418
196,571,200,134.1044369139217
235,524,431,134.82581355215328
208,486,380,135.38463723776047
246,527,439,139.20129309744217
243,521,443,146.03081866510234
360,758,331,147.03060905811415
365,754,364,147.46185947559457
233,515,441,148.27339613025663
366,755,364,148.43180252223578
369,756,363,149.164338901763
231,512,441,150.23315213360866
371,720,433,151.34728276384746
225,509,441,152.22680447279973
214,487,417,152.63354808167173
213,617,171,157.1146078504478
289,571,480,157.175061635108
288,569,482,159.62455951387932
295,723,211,161.9660458244258
336,624,490,162.5207679036744
363,677,479,164.7938105633825
300,578,491,166.30694513459142
174,521,187,167.2752223134078
247,669,168,170.18813119603846
211,459,421,178.1937148162078
155,470,218,178.83232370016333
177,536,164,180.33579788827288
237,493,468,183.09560344257315
361,652,508,184.61040057374882
353,781,246,188.74321179846442
224,658,144,189.90787240133042
379,726,482,192.20041623263984
372,681,508,193.13207915827965
239,668,143,193.58202395883765
280,536,507,194.07730418572905
238,668,142,194.5379140424817
373,680,512,196.51208614230322
139,470,190,197.29419656948858
190,585,131,198.70832896484234
178,417,372,198.92712233378333
181,545,140,199.24858845171275
217,457,457,200.89051744669283
218,456,458,202.2992832414391
222,458,461,202.72641663088706
268,509,507,206.0218435020908
297,737,165,206.0218435020908
189,585,123,206.6422028531442
374,680,523,206.8477701112584
180,547,131,207.13522153414664
298,738,164,207.4246851269154
299,741,166,207.71133815947553
258,687,134,208.35546549106888
179,546,130,208.39625716408634
261,689,134,209.093280618962
125,443,196,213.65392577717827
250,478,496,214.27319011019554
263,492,507,214.94650497274898
348,602,543,215.18828964420902
126,451,184,215.25798475317936
266,491,510,218.0
234,467,492,218.24756585125985
122,435,197,219.40145851839728
119,421,214,221.57617200412142
230,462,493,222.31958978011812
398,765,489,222.79362647975367
358,612,551,223.0022421411946
397,763,492,223.60679774997897
301,534,539,224.61077445216202
129,384,307,227.96929617823537
259,475,511,228.0021929719098
256,474,511,228.60008748904713
123,385,282,230.63390904201404
220,643,99,231.22499864850255
260,473,514,231.60310878742538
113,422,191,233.43093196918014
118,438,170,234.29255216502295
377,656,561,237.30571000294114
240,455,507,237.43841306747314
269,714,114,237.49736840647307
391,700,553,241.96280705926685
111,426,172,241.99380157351138
107,414,187,242.26019070412704
314,530,557,242.90327292978165
112,376,266,243.04114877937852
109,376,256,245.78242410717655
251,455,518,245.8373446000424
291,505,552,247.81444671366518
121,363,303,249.25689559167665
120,360,306,251.9622987670973
194,392,458,254.678228358845
117,357,303,255.22734963165684
106,430,147,255.9726547895302
103,428,147,257.390753524675
105,358,277,258.08913189051566
91,405,157,267.72560579817537
376,622,596,268.2256512714621
92,354,251,268.28715958837836
378,634,596,268.9851297005097
104,344,292,269.4160351575236
124,340,336,271.1180554666177
382,647,597,271.39823138701547
97,425,127,273.85580147223465
383,641,604,277.62564723022257
270,452,563,283.73579259585847
387,639,611,284.3817856333278
381,631,613,285.70089254323307
357,554,608,285.7428914251411
388,638,618,291.2541845192958
156,327,401,293.2319900692965
95,319,300,293.33939387678566
384,627,621,293.43653487594213
334,511,604,293.55749011054036
98,317,311,294.49108645254444
99,316,313,295.3811097548386
102,315,321,296.08275870100914
82,350,188,296.17731175766994
145,322,394,296.4405505324803
81,350,187,296.6513104639856
249,414,550,296.80464955926817
330,502,606,298.60509037858014
159,321,408,300.83217912982644
326,494,608,303.4616944525289
410,722,614,306.78494096027595
375,580,634,307.5662530252628
132,309,390,308.2985565973347
133,307,392,310.6638054231616
407,702,628,313.4980063732463
343,507,624,313.73874481804125
157,308,416,315.5202053751867
110,296,349,315.6992239458311
143,305,406,315.7847368065784
154,307,416,316.4806471176397
158,307,418,317.04258389055565
148,305,412,317.32002773225645
209,350,509,317.619268936883
144,302,409,319.4401352366355
127,297,388,319.6810910892291
412,710,632,319.71393463532365
136,300,403,319.9156138734088
411,704,635,320.777181233329
210,348,512,320.97507691408066
321,470,618,322.46085033690525
134,297,402,322.6019218789622
130,295,394,322.8188346425902
267,412,583,323.45942558534296
135,296,403,323.80549717384355
354,511,638,325.7299494980466
141,296,412,326.0076686214605
164,301,429,326.03834130359576
277,429,599,326.4429506054618
140,294,412,327.9405433916337
89,283,320,328.09754647055803
265,403,582,328.29864452964165
341,490,634,329.05470669783773
171,307,455,329.46168214224855
359,516,645,330.9289954053588
367,528,650,332.52518701596125
161,294,430,333.00600595184466
79,280,269,336.21719170797917
131,284,407,336.4074909986399
142,287,419,336.53677362214074
152,289,427,336.8753478662397
408,675,660,338.1124073440666
65,322,150,339.418620585259
67,331,135,340.07205118915607
350,492,647,340.4732001200682
137,281,418,342.0526275297414
347,485,647,342.9825068425502
60,316,153,343.0014577228499
409,675,665,343.02332282222443
149,283,429,343.1981934684389
61,321,144,343.4472302989209
64,328,133,343.6771741038383
151,283,431,343.7920883324688
406,661,669,344.64619539463945
356,499,654,344.70277051396033
162,284,438,345.0057970527452
163,283,439,346.27301367562563
160,282,438,346.90200345342487
287,418,617,347.51978360950903
150,279,433,348.20827101032506
56,321,135,348.3518336394973
414,724,658,348.81083698761427
57,323,131,348.9312253152475
147,276,432,350.7720057245162
146,275,431,351.4327816240255
340,468,650,352.3251339317137
205,315,524,355.00985901802784
362,490,666,359.0055709874152
197,308,522,359.784657816311
188,297,512,363.93955542095176
207,307,533,366.6619696668854
227,344,580,367.14166203251847
195,300,524,367.6098475285993
191,298,521,367.72000217556837
228,344,581,367.8287645087045
393,568,695,369.51048699597146
413,688,693,373.0335105590381
59,245,248,374.641161646715
58,244,248,375.6181571756083
204,296,535,376.92704864469465
114,239,397,378.34508058120696
62,239,258,378.5287307457652
43,293,118,381.08266819681
404,587,710,382.7531841800928
46,243,216,384.66608896548183
47,241,221,385.1610052951882
184,269,509,386.9431482789171
45,240,217,387.2492737243028
153,245,455,387.40805360756247
54,228,258,389.34432062122085
186,268,514,390.1858531520588
405,599,719,391.184099881373
392,541,713,391.3118960624632
415,705,711,394.3665807342199
402,559,719,394.44264475332784
48,227,237,394.63527465243146
401,557,719,394.7112868920776
221,301,576,396.9937027208366
216,295,574,400.4647300324961
42,227,214,400.56460153138846
38,219,215,407.962008035062
80,203,337,408.09925263347395
165,230,475,408.37482782365515
49,209,254,408.7542048713383
93,206,385,408.9914424532621
50,208,257,409.20654931220247
51,207,258,410.01951173084433
100,207,399,410.1914187303289
385,505,725,410.90753217725273
37,215,215,411.80699362686886
74,198,317,413.14646313383827
94,202,388,413.3775513982345
44,206,242,414.03019213579097
39,207,230,415.7162493817147
193,255,546,417.44460710374494
293,353,661,421.25170622799857
380,485,731,422.2380844973603
242,299,615,423.9257010373398
244,299,616,424.60334431089916
285,346,660,424.79289071263895
296,350,666,427.0421524861451
101,191,408,427.551166528639
294,347,665,428.0946157101255
253,299,623,429.3821142059832
316,364,681,430.83407478981974
312,361,679,430.9303888100722
302,350,675,434.20041455530645
34,220,138,434.7194497604173
364,424,721,435.22178254310757
232,283,616,436.4951317025197
368,424,723,437.0286031829038
320,361,687,437.47114190538326
389,484,747,437.8241656190302
306,350,680,438.20657229210974
35,260,65,438.60004559963284
90,177,392,438.693514882543
328,368,694,439.32334333609
329,368,695,440.15679024638484
33,215,135,440.52809218028307
304,347,681,440.8004083482682
32,217,128,441.85517989495156
386,472,748,442.4036618293298
169,205,508,444.1125983351519
317,351,689,444.883130720867
309,345,685,445.2022012524197
318,349,691,447.67510540569486
168,201,508,447.7722635447622
30,206,136,448.20642565675024
394,482,760,450.8491987350094
86,161,365,451.51854889915654
29,206,127,452.1349356110408
282,316,671,452.40910689330735
390,470,758,452.52734723992097
229,265,622,454.03964584604284
176,197,521,456.77675072183786
41,155,270,459.67379738244813
40,154,270,460.6658224787248
399,477,773,464.7375603499248
400,477,774,465.6951792750275
27,177,159,465.7434916346121
396,467,771,465.8164874711929
395,465,771,466.43863476345956
170,185,518,466.45042609049034
172,185,519,466.858650985499
72,143,334,468.03845995815345
183,190,538,470.468915019898
175,183,524,470.7440918375928
403,480,782,472.521957161781
275,285,672,473.93248464311876
166,168,503,476.3129223525224
200,203,574,476.4241807465276
370,382,748,478.3732852072741
167,166,504,478.5404894050241
182,180,536,478.56556499606194
26,160,166,479.2128963206228
23,200,75,482.6282213049709
63,128,330,483.00414076900006
88,133,402,483.69411821935563
173,167,528,486.9661179178691
20,199,67,487.71405556944944
19,190,79,489.1237062339138
313,297,710,494.48963588734597
24,138,162,501.2833530050644
31,122,216,501.66223696826137
12,167,94,501.88843381771613
25,129,184,503.0506932705689
11,161,101,504.012896660393
28,121,209,504.24299697665606
21,135,161,504.44523984274053
9,164,93,505.0089108124727
22,134,162,505.0594024468805
331,303,729,505.63326631067304
8,158,99,507.5923561284193
305,277,713,509.68715895144936
96,111,428,509.9019513592785
18,131,153,510.9060579010588
5,162,84,511.0156553374857
6,157,93,511.2152188657924
325,289,727,512.7231221624396
17,129,152,513.1276644267
4,149,102,514.3150785267724
324,285,727,515.2446021066111
311,274,719,516.1879502661797
322,280,726,517.6533589188812
327,286,731,517.7200015452368
3,146,94,520.5583540776192
319,275,726,520.8646657242167
2,143,96,522.3485426417882
36,87,280,526.1938806181615
10,114,150,527.9138187242307
16,109,162,528.7343378295002
13,110,157,529.378881331698
332,278,740,529.7480533234643
14,106,162,531.583483565846
7,109,150,532.6236945536689
138,105,496,533.1603886261619
15,100,167,535.7630073082687
128,96,482,537.5323246094136
55,72,341,539.1567490071881
52,71,336,540.0592560080792
69,71,353,540.5783939448561
71,71,357,540.7781430494394
53,70,339,541.1118183887689
68,70,353,541.5773259655541
1,138,62,542.6647215362354
70,68,357,543.7738500516552
0,136,63,543.9209501388966
66,62,352,549.5243397703144
73,59,368,553.4473778056953
78,59,386,555.0387373868602
75,57,372,555.7445456322536
76,56,382,557.6208389219327
84,53,397,562.2499444197393
77,46,388,568.1769090697017
85,47,398,568.3273704477025
83,44,398,571.3046472767397
87,41,402,574.7834374788473
116,50,465,577.4859305645463
108,47,455,578.1219594514638
115,47,465,580.4007236384186
