221,301,576,6.324555320336759
204,296,535,39.01281840626232
242,299,615,41.19465984809196
244,299,616,42.190046219457976
207,307,533,42.720018726587654
232,283,616,43.68065933568311
193,255,546,48.82622246293481
253,299,623,49.16299421312742
227,344,580,49.36598018878993
228,344,581,49.49747468305833
195,300,524,50.24937810560445
191,298,521,53.08483775994799
197,308,522,53.600373133029585
205,315,524,53.85164807134504
229,265,622,56.60388679233962
188,297,512,62.03224967708329
186,268,514,65.79513659838392
184,269,509,70.00714249274856
210,348,512,81.5659242576212
209,350,509,85.14693182963201
200,203,574,92.0
275,285,672,98.50888284819801
282,316,671,99.24716620639605
285,346,660,99.98499887483122
293,353,661,104.5609869884557
294,347,665,104.80935072788114
296,350,666,107.18675291284833
265,403,582,108.29589096544707
183,190,538,111.0
176,197,521,111.4136436887332
169,205,508,111.60645142642964
168,201,508,114.85643212288984
302,350,675,115.00434774390054
267,412,583,117.34564329364768
165,230,475,118.43141475132347
304,347,681,118.9663818059539
306,350,680,119.41942890501528
171,307,455,119.60351165413162
182,180,536,121.1156472137271
249,414,550,121.39604606411199
309,345,685,121.74152947946727
175,183,524,122.65398485169571
172,185,519,122.98373876248843
170,185,518,123.43419299367578
312,361,679,124.02015965156633
316,364,681,127.3184982632139
317,351,689,127.91012469699183
318,349,691,128.86038956948718
153,245,455,129.07749610214788
287,418,617,130.29965464267354
320,361,687,130.86252328302402
163,283,439,135.5322839769182
173,167,528,136.01470508735443
313,297,710,136.01470508735443
277,429,599,136.31214179228496
162,284,438,136.444127759314
160,282,438,136.61991070118586
305,277,713,140.1606221447379
328,368,694,140.45995870709916
329,368,695,141.315250415516
150,279,433,141.90489773083945
147,276,432,143.26548781894402
151,283,431,143.50261321662404
161,294,430,144.00347218036097
146,275,431,144.3918280236108
164,301,429,145.1240848377691
149,283,429,145.49570440394453
166,168,503,145.49914089093448
311,274,719,146.5127980757995
167,166,504,146.76852523616907
152,289,427,147.12239802287073
194,392,458,151.21177202850313
322,280,726,152.73833834371774
325,289,727,153.11760186209813
319,275,726,153.3101431738944
324,285,727,153.32644912082193
142,287,419,155.2063143045411
331,303,729,155.2063143045411
158,307,418,156.46085772486356
137,281,418,156.62694531912445
327,286,731,157.25775020646836
270,452,563,157.3848785620779
154,307,416,158.45504094221806
157,308,416,158.5339080449353
140,294,412,162.00308639035245
141,296,412,162.00308639035245
148,305,412,162.30834852218786
144,302,409,165.14841809717706
332,278,740,166.86821147240718
131,284,407,167.36188335460378
159,321,408,168.02380783686579
143,305,406,168.2973558912914
251,455,518,169.51696080333673
135,296,403,171.00292395160966
136,300,403,171.0730837975396
134,297,402,172.01162751395617
240,455,507,173.46181135915768
156,327,401,175.93464695732902
130,295,394,180.0
321,470,618,180.44666802132977
145,322,394,182.01373574541017
133,307,392,182.3951753747889
132,309,390,184.53184007102948
230,462,493,185.60711193270586
114,239,397,185.64751546950473
127,297,388,186.01075237738274
260,473,514,187.84035775093702
340,468,650,188.95766721676048
256,474,511,189.76301009416983
234,467,492,190.5465822312224
259,475,511,190.7065809037538
370,382,748,194.5379140424817
364,424,721,195.57607215607945
100,207,399,195.88006534611938
101,191,408,195.88772294352702
368,424,723,197.08373854785685
222,458,461,198.33809518093088
218,456,458,198.4363877921587
250,478,496,198.92963580120485
217,457,457,199.83242980057065
326,494,608,201.8836298465034
347,485,647,203.54115063052976
341,490,634,204.02205763103166
138,105,496,205.38743875904387
266,491,510,206.18438350175796
94,202,388,207.95432190748045
263,492,507,208.08171471804053
93,206,385,208.90667772955464
330,502,606,209.45882650296693
350,492,647,210.09045670853305
291,505,552,211.1492363235065
362,490,666,215.61307938063499
90,177,392,216.90550938138938
343,507,624,217.81643647805828
334,511,604,218.07338214463496
356,499,654,219.1255347968374
128,96,482,219.23731434224422
268,509,507,224.24317157942625
211,459,421,224.28776159211185
237,493,468,224.58851261807672
110,296,349,225.00222221124838
354,511,638,225.28204544525957
359,516,645,232.12496634356245
96,111,428,234.88720697390056
314,530,557,235.61409125941512
178,417,372,235.98305023878305
88,133,402,236.2794955132586
301,534,539,241.54916683772686
124,340,336,242.21684499637922
367,528,650,245.08161905781512
380,485,731,246.4731222669117
214,487,417,248.0181444975347
386,472,748,248.20354550247666
86,161,365,248.26800035445567
280,536,507,250.13996082193665
225,509,441,251.9622987670973
102,315,321,253.78928267363852
390,470,758,253.9310930154084
80,203,337,254.23021063595098
89,283,320,254.2833065696606
231,512,441,254.5152254777698
389,484,747,256.2225595063791
233,515,441,257.07780923292466
385,505,725,258.65227623200997
395,465,771,260.2095309553438
243,521,443,261.22212769977966
357,554,608,261.22212769977966
396,467,771,261.5205536855564
99,316,313,261.84346468835156
394,482,760,263.751777245197
98,317,311,263.9185480408681
116,50,465,268.15294143454776
246,527,439,268.41944787961995
399,477,773,269.675731203236
235,524,431,269.9814808463721
400,477,774,270.4144966528237
115,47,465,270.8966592632696
208,486,380,272.2443755158222
74,198,317,274.69619582367716
95,319,300,275.049086528205
108,47,455,275.0727176584403
120,360,306,275.7698315624826
117,357,303,278.0017985553331
206,486,372,278.0017985553331
403,480,782,278.3684608571883
121,363,303,279.4011453090341
129,384,307,281.44271175498574
392,541,713,282.55441953719287
199,486,364,283.86792703650053
72,143,334,284.08449447303525
104,344,292,286.2254356272342
288,569,482,289.03287010303865
375,580,634,291.247317584214
289,571,480,291.5681738461864
300,578,491,294.92032822442064
63,128,330,295.67718883945037
226,539,404,297.3819093354537
393,568,695,298.6134625230417
401,557,719,299.44782517159814
84,53,397,299.8216136305053
402,559,719,301.1992695874278
78,59,386,301.72835465033774
105,358,277,303.608300281794
85,47,398,304.1052449399714
79,280,269,305.3686296920494
123,385,282,305.5552323230614
83,44,398,306.5566831762113
76,56,382,306.5697310564107
87,41,402,306.75723300355935
348,602,543,308.5611770783875
77,46,388,310.80057915003954
71,71,357,311.8733717392365
75,57,372,312.166622174761
73,59,368,313.2602751706638
70,68,357,314.03502989316337
69,71,353,314.6696680647819
68,70,353,315.38230768386484
358,612,551,317.83328963467625
112,376,266,318.47291878588356
62,239,258,320.92366693654736
66,62,352,321.8275935963229
404,587,710,322.11799080461185
55,72,341,322.51821653977936
54,228,258,323.02476685232665
53,70,339,325.3459696999488
52,71,336,326.83329083800504
376,622,596,327.7392256047481
51,207,258,328.0243893371345
109,376,256,328.1539272963223
92,354,251,328.3443314570849
292,599,449,328.6959080974389
50,208,257,328.72176684850064
273,589,426,329.15042154006125
290,599,447,329.46168214224855
59,245,248,329.81206769916713
58,244,248,329.9651496749316
49,209,254,331.3547947442439
272,591,421,333.2041416309227
278,597,432,333.71844420109596
41,155,270,334.6879143321432
279,598,431,335.0492501110844
40,154,270,335.1074454559313
384,627,621,335.31030404686345
405,599,719,336.8100354799423
381,631,613,338.25582034903704
336,624,490,339.5541193977773
378,634,596,339.7131142596647
307,616,453,343.04810158343685
44,206,242,343.72227160892555
48,227,237,343.7920883324688
388,638,618,345.8106418258409
387,639,611,345.98410368107955
383,641,604,347.29814281104353
315,622,454,348.3231258472512
310,621,451,348.4322028745334
286,611,426,348.9412558010302
283,611,423,350.2242138973261
382,647,597,352.75062012702404
257,588,375,354.18921496849674
39,207,230,355.07745633875436
47,241,221,357.1064267133819
36,87,280,360.1388621073821
45,240,217,361.2118491965622
377,656,561,361.23399618529817
46,243,216,361.7568244000381
361,652,508,363.0495833904785
42,227,214,366.3659372812926
38,219,215,366.9564006799718
203,535,296,367.2655714874456
37,215,215,367.80565520394055
303,632,423,369.2830892418444
202,535,292,370.30257898102735
335,648,455,372.5184559186296
308,638,422,375.17062784818324
284,628,400,375.71931012392747
333,651,449,377.30756684699554
406,661,669,378.1282851096966
185,515,265,379.31649054582374
223,585,327,380.9317524176739
119,421,214,381.4131618075076
323,649,431,381.7918280948402
187,520,263,383.8567441116542
374,680,523,388.3632320392856
245,600,332,389.34432062122085
408,675,660,389.61006147172327
82,350,188,389.8987047939503
373,680,512,389.96025438498214
409,675,665,390.7441618245882
81,350,187,390.88873097084803
372,681,508,391.60183860651114
236,597,324,392.05101708833763
363,677,479,393.6356183070836
252,606,331,394.6770831958704
155,470,218,396.6875344651001
248,606,327,397.1523637094459
262,614,337,397.404076476324
31,122,216,397.60910452352573
192,543,260,400.12498047485116
254,611,328,400.4647300324961
122,435,197,402.1554425840834
113,422,191,403.50712509198644
255,615,327,404.23879081552775
28,121,209,404.3525689296409
107,414,187,404.88269906233336
391,700,553,405.54407898525653
125,443,196,405.94088239545425
407,702,628,410.5666815512433
413,688,693,410.62148019800424
411,704,635,413.5238808098028
412,710,632,419.03341155568967
126,451,184,420.04285495649134
60,316,153,421.5234275814335
139,470,190,421.9964454826604
111,426,172,422.8061021319347
25,129,184,423.8584669438609
65,322,150,424.8588000736245
212,579,257,425.61132503729266
118,438,170,428.5615475051396
410,722,614,428.86944400365013
26,160,166,429.75458112741507
61,321,144,430.78532936951325
91,405,157,431.26442004876776
27,177,159,431.44988121449285
415,705,711,432.2834718098762
352,701,417,435.2987479880915
351,701,414,436.389734068069
414,724,658,437.1464285568395
56,321,135,439.76925767952446
67,331,135,440.4736087440427
379,726,482,440.70965498840616
24,138,162,440.9002154683075
344,700,398,441.5891755919749
64,328,133,442.2329702769797
22,134,162,442.3403666861075
34,220,138,442.4036618293298
21,135,161,442.9096973424718
57,323,131,443.88399385425015
33,215,135,446.22976144582736
30,206,136,446.95078028794177
103,428,147,447.23371965897206
371,720,433,447.7789633290068
106,430,147,447.8325579946148
174,521,187,448.1573384426501
264,645,292,449.47079994144224
15,100,167,451.3025592659541
18,131,153,451.81522772035913
16,109,162,452.0398212547209
32,217,128,452.76925690687085
14,106,162,453.28247263709636
17,129,152,453.4754679141971
29,206,127,455.7740668357514
43,293,118,456.0043859438196
13,110,157,456.195133687329
201,573,210,458.0174669158372
10,114,150,461.01735325256465
281,673,309,461.6373035186823
7,109,150,463.00323972948615
196,571,200,464.8139412711284
97,425,127,465.5201391991543
198,574,200,466.601543075031
397,763,492,475.12945604329775
177,536,164,475.5849030404561
398,765,489,477.62432936357
241,640,240,480.1885046520793
337,720,338,486.1285838129661
345,727,350,486.6210024238576
349,731,353,488.8118247342222
215,614,201,490.8054604423223
355,738,361,491.546538997072
11,161,101,491.6146865178053
346,731,346,492.0162598939186
4,149,102,494.064773081425
8,158,99,494.3622153846307
219,618,198,495.68639279286253
12,167,94,496.7735902803208
9,164,93,498.51980903470627
6,157,93,500.4048361077259
338,730,326,500.7284693324317
181,545,140,500.85526851576594
2,143,96,501.5854862334037
3,146,94,502.5942697643896
339,733,324,504.3252918504088
342,735,327,504.58795070829825
365,754,364,504.7583580288691
366,755,364,505.6678751908213
19,190,79,506.01383380299
369,756,363,506.99309659994384
5,162,84,507.72925856208053
23,200,75,507.96259704824723
180,547,131,509.65969038172915
271,683,243,510.00490193722646
179,546,130,510.0362732198564
35,260,65,510.20192081175077
274,688,240,515.7567255984162
213,617,171,515.842030082854
20,199,67,516.0087208565375
360,758,331,522.893870685056
276,695,234,524.9761899362675
190,585,131,529.4799335196755
0,136,63,535.1653949948558
1,138,62,535.5305780251955
189,585,123,536.1911972421777
247,669,168,552.0072463292488
295,723,211,561.206735526223
224,658,144,562.7335070883909
239,668,143,569.9912280026773
238,668,142,570.747755142322
353,781,246,586.3275535057174
220,643,99,588.836989327267
258,687,134,589.2910995424927
261,689,134,590.6233994687308
297,737,165,602.2001328462159
298,738,164,603.6132867987583
299,741,166,604.466707106355
269,714,114,622.2226289681211
