412,710,632,6.708203932499369
407,702,628,7.280109889280518
410,722,614,27.65863337187866
414,724,658,30.479501308256342
408,675,660,38.28837943815329
409,675,665,41.72529209005013
406,661,669,54.817880294662984
413,688,693,60.166435825965294
388,638,618,68.15423684555495
382,647,597,68.5054742338158
387,639,611,69.28924880528002
383,641,604,70.21395872616783
415,705,711,76.00657866263946
381,631,613,76.24303246854758
384,627,621,78.26237921249263
378,634,596,80.1311425102625
391,700,553,82.09750300709517
377,656,561,88.20430828479978
376,622,596,90.80198235721508
374,680,523,114.54256850621083
375,580,634,124.00403219250575
358,612,551,124.57929201917949
373,680,512,125.31959144523253
372,681,508,129.0658746532173
405,599,719,134.46560898608982
361,652,508,137.23337786413333
348,602,543,137.3608386695422
404,587,710,138.97481786280562
393,568,695,148.64723340849636
357,554,608,152.41062955056645
379,726,482,154.5736070614903
397,763,492,154.69324484281788
398,765,489,158.2308440222702
363,677,479,158.31929762350515
336,624,490,165.60495161679194
402,559,719,167.57386431063765
401,557,719,169.30741271426953
367,528,650,176.63804799646084
392,541,713,180.70141117323905
359,516,645,188.26576959181932
335,648,455,188.50994668717087
314,530,557,190.68298298484845
300,578,491,191.34262462922368
354,511,638,193.02331465395574
333,651,449,193.40372281835735
301,534,539,195.2331938989884
334,511,604,195.47378340841516
343,507,624,197.3068675946177
315,622,454,198.70832896484234
310,621,451,201.8539075668341
307,616,453,202.15835377248203
371,720,433,202.63267258761604
288,569,482,204.04411287758342
330,502,606,204.07106605298068
289,571,480,204.24005483743878
356,499,654,205.87860500790265
280,536,507,211.20606051910536
323,649,431,211.28416883429767
326,494,608,211.72859986312668
350,492,647,212.33935103979195
292,599,449,213.59073013593076
341,490,634,214.0023364358436
290,599,447,215.3346233191495
291,505,552,215.61539833694624
362,490,666,216.23366990364843
352,701,417,218.02064122463267
385,505,725,218.4055860091495
347,485,647,219.32852071721086
351,701,414,221.02036105300343
308,638,422,222.9910312097776
303,632,423,223.89283150650448
286,611,426,228.7575135378071
278,597,432,229.4733099948663
279,598,431,229.89562849258357
283,611,423,231.50161986474308
268,509,507,233.25736858671797
321,470,618,234.61670869739862
340,468,650,236.47621444872632
344,700,398,237.03375287076733
273,589,426,238.549785160247
380,485,731,239.11712611187014
272,591,421,242.00206610688264
389,484,747,246.86838598735156
266,491,510,246.969633760914
284,628,400,246.98380513709802
263,492,507,247.6449070746257
394,482,760,254.77244748991205
386,472,748,258.0561954303752
259,475,511,260.4169733331528
260,473,514,260.77193100485334
256,474,511,261.29676614914314
270,452,563,262.08395601409865
246,527,439,264.09278672466615
390,470,758,264.35771220072246
243,521,443,265.2413994835648
250,478,496,265.32432983049256
399,477,773,265.6557923328607
400,477,774,266.1766330841233
403,480,782,267.9272289260649
237,493,468,269.09106265351886
233,515,441,270.84497410880635
235,524,431,272.05881717011124
231,512,441,272.9468812791236
396,467,771,273.2489707208428
395,465,771,274.98545416076104
225,509,441,275.0654467576762
251,455,518,275.118156434649
365,754,364,275.5739465188972
366,755,364,275.7571395267945
355,738,361,276.1014306373656
234,467,492,276.79956647364895
369,756,363,276.9259828907356
277,429,599,277.34635386101615
240,455,507,279.9732130043873
230,462,493,280.58510295452254
349,731,353,283.28960446864266
226,539,404,283.87673381240666
257,588,375,284.70335438838794
345,727,350,285.9265639985204
287,418,617,286.5658737533135
346,731,346,290.25850547399983
364,424,721,292.9095423505352
368,424,723,293.50298124550625
267,412,583,296.59399859066605
337,720,338,297.4306641891518
222,458,461,301.3171087077533
249,414,550,302.2002647252315
217,457,457,304.4552512274998
218,456,458,304.6850833237492
265,403,582,305.6304958606062
214,487,417,307.59226258148954
360,758,331,308.7588055424493
342,735,327,309.5561338432821
338,730,326,310.0919218554395
262,614,337,311.2940731848263
339,733,324,312.3491635974074
252,606,331,319.4056981332675
245,600,332,320.3513695928269
255,615,327,320.6009981269553
254,611,328,320.777181233329
248,606,327,323.2150986572255
211,459,421,325.3013987058771
281,673,309,327.47060936823016
236,597,324,328.89207956410263
223,585,327,330.1893396219811
208,486,380,335.4832335601885
328,368,694,341.1407334224396
370,382,748,341.2521062206064
329,368,695,341.3151036798694
206,486,372,341.603571409902
316,364,681,343.0976537372414
312,361,679,345.8106418258409
320,361,687,346.91929897311854
199,486,364,347.80023001717524
264,645,292,348.037354317033
293,353,661,351.961645637703
296,350,666,355.3547523250533
302,350,675,356.2527192878673
306,350,680,356.84870743775997
317,351,689,357.1064267133819
294,347,665,358.25828671504587
194,392,458,358.71018942873644
285,346,660,358.8718434204612
318,349,691,359.3897605664357
304,347,681,359.95138560644546
309,345,685,362.465170740583
228,344,581,364.02747149082035
227,344,580,364.17715469260287
209,350,509,375.7552394844282
210,348,512,376.64970463283254
203,535,296,378.79017938695296
202,535,292,382.37416230702615
178,417,372,389.27882038456704
282,316,671,389.6665240946417
271,683,243,392.56209699867867
274,688,240,395.32391781929914
353,781,246,396.547601177967
212,579,257,398.1318876955223
241,640,240,400.15122141510454
276,695,234,401.10098479061355
205,315,524,404.5268841498671
253,299,623,405.1777387764535
244,299,616,405.44543405987446
242,299,615,405.493526458808
221,301,576,407.2959611879303
192,543,260,408.100477823783
207,307,533,409.89388870779715
197,308,522,411.80699362686886
331,303,729,411.8701251608327
216,295,574,413.5238808098028
313,297,710,413.8526307757388
187,520,263,415.0180718956706
185,515,265,415.4768344926104
195,300,524,418.9713594030026
204,296,535,420.07618356674305
275,285,672,420.63047916193614
232,283,616,421.4285230024185
191,298,521,421.70131609944025
295,723,211,424.42549405048703
325,289,727,425.07528744917647
188,297,512,425.17996189848833
327,286,731,428.8822682275405
324,285,727,428.981351576033
322,280,726,433.65539314068263
305,277,713,434.0656632354142
171,307,455,435.90021793984
311,274,719,438.1278352262043
319,275,726,438.545322629258
332,278,740,438.7493589738907
229,265,622,439.1924407364043
215,614,201,443.23357273564017
156,327,401,443.71725231277634
201,573,210,444.73137959896644
159,321,408,445.21680112053275
219,618,198,445.3818586336898
145,322,394,451.66912668456763
158,307,418,452.4356307807775
186,268,514,452.4787287818069
157,308,416,452.5229275959396
164,301,429,452.59805567412684
184,269,509,452.8807790136384
154,307,416,453.3982796614914
198,574,200,454.00991178607546
196,571,200,454.8780056234858
148,305,412,457.08861285313156
193,255,546,457.7357316181467
129,384,307,458.2401117318299
161,294,430,458.3939353874569
143,305,406,460.04564990878896
144,302,409,461.17241894978935
162,284,438,463.9062405271134
152,289,427,464.2079275497134
163,283,439,464.3888456886104
132,309,390,464.81178986768396
141,296,412,464.9655901246887
133,307,392,465.4653585391721
160,282,438,465.7177256665243
136,300,403,465.8755198548213
140,294,412,466.7215443923711
151,283,431,467.821547173706
247,669,168,468.30972656992725
149,283,429,468.697130351787
134,297,402,468.97547910311897
135,296,403,469.34848460392413
142,287,419,469.6221885728995
299,741,166,470.45722441046644
150,279,433,470.5624294394953
124,340,336,471.0594442318294
297,737,165,471.15708633108767
213,617,171,472.0857972868915
298,738,164,472.2255816873965
147,276,432,473.70138272966864
130,295,394,474.72307717236583
146,275,431,475.0336830162678
137,281,418,475.41350422553205
123,385,282,475.78356423903506
121,363,303,475.9254143245557
120,360,306,476.00105041900906
127,297,388,476.0861266619728
131,284,407,477.89538604175704
155,470,218,478.1683803849853
117,357,303,480.2426470025335
174,521,187,483.93491297900795
153,245,455,493.03245329288416
224,658,144,493.15007857649175
239,668,143,493.3153149862672
112,376,266,493.7053777304841
238,668,142,494.3126540965748
104,344,292,497.24139007126104
105,358,277,497.87548644214246
110,296,349,498.25696181789573
102,315,321,499.9169931098562
177,536,164,500.06499577554916
165,230,475,500.27592386602015
109,376,256,501.22350304031033
261,689,134,501.2245005982848
258,687,134,501.28834017958167
139,470,190,502.7733087585299
99,316,313,504.21027359624475
200,203,574,504.6999108381138
98,317,311,504.7226961411583
119,421,214,507.2770446215756
95,319,300,510.3430218980171
125,443,196,510.72693291033715
122,435,197,514.0087547892546
169,205,508,514.9077587296583
126,451,184,517.117008035899
190,585,131,517.858088669087
168,201,508,518.7851192931424
92,354,251,519.572901525859
176,197,521,519.6585417367831
181,545,140,519.9096075280779
269,714,114,521.0959604525831
114,239,397,522.3686437756386
183,190,538,523.0726526975005
189,585,123,525.6472201010864
89,283,320,525.8003423353773
113,422,191,525.9847906546348
180,547,131,527.8872985780204
179,546,130,529.1398680878242
172,185,519,531.8054155421887
170,185,518,532.024435529046
175,183,524,532.6931574555844
182,180,536,533.2701004181652
107,414,187,533.6703102103395
118,438,170,535.706076127572
220,643,99,539.4599151002787
111,426,172,540.049071844402
173,167,528,547.5563897901293
100,207,399,550.1863320730532
166,168,503,552.0144925633747
167,166,504,553.7192429381519
93,206,385,557.2288578313223
94,202,388,559.475647369928
106,430,147,559.6606114423276
79,280,269,560.1178447434075
103,428,147,560.6424885789517
101,191,408,560.9795005167301
91,405,157,563.8129122324177
82,350,188,570.1973342624464
81,350,187,570.9816109122955
97,425,127,579.5731187693232
90,177,392,580.3257705806283
80,203,337,582.9279543820145
74,198,317,597.6286472384
62,239,258,598.6267618474803
59,245,248,600.374882885685
58,244,248,601.1397508067488
86,161,365,606.4231196120412
54,228,258,607.2108365304427
138,105,496,614.9162544607192
88,133,402,616.7090075554272
65,322,150,617.3726589346179
60,316,153,618.7632826857133
47,241,221,621.0998309450744
48,227,237,621.2350601825367
61,321,144,622.7118113541769
46,243,216,622.9622781517353
50,208,257,623.6184731067545
67,331,135,623.8020519363495
51,207,258,623.8092657215024
45,240,217,624.515812449933
49,209,254,624.6487012713626
128,96,482,626.955341312282
64,328,133,627.2001275510074
96,111,428,628.0907577731103
56,321,135,629.832517420306
57,323,131,631.8045583881142
44,206,242,634.391834751993
42,227,214,636.2153723386444
72,143,334,636.6490398956084
39,207,230,641.119333665738
38,219,215,641.5800807381726
37,215,215,644.6091839246475
63,128,330,651.7675966170764
41,155,270,659.2617082767662
40,154,270,660.0946901770988
43,293,118,660.4619595404416
116,50,465,675.7336753485059
115,47,465,678.6376057956116
108,47,455,681.2114209259854
71,71,357,691.3559141281718
78,59,386,691.3942435398201
69,71,353,692.9740254872472
84,53,397,693.1413997158155
34,220,138,693.7326574408905
68,70,353,693.8875989668644
70,68,357,694.1037386443038
76,56,382,695.6385555732229
55,72,341,697.0365844057254
73,59,368,698.0787921144719
75,57,372,698.4110537498673
85,47,398,698.4396895938833
33,215,135,699.3718610295956
53,70,339,699.6942189270967
52,71,336,700.0642827626617
83,44,398,701.2624330448623
66,62,352,701.607440097381
87,41,402,702.7503112770567
77,46,388,702.8321278939943
32,217,128,703.0064011088377
30,206,136,704.985815460141
27,177,159,710.1443515229844
29,206,127,711.3845654777731
36,87,280,711.8384648219004
31,122,216,717.1366675885427
26,160,166,718.2597023361396
28,121,209,722.0560920039384
35,260,65,722.5205879419631
25,129,184,730.7708259091902
24,138,162,737.6211764855996
21,135,161,740.5653246000652
22,134,162,740.6949439546621
18,131,153,748.7676542159123
17,129,152,750.9420749964673
23,200,75,753.4029466361278
19,190,79,757.1868989886183
20,199,67,760.0322361584408
16,109,162,760.1013090371572
11,161,101,761.5805932401377
12,167,94,762.2663576467218
13,110,157,762.4434405252629
14,106,162,762.4519657001351
10,114,150,763.7571603592336
15,100,167,764.0942350260209
9,164,93,765.0908442792921
8,158,99,765.1222124602056
7,109,150,767.6262111210117
4,149,102,769.4894411231385
6,157,93,770.0474011383975
5,162,84,772.8939125132246
3,146,94,777.2033196017629
2,143,96,777.9730072438247
1,138,62,805.4098335630129
0,136,63,806.1066926902419
