351,701,414,3.0
344,700,398,19.026297590440446
371,720,433,24.839484696748443
323,649,431,53.85164807134504
333,651,449,59.36328831862332
308,638,422,63.198101237299845
335,648,455,65.21502894272147
363,677,479,66.48308055437865
355,738,361,67.11929677819934
303,632,423,69.26037828369117
379,726,482,69.6419413859206
349,731,353,70.68238818828917
345,727,350,71.8679344353238
284,628,400,74.95331880577403
365,754,364,74.95331880577403
366,755,364,75.66372975210778
346,731,346,77.07788269017254
369,756,363,77.07788269017254
337,720,338,81.25269226308751
310,621,451,86.92525524840292
315,622,454,87.23531395025755
283,611,423,90.19977827023745
286,611,426,90.44888059008801
307,616,453,92.30926280715278
372,681,508,93.17188417113823
338,730,326,95.50916186418976
342,735,327,96.20810776644555
398,765,489,96.33275663033837
373,680,512,97.29337079164233
397,763,492,97.30878685915265
339,733,324,98.35141076771599
360,758,331,103.1746092796091
361,652,508,103.3537614216338
279,598,431,103.9471019317037
278,597,432,105.07616285342742
336,624,490,106.10372283760829
290,599,447,106.3202708800161
292,599,449,106.90182411914213
374,680,523,108.06016842481785
272,591,421,110.07270324653611
281,673,309,111.57060544785082
273,589,426,112.36102527122117
262,614,337,118.1905241548577
257,588,375,120.55289295574785
255,615,327,124.48293055676348
254,611,328,126.57408897558773
252,606,331,128.14444974324874
248,606,327,130.86252328302402
245,600,332,132.0075755401939
391,700,553,136.0036764208968
264,645,292,136.97079980784227
236,597,324,139.51702405083043
300,578,491,143.54441821262157
289,571,480,144.46106741956464
223,585,327,146.81961721786362
288,569,482,147.13599151805107
377,656,561,150.86749152816188
348,602,543,160.2404443328837
358,612,551,160.86329600005092
226,539,404,162.5207679036744
271,683,243,174.92855684535903
246,527,439,175.38529014715002
274,688,240,177.47675904185314
235,524,431,177.55280904564702
243,521,443,181.86808406094787
276,695,234,183.09833423600554
241,640,240,187.21645226849054
233,515,441,187.5419952970534
382,647,597,187.92551716038992
280,536,507,187.94946129212502
353,781,246,188.7882411592417
231,512,441,190.51771571168914
378,634,596,191.12822920751398
225,509,441,193.49418595916518
376,622,596,195.65786465153911
383,641,604,196.38991827484423
410,722,614,198.11612756158948
212,579,257,201.20636172845033
387,639,611,203.66639388961548
203,535,296,205.41908382621125
301,534,539,206.81634364817495
295,723,211,207.17142660125697
202,535,292,207.80038498520642
381,631,613,208.12496246245908
388,638,618,210.6418761785035
407,702,628,211.00236965494014
268,509,507,212.0471645648675
214,487,417,214.0
237,493,468,214.1611542740653
412,710,632,215.18828964420902
384,627,621,217.00691233230336
411,704,635,218.02064122463267
208,486,380,218.16049138191818
206,486,372,219.65882636488797
314,530,557,221.0
199,486,364,221.43622106602163
192,543,260,222.73975846265077
263,492,507,227.55438910291315
266,491,510,229.67150454507848
215,614,201,232.86262044390037
219,618,198,234.2007685726074
250,478,496,236.57979626333267
187,520,263,237.64890069175578
291,505,552,237.9936973955403
185,515,265,240.20824298928628
357,554,608,241.0186714758838
211,459,421,242.03305559365234
414,724,658,242.09502266672067
201,573,210,243.37830634631345
408,675,660,244.38698819699874
259,475,511,244.76927911811154
256,474,511,245.69289774024807
234,467,492,245.72545655670274
222,458,461,246.95141222515818
217,457,457,247.25695136840946
260,473,514,247.7761086142084
218,456,458,248.4069242191127
375,580,634,248.4552273549502
409,675,665,249.35917869611296
230,462,493,250.79274311670184
247,669,168,251.04780421266383
198,574,200,251.43189932862538
196,571,200,252.96047122030745
299,741,166,254.16726775885206
297,737,165,254.55844122715712
406,661,669,255.15485494107298
298,738,164,255.69122002915938
213,617,171,259.9461482692136
240,455,507,261.9465594353169
251,455,518,265.9266816248419
334,511,604,266.58769664033633
330,502,606,274.4485379811669
239,668,143,275.98007174431996
413,688,693,276.3059898011623
224,658,144,276.3656997530627
238,668,142,276.9729228643118
326,494,608,281.6558183315232
261,689,134,283.2543027034188
258,687,134,283.346078144731
343,507,624,283.6987839240768
178,417,372,287.5430402565849
270,452,563,288.6468430452687
367,528,650,290.20337696174386
354,511,638,291.44639301250584
174,521,187,292.0616373302047
359,516,645,293.6136917788406
415,705,711,294.0272096252318
177,536,164,302.04966479041155
341,490,634,302.67143902258107
269,714,114,303.27874966769434
155,470,218,304.89670381950674
321,470,618,306.2058131388103
393,568,695,308.1768972522113
190,585,131,308.62922739105574
350,492,647,310.77483810630486
356,499,654,311.4048811435042
194,392,458,311.7081968765018
404,587,710,314.39624679693617
347,485,647,315.52495939307244
189,585,123,316.0569568922665
249,414,550,316.3194587754601
181,545,140,317.90721916936707
405,599,719,318.76009787926716
220,643,99,323.24603632527345
139,470,190,323.86725675807367
180,547,131,324.8261073251348
179,546,130,326.18093138624766
362,490,666,326.377082528783
277,429,599,327.27358585745964
340,468,650,329.51176003293114
267,412,583,333.28216273902206
402,559,719,333.71844420109596
401,557,719,334.5743564590687
129,384,307,335.542843762164
392,541,713,336.47585351700945
125,443,196,339.7131142596647
265,403,582,340.63029812393376
126,451,184,341.74405627603824
123,385,282,343.629160578668
122,435,197,345.18980286213554
119,421,214,345.8453411569975
287,418,617,346.5385981387932
121,363,303,356.7071628100563
112,376,266,358.36573496917924
120,360,306,358.61121008691293
113,422,191,359.05013577493605
118,438,170,360.8018846957427
117,357,303,362.39757173579403
109,376,256,362.6927073984256
209,350,509,362.8567210346255
385,505,725,365.0753346913483
210,348,512,365.55984462191685
107,414,187,367.78934187928826
111,426,172,368.30693721405794
124,340,336,369.97567487606534
105,358,277,370.47132142717874
156,327,401,374.34208953843273
104,344,292,378.25123925771874
145,322,394,379.6972478172577
159,321,408,380.10656400541154
380,485,731,381.11940386183437
106,430,147,382.54542213964606
103,428,147,383.96484214052725
92,354,251,384.6621894597908
227,344,580,392.45127086047256
228,344,581,392.86766219682676
132,309,390,392.9287467213362
157,308,416,393.0012722625717
91,405,157,393.97461847179954
154,307,416,394.0012690334893
158,307,418,394.0012690334893
133,307,392,394.7923504831369
389,484,747,394.95442775084825
171,307,455,395.82824558133797
148,305,412,396.0315643985969
143,305,406,396.15274831812036
102,315,321,397.7587208346286
98,317,311,398.3616447400528
99,316,313,398.79944834465357
144,302,409,399.0801924425716
95,319,300,399.51595712812275
164,301,429,400.17995951821473
97,425,127,400.3448513469356
205,315,524,400.5558637693374
136,300,403,401.2443146014657
386,472,748,402.4947204622689
134,297,402,404.27836944362974
141,296,412,405.0308630215727
127,297,388,405.0395042461908
135,296,403,405.2419030653173
130,295,394,406.6509559806788
197,308,522,406.78495547401945
394,482,760,406.95208563171167
140,294,412,407.0307113720045
161,294,430,407.20756378043865
110,296,349,410.6689664437769
207,307,533,410.7213167100047
364,424,721,411.2724158024703
390,470,758,411.8761949906792
152,289,427,412.1213413547034
368,424,723,412.7529527453438
142,287,419,414.004830889689
188,297,512,415.0192766607354
195,300,524,415.03011938894264
191,298,521,416.20307543313515
131,284,407,417.1198868430993
162,284,438,417.5284421449633
149,283,429,418.1722133284324
151,283,431,418.2343840479881
163,283,439,418.57854698968987
82,350,188,419.09664756473535
160,282,438,419.52592291776205
81,350,187,419.64389665524743
137,281,418,420.0011904745033
399,477,773,420.609082165376
400,477,774,421.4558102577303
204,296,535,421.8400170680823
150,279,433,422.30320860727545
396,467,771,424.34891304208617
293,353,661,425.0176466924638
147,276,432,425.26462349929835
395,465,771,425.4550505047507
146,275,431,426.2299848673249
403,480,782,426.69192633561744
316,364,681,428.0946157101255
89,283,320,429.1072127102969
312,361,679,429.23653153011105
285,346,660,430.20227800419656
296,350,666,430.35101951778853
221,301,576,430.4427952701729
294,347,665,432.2267923208833
328,368,694,433.14893512509065
329,368,695,433.78911927340914
320,361,687,434.1658669218482
216,295,574,435.2987479880915
302,350,675,435.62024746331525
306,350,680,438.60004559963284
304,347,681,441.6016304317728
184,269,509,441.6876724564542
317,351,689,443.2651576652512
186,268,514,443.7319010393551
309,345,685,445.6007181322759
318,349,691,446.07174310866185
79,280,269,446.25665261147645
242,299,615,448.11605639610815
244,299,616,448.5588032800159
253,299,623,451.7078701993137
153,245,455,457.58059399410723
370,382,748,459.6977267727131
282,316,671,461.23854999338465
114,239,397,462.4326978058537
232,283,616,462.95248136282845
65,322,150,463.6054356885821
193,255,546,464.281164812875
67,331,135,465.213929284152
60,316,153,466.8200938263048
61,321,144,467.89849326536626
64,328,133,468.81232918941026
56,321,135,473.2060861823313
57,323,131,474.0042193905029
165,230,475,474.55768880084537
229,265,622,481.78937306669604
59,245,248,486.30957218627725
58,244,248,487.24737043928724
275,285,672,487.93544655005337
62,239,258,488.5949242470699
100,207,399,494.3278264471868
93,206,385,496.03326501354724
54,228,258,499.00901795458566
313,297,710,499.06412413636787
94,202,388,499.84197502810827
47,241,221,500.0159997440082
46,243,216,500.16497278398055
45,240,217,502.5146764025903
169,205,508,504.2786927880257
80,203,337,504.38477375908167
331,303,729,505.7153349464499
43,293,118,505.83099944546694
48,227,237,507.0266265197519
168,201,508,508.21353779685955
101,191,408,510.07940558309156
74,198,317,512.8440308709852
176,197,521,514.6183051544125
325,289,727,515.6006206357786
42,227,214,515.6403785585454
305,277,713,517.099603558154
49,209,254,518.2981767284157
50,208,257,518.3136116290985
324,285,727,518.8024672262073
51,207,258,518.9576090587747
327,286,731,520.4046502482468
200,203,574,522.1618523025212
322,280,726,522.2279195906707
38,219,215,522.6164941905297
311,274,719,523.0038240777977
90,177,392,524.5960350593588
44,206,242,525.0238089839355
183,190,538,525.1304599811365
170,185,518,525.7917838840771
172,185,519,525.9847906546348
319,275,726,526.2670424793861
37,215,215,526.3078946776307
39,207,230,528.2092388438506
175,183,524,528.9357238833467
332,278,740,532.2198793731778
182,180,536,534.417439835191
166,168,503,539.8935080180164
167,166,504,542.0276745702197
86,161,365,542.4979262633176
173,167,528,545.4145212588312
34,220,138,556.0593493504089
33,215,135,561.8896688852715
32,217,128,563.717127644708
72,143,334,564.1391672273784
35,260,65,564.256147507495
41,155,270,565.442304749123
40,154,270,566.4079801697712
88,133,402,568.1980288596574
30,206,136,569.1976809510031
29,206,127,573.6941693969009
63,128,330,579.5670798104392
27,177,159,584.0719133805356
96,111,428,590.1025334634652
26,160,166,596.3908114650997
138,105,496,601.2129406458248
23,200,75,606.601186942459
128,96,482,608.481717063052
20,199,67,611.9673193888706
19,190,79,612.6703844645994
31,122,216,612.8964023389271
28,121,209,616.168808038836
25,129,184,617.6350054846308
24,138,162,618.0566317094251
21,135,161,621.2020605245929
22,134,162,621.7025012013382
12,167,94,624.0873336320807
11,161,101,625.664446808351
9,164,93,627.1722251503171
18,131,153,628.1687671318911
36,87,280,629.0985614353286
8,158,99,629.2638556281458
17,129,152,630.403838820799
71,71,357,632.8506932918696
6,157,93,633.1761208384283
69,71,353,633.2424496194171
5,162,84,633.5692543045315
55,72,341,633.5747785384137
68,70,353,634.2373372799807
52,71,336,635.1857995893799
4,149,102,635.5540889648968
53,70,339,635.802642334868
70,68,357,635.83724332568
3,146,94,642.1479580283659
66,62,352,642.2974388863777
78,59,386,642.7480066091221
2,143,96,643.7429611265665
73,59,368,643.8672223370281
16,109,162,644.5843622055999
10,114,150,644.8705296414157
75,57,372,645.5702905183912
13,110,157,645.6632249090852
76,56,382,645.9489143887464
14,106,162,647.3407139984322
84,53,397,648.308568507312
7,109,150,649.4251304038057
15,100,167,650.9231905532326
116,50,465,652.7671866753108
85,47,398,654.2759356724042
108,47,455,655.1030453295115
77,46,388,655.6416704267659
115,47,465,655.7591021099136
83,44,398,657.2746762199195
87,41,402,660.1704325399616
1,138,62,665.5779443461149
0,136,63,666.7390794006303
