8,158,99,3.605551275463989
9,164,93,8.54400374531753
6,157,93,8.94427190999916
12,167,94,9.219544457292887
4,149,102,12.041594578792296
3,146,94,16.55294535724685
5,162,84,17.029386365926403
2,143,96,18.681541692269406
19,190,79,36.40054944640259
1,138,62,45.27692569068709
0,136,63,45.48626166217664
23,200,75,46.87216658103186
20,199,67,50.99019513592785
29,206,127,51.97114584074513
30,206,136,57.0087712549569
18,131,153,60.03332407921454
27,177,159,60.166435825965294
17,129,152,60.207972893961475
32,217,128,62.16912416947821
33,215,135,63.812224534175265
26,160,166,65.00769185258002
24,138,162,65.19202405202648
21,135,161,65.39113089708727
22,134,162,66.70832032063167
10,114,150,67.89698078707183
34,220,138,69.6419413859206
7,109,150,71.449282711585
13,110,157,75.7429864739964
16,109,162,80.15609770940699
14,106,162,82.13403679352427
25,129,184,88.95504482602435
15,100,167,89.87213138676528
35,260,65,105.34229919647663
28,121,209,115.16944039110375
31,122,216,121.43310915891102
37,215,215,126.14277624977183
38,219,215,127.90621564255585
42,227,214,130.86252328302402
43,293,118,133.09019498069722
39,207,230,136.95619737711763
45,240,217,140.34600101178515
46,243,216,141.24092891226678
47,241,221,144.22205101855957
44,206,242,148.00675660252813
48,227,237,151.16877984557524
49,209,254,160.3527361787132
50,208,257,162.92636373527768
60,316,153,163.4900608599801
56,321,135,163.5726138447387
51,207,258,163.6001222493431
57,323,131,164.75436261295178
61,321,144,165.67739737212196
65,322,150,168.2914139223983
58,244,248,168.81350656863924
41,155,270,169.10647533432893
40,154,270,169.14490828872147
59,245,248,169.30741271426953
64,328,133,170.03823099526764
54,228,258,170.6985647274165
67,331,135,173.3666634621547
62,239,258,175.30829986055994
36,87,280,193.6930561481232
79,280,269,205.8761763779384
81,350,187,207.64633394307737
82,350,188,208.06249061279644
74,198,317,219.14607000811125
63,128,330,231.36551169091732
72,143,334,233.69424468736923
80,203,337,239.70815588961506
92,354,251,244.43608571567333
91,405,157,250.3437636531016
89,283,320,250.68905041904003
52,71,336,251.6445906432324
95,319,300,254.09643838511394
53,70,339,254.80384612481814
55,72,341,255.9707014484275
98,317,311,261.6027522790997
99,316,313,262.6194966105906
86,161,365,264.0
105,358,277,264.1685068285014
104,344,292,264.51843035977663
109,376,256,265.04716561397146
97,425,127,265.2772134956186
107,414,187,267.21714016881475
69,71,353,267.5892374517331
68,70,353,267.9272289260649
102,315,321,268.54422354614144
66,62,352,269.8184574857695
103,428,147,270.9335711941213
112,376,266,271.01660465735307
71,71,357,271.3595400939499
70,68,357,272.3692346796899
106,430,147,272.90474528670256
111,426,172,274.346496241523
113,422,191,276.08150970320344
117,357,303,281.46047679914136
110,296,349,282.36324123369883
119,421,214,283.494268019655
118,438,170,285.4645336990219
121,363,303,285.6711395993652
120,360,306,285.70264261990997
73,59,368,285.8198733468336
93,206,385,287.5430402565849
123,385,282,287.98784696580515
94,202,388,289.9137802864845
75,57,372,290.27056344038743
122,435,197,290.33084576048753
90,177,392,291.4395306062649
124,340,336,295.4081921680575
125,443,196,297.57184006555457
76,56,382,299.9766657591887
100,207,399,301.5294347157504
126,451,184,301.6438297064934
88,133,402,302.29952034364857
78,59,386,302.70282456561256
129,384,307,303.58689036254515
114,239,397,306.10455730027934
101,191,408,308.4623153644542
77,46,388,309.18279382915216
84,53,397,315.08728949292765
127,297,388,317.59250620882096
85,47,398,318.1273329973393
83,44,398,319.2146613174276
139,470,190,321.5618136533006
130,295,394,322.18783341398847
87,41,402,324.0385779502188
132,309,390,324.6921619010844
133,307,392,325.5718046760192
131,284,407,329.7953911139451
134,297,402,330.2983499807409
155,470,218,330.4088376542008
96,111,428,330.80054413498175
135,296,403,330.80054413498175
136,300,403,332.4530041975858
145,322,394,334.32020579079574
143,305,406,337.2847461715398
140,294,412,338.2454729926182
144,302,409,338.74031351464504
137,281,418,338.9527990738533
141,296,412,339.0368711512068
142,287,419,342.0526275297414
148,305,412,342.720002334267
156,327,401,342.8644046850008
159,321,408,346.19214318063314
154,307,416,347.1901496298534
157,308,416,347.6118525021838
158,307,418,349.0057306119772
146,275,431,349.13607662342775
149,283,429,349.954282728473
152,289,427,350.2284968417048
147,276,432,350.4083332342426
151,283,431,351.8295041635934
150,279,433,352.3464204444257
161,294,430,354.8661719578241
164,301,429,356.62865841095834
160,282,438,358.06424004639166
162,284,438,358.74503480884584
163,283,439,359.3438464757676
153,245,455,363.82963045909275
174,521,187,370.1297069947237
108,47,455,371.9032132154816
178,417,372,372.7961909676653
177,536,164,380.25517747954467
165,230,475,380.3117142555564
116,50,465,380.54828865730036
115,47,465,381.4341358609635
171,307,455,382.9255802372048
181,545,140,385.9753878163736
179,546,130,386.0906629277636
128,96,482,386.50485119853283
180,547,131,387.1640479176753
185,515,265,390.1435633199656
187,520,263,393.8591118661596
138,105,496,398.949871537766
166,168,503,402.06094065452316
167,166,504,403.0310161761747
168,201,508,408.96087832456544
169,205,508,409.3714694504247
192,543,260,413.7692593704854
170,185,518,417.6900764921283
199,486,364,418.08372367266344
172,185,519,418.68842830916645
202,535,292,419.9488064038282
176,197,521,421.5400336860071
196,571,200,421.7831196242922
203,535,296,421.7831196242922
184,269,509,422.05212948165536
206,486,372,423.16190754839926
175,183,524,423.5717176582969
189,585,123,424.5703710811672
198,574,200,424.6998940428406
190,585,131,425.0599957653037
194,392,458,425.2175913576483
201,573,210,426.1748467472007
186,268,514,426.63567595783644
173,167,528,427.0421524861451
208,486,380,428.32931256219206
188,297,512,432.9168511388763
182,180,536,435.41474481234553
211,459,421,437.2687960511246
183,190,538,437.96118549478786
191,298,521,441.77935669290844
195,300,524,445.25273721786374
197,308,522,445.92600283006595
212,579,257,446.1614057714988
209,350,509,449.64986378292167
205,315,524,450.1610822805543
210,348,512,451.54180315891017
214,487,417,454.0176208034221
204,296,535,454.5118260287624
193,255,546,454.8197445142416
207,307,533,456.0043859438196
213,617,171,461.3415220853202
217,457,457,462.98164110469867
218,456,458,463.11337704713304
215,614,201,463.9062405271134
222,458,461,466.7001178487102
219,618,198,467.18090714411693
200,203,574,474.861032303136
223,585,327,480.47060263870463
220,643,99,482.0041493597332
226,539,404,484.4512359360847
225,509,441,486.52235303221164
231,512,441,488.67269209563983
236,597,324,489.71930735881756
235,524,431,490.5802686615107
233,515,441,490.83194680053174
216,295,574,491.6146865178053
230,462,493,494.2317270269079
237,493,468,494.88685575593945
221,301,576,495.20197899443014
245,600,332,496.0665277964237
234,467,492,496.5047834613479
243,521,443,496.552112068814
246,527,439,498.19674828324605
241,640,240,498.7604635493876
224,658,144,498.8566928487579
248,606,327,499.1001903425804
252,606,331,500.9241459542552
240,455,507,501.27038611910837
254,611,328,504.012896660393
250,478,496,506.4721117692464
255,615,327,507.14100603283896
257,588,375,507.35096333800334
238,668,142,508.65508942701047
239,668,143,508.7366705870533
251,455,518,510.22054055084845
262,614,337,510.78860598098703
247,669,168,512.3992583913447
227,344,580,512.7670036186026
228,344,581,513.7012750616841
249,414,550,515.3736508592576
256,474,511,515.8187666225416
259,475,511,516.4261805911857
260,473,514,517.6031298205219
264,645,292,520.3239375619769
263,492,507,523.8291706272189
266,491,510,525.5292570352292
258,687,134,527.0341544909589
261,689,134,529.0302448820861
232,283,616,529.2532475101121
229,265,622,531.278646286485
242,299,615,532.202968800438
244,299,616,533.1688287962829
268,509,507,534.7335785229875
272,591,421,536.0037313302959
273,589,426,537.4095272694744
265,403,582,538.4468404587402
253,299,623,539.9333292175988
271,683,243,540.9695000644676
267,412,583,543.4381289530576
274,688,240,545.0229352972221
270,452,563,546.0082416960389
278,597,432,547.4093532266324
279,598,431,547.602958355778
276,695,234,550.3135469893505
281,673,309,552.6373132534574
280,536,507,552.6852630566515
269,714,114,553.1527817881783
283,611,423,553.338955794728
284,628,400,554.5178085508165
286,611,426,555.0900827793629
290,599,447,558.1755996100152
288,569,482,558.2338219778519
289,571,480,558.337711425621
292,599,449,559.4175542472724
277,429,599,565.533376557034
291,505,552,567.2186527257368
303,632,423,570.5479822065801
300,578,491,570.9544640336916
295,723,211,572.6639503233987
308,638,422,574.9521719238915
307,616,453,575.2642870889866
301,534,539,575.302529109685
287,418,617,576.4590184913408
310,621,451,578.013840664737
297,737,165,579.5446488407947
298,738,164,580.4291515766588
315,622,454,580.6289693082838
299,741,166,583.6308764964376
275,285,672,584.3089935984214
314,530,557,586.5978179297977
285,346,660,588.8174589802853
323,649,431,589.1044050081446
282,316,671,590.6987387831465
293,353,661,592.0
294,347,665,593.8787755089418
296,350,666,595.7734468738935
333,651,449,601.0024958350839
335,648,455,602.0672719887704
321,470,618,602.3039099989306
302,350,675,604.3153150467064
336,624,490,604.7230771187751
326,494,608,606.5789313848611
337,720,338,607.1655457945551
306,350,680,609.0664988324346
304,347,681,609.0944097592753
330,502,606,609.3488327715087
312,361,679,611.6240675447623
338,730,326,611.8709014163037
309,345,685,612.3005797808785
334,511,604,612.7878915252813
339,733,324,613.9324067028878
316,364,681,614.4989829120956
344,700,398,615.4104321507721
342,735,327,616.8889689401165
317,351,689,617.9352716911376
345,727,350,618.3502243874422
320,361,687,619.18979319753
318,349,691,619.2285523132796
346,731,346,620.4232426336073
305,277,713,622.8964600958975
349,731,353,623.2206671797719
313,297,710,624.0008012815368
351,701,414,624.1546282773204
348,602,543,624.3756881878089
352,701,417,625.664446808351
341,490,634,626.3625148426429
343,507,624,627.0924971644932
328,368,694,628.0907577731103
311,274,719,628.245970938135
340,468,650,629.0071541723512
329,368,695,629.034975180236
355,738,361,632.8736050745046
347,485,647,634.8952669535346
319,275,726,635.3117345051955
322,280,726,636.2279465726101
353,781,246,636.7299270491375
358,612,551,637.1036022500579
361,652,508,637.7538710192201
324,285,727,638.1629885852046
350,492,647,638.4958887886437
325,289,727,638.9522673877916
363,677,479,639.6405240445605
360,758,331,639.7726158566026
354,511,638,640.9906395572403
357,554,608,641.481098708294
327,286,731,642.2810911119834
331,303,729,643.8540207220889
356,499,654,648.114958938613
365,754,364,648.7048635550684
359,516,645,649.5852522956475
366,755,364,649.6191191767681
332,278,740,649.6229675742692
369,756,363,650.1299870025994
371,720,433,650.1576731839747
362,490,666,653.8088405642739
372,681,508,660.3400639064694
367,528,650,660.3711077871291
373,680,512,662.0287002842098
374,680,523,668.9132978196801
364,424,721,673.4753150635886
368,424,723,675.3169626182953
377,656,561,675.7403347440494
376,622,596,676.4214662471912
375,580,634,677.9749257900324
379,726,482,681.4587294913757
370,382,748,683.7031519599716
378,634,596,684.6561180621992
382,647,597,694.4148615921177
381,631,613,695.0136689303312
383,641,604,695.276204108842
384,627,621,698.2521034697997
387,639,611,698.9878396653264
388,638,618,703.4330103144151
391,700,553,703.4379858949899
380,485,731,708.4320715495594
385,505,725,712.5391217329754
397,763,492,717.833546165126
386,472,748,717.8648897947301
398,765,489,717.8857847875246
393,568,695,720.0590253583382
392,541,713,720.3776787213774
389,484,747,722.2499567324321
390,470,758,726.0371891301437
394,482,760,733.0225098862926
401,557,719,733.9891007365164
402,559,719,735.070064687714
395,465,771,735.7418025367323
396,467,771,736.5704311197945
399,477,773,742.5900618780189
404,587,710,743.2072389313764
400,477,774,743.4951243955807
403,480,782,752.0119679898718
407,702,628,755.2549238502189
406,661,669,756.7192345910073
405,599,719,757.4747520544827
408,675,660,759.3925203740158
410,722,614,760.1907655319156
411,704,635,761.5805932401377
409,675,665,763.0805986263837
412,710,632,763.7813823339765
414,724,658,791.9709590635252
413,688,693,792.5862729066155
415,705,711,817.334692766678
