231,512,441,3.0
233,515,441,6.0
243,521,443,12.165525060596439
235,524,431,18.027756377319946
246,527,439,18.110770276274835
237,493,468,31.38470965295043
214,487,417,32.55764119219941
226,539,404,47.634021455258214
211,459,421,53.85164807134504
217,457,457,54.405882034941776
222,458,461,54.78138369920935
218,456,458,55.65968020030299
250,478,496,63.13477647065839
208,486,380,65.19202405202648
268,509,507,66.0
234,467,492,66.06814663663572
263,492,507,68.15423684555495
230,462,493,70.09279563550022
266,491,510,71.30918594402827
280,536,507,71.30918594402827
288,569,482,72.67048919609665
206,486,372,72.73238618387272
289,571,480,73.24616030891995
259,475,511,77.82030583337487
256,474,511,78.26237921249263
199,486,364,80.36168241145776
260,473,514,81.39410298049853
273,589,426,81.39410298049853
272,591,421,84.40379138403677
300,578,491,85.21150157109074
240,455,507,85.27602242131137
278,597,432,88.45903006477066
279,598,431,89.56003573022959
290,599,447,90.19977827023745
292,599,449,90.35485598461214
251,455,518,94.04786015641186
301,534,539,101.13851887386922
257,588,375,102.9417310909429
286,611,426,103.0970416646375
283,611,423,103.57605900979242
307,616,453,107.67079455451233
291,505,552,111.07204868912791
310,621,451,112.44554237496477
315,622,454,113.7453295744489
178,417,372,115.0
314,530,557,117.88553770501282
194,392,458,118.2285921425101
303,632,423,124.31009613060397
336,624,490,125.00399993600205
284,628,400,125.86500705120545
308,638,422,130.39171752837677
270,452,563,134.65882815471105
223,585,327,137.0109484676316
348,602,543,138.03260484392808
335,648,455,139.70325694127536
323,649,431,140.356688476182
245,600,332,141.9929575718458
333,651,449,142.22517358048822
249,414,550,144.58907289280197
236,597,324,146.40013661195812
252,606,331,146.6594695203825
203,535,296,147.31259280862582
262,614,337,147.78700890132393
248,606,327,149.68299836654796
358,612,551,150.6950563223625
202,535,292,151.25144627407698
254,611,328,152.22680447279973
255,615,327,155.66630977832037
361,652,508,157.91770008456936
334,511,604,163.01226947687098
330,502,606,165.14841809717706
326,494,608,167.6722994414999
267,412,583,171.96802028284213
363,677,479,172.2440129583609
209,350,509,172.93062192682936
357,554,608,172.9566419655516
210,348,512,175.96022277776305
185,515,265,176.10224302944013
265,403,582,176.40011337864837
277,429,599,177.09884245810304
187,520,263,178.33956375409244
321,470,618,181.24568960391858
343,507,624,183.0109286354233
129,384,307,183.25119372053214
192,543,260,184.16568627190028
372,681,508,184.58873205046942
373,680,512,185.15398996510984
156,327,401,186.34376834227646
374,680,523,189.64440408301004
377,656,561,189.76037521042164
159,321,408,190.87430418995638
376,622,596,191.81762171396036
145,322,394,192.81597444195333
352,701,417,193.49418595916518
351,701,414,193.8891435846783
341,490,634,193.93297811357408
344,700,398,195.78048932414077
212,579,257,196.8654362756449
354,511,638,197.0101520226813
287,418,617,198.13379318026495
124,340,336,198.96230798822174
378,634,596,199.12307751739877
121,363,303,200.89798406156294
120,360,306,201.06217943710845
123,385,282,201.63581031156147
264,645,292,201.73497465734593
171,307,455,202.48456731316588
157,308,416,202.5487595617411
158,307,418,203.3051893090779
154,307,416,203.54115063052976
359,516,645,204.12006270820123
117,357,303,205.2997808084558
375,580,634,205.64532574313475
148,305,412,206.0509645694482
132,309,390,206.40009689920205
350,492,647,206.70026608594387
143,305,406,206.9806754264755
347,485,647,207.39334608419819
133,307,392,207.85812469085735
382,647,597,208.2786594925174
164,301,429,208.34586628968668
144,302,409,209.45882650296693
383,641,604,209.74508337503408
367,528,650,209.86185932655795
281,673,309,210.52315787105226
381,631,613,210.87437018281761
205,315,524,211.00947846009194
371,720,433,211.15160430363773
136,300,403,212.42645786248002
340,468,650,212.98356744124652
356,499,654,213.23461257497573
387,639,611,214.00934559032697
141,296,412,214.96511344867102
384,627,621,215.23010941780427
161,294,430,215.2812114421507
134,297,402,215.55741694499866
227,344,580,215.74522010927612
135,296,403,216.3631207022121
228,344,581,216.390850083824
197,308,522,216.7071757002984
140,294,412,216.9469981354893
127,297,388,218.52459815773602
388,638,618,219.02054698132775
130,295,394,219.10043359153812
112,376,266,219.80445855350615
152,289,427,220.44500447957535
379,726,482,220.83930809527547
391,700,553,221.41589825484527
207,307,533,221.96396103872357
104,344,292,222.31958978011812
105,358,277,222.92823957498072
142,287,419,223.0874268084152
188,297,512,223.57325421436258
195,300,524,224.8777445635739
162,284,438,225.01999911119012
191,298,521,225.656819085974
362,490,666,225.80079716422614
163,283,439,226.00884938426637
151,283,431,226.2211307548435
149,283,429,226.3183598385248
155,470,218,226.38462845343543
160,282,438,227.01982292302142
131,284,407,227.55438910291315
109,376,256,227.8464395157405
102,315,321,228.114006584427
137,281,418,229.1571513176056
150,279,433,230.13908837917995
99,316,313,231.5879962346926
98,317,311,231.87065359807826
110,296,349,232.01939574095957
204,296,535,232.81967270830015
147,276,432,233.173754955398
146,275,431,234.21357774475842
337,720,338,234.7977853387889
345,727,350,236.23081932719955
95,319,300,236.60304309116566
349,731,353,238.8053600738476
201,573,210,239.70189819857498
241,640,240,239.92082027202224
346,731,346,241.47256572952548
355,738,361,242.5716389028198
119,421,214,243.46046907044274
92,354,251,245.20399670478457
221,301,576,247.9697562203907
196,571,200,248.84734276258607
338,730,326,249.13048789740688
184,269,509,249.44738924270183
198,574,200,249.6116984438029
186,268,514,251.81342299408902
216,295,574,251.9622987670973
339,733,324,252.7152547829276
342,735,327,253.12447530809817
125,443,196,253.73411280314676
139,470,190,254.01181074902797
174,521,187,254.2833065696606
122,435,197,254.9745085297744
89,283,320,256.3532718730151
365,754,364,256.81510858981795
366,755,364,257.76927667974707
369,756,363,259.02316498722655
397,763,492,259.0694887477103
398,765,489,260.4611295375953
393,568,695,260.7623439072444
215,614,201,261.9637379485947
126,451,184,263.46346995361614
271,683,243,263.59059163786554
153,245,455,264.3709515056448
113,422,191,264.70549673174526
219,618,198,266.32686683847726
407,702,628,268.73406929527937
274,688,240,269.15051551130273
293,353,661,269.69612529660117
107,414,187,271.1844390815963
360,758,331,272.21498856602295
242,299,615,272.7196362567243
285,346,660,273.00183149568795
244,299,616,273.3587386567329
114,239,397,273.5616932247642
392,541,713,273.87588429797904
406,661,669,274.0218969352632
410,722,614,274.40481045346127
408,675,660,274.8035662068453
193,255,546,274.84723029348504
411,704,635,275.0654467576762
296,350,666,275.5104353740526
294,347,665,276.4416755845616
412,710,632,277.2760357477725
253,299,623,277.8920653779089
276,695,234,278.28941769316344
177,536,164,278.31277369175854
409,675,665,278.8045910669335
404,587,710,280.0803456153252
118,438,170,280.14639030335553
312,361,679,280.26416110519733
316,364,681,280.40149785619906
165,230,475,281.06404963993526
111,426,172,281.51376520518494
401,557,719,282.11345235560816
402,559,719,282.4606167238187
302,350,675,282.90811229089917
385,505,725,284.0281676172277
232,283,616,285.83386783234766
79,280,269,286.40006983239374
306,350,680,287.05748553207945
320,361,687,287.08883642524313
304,347,681,289.5582842883277
328,368,694,289.6377047278203
329,368,695,290.5116176678654
213,617,171,290.7988995852632
380,485,731,290.99140880788906
405,599,719,292.205407205274
364,424,721,292.61749776799064
309,345,685,293.99319720020736
317,351,689,294.0544167326857
368,424,723,294.5318318959769
318,349,691,296.8164415931166
82,350,188,298.8143236192
81,350,187,299.6614756687953
282,316,671,300.24823063591896
91,405,157,302.4433831314549
181,545,140,303.14517974066484
229,265,622,303.80421326900654
106,430,147,304.4289736539543
100,207,399,304.9065430586887
103,428,147,304.9540949061022
414,724,658,305.4734030975528
389,484,747,307.01954335188503
93,206,385,308.13146544940844
413,688,693,309.1035425225664
386,472,748,309.2216033850158
169,205,508,311.2956793789467
94,202,388,311.5413295214617
180,547,131,312.3203483604615
179,546,130,313.1932310890515
295,723,211,314.1591953134589
168,201,508,315.2031091217217
247,669,168,316.4316671889841
190,585,131,319.1801998871484
390,470,758,319.3900436770063
101,191,408,319.70767898190996
394,482,760,320.14059411452337
275,285,672,321.7716581677137
176,197,521,322.0931542271583
80,203,337,323.1903463904824
97,425,127,325.0415358073488
62,239,258,326.17326683834773
189,585,123,326.9556544854363
59,245,248,327.0244639166923
58,244,248,327.8322741891042
370,382,748,332.2318467576521
224,658,144,332.28000240760804
396,467,771,332.66199061509866
395,465,771,332.9204109092742
170,185,518,333.02402315748935
172,185,519,333.2566578479716
183,190,538,333.42165496560057
399,477,773,333.5386034629275
415,705,711,333.64052511647924
200,203,574,333.65401241405743
400,477,774,334.534004250689
353,781,246,334.6774566653691
74,198,317,334.8089007180066
54,228,258,335.3356527421443
90,177,392,335.5964838909967
175,183,524,336.40005945302687
239,668,143,337.764711004569
238,668,142,338.64730915806786
403,480,782,342.2309161954834
182,180,536,342.4412358347049
313,297,710,342.49817517762045
65,322,150,345.90461112855957
166,168,503,346.5905365124674
60,316,153,346.68862109968364
47,241,221,346.7333269243094
48,227,237,348.0517202945562
46,243,216,348.39776118683653
167,166,504,348.7377237982722
45,240,217,350.0528531522061
61,321,144,351.501066854711
50,208,257,352.7846368537043
173,167,528,352.89233485583105
51,207,258,353.11896012533794
49,209,254,353.50954725438464
67,331,135,354.00564967243105
331,303,729,354.0903839417275
258,687,134,354.87039887823835
261,689,134,355.87778801155883
86,161,365,356.20218977429096
64,328,133,357.24641355792505
305,277,713,357.5024475440693
297,737,165,357.99441336423115
56,321,135,359.13785653979727
298,738,164,359.4022815731698
299,741,166,359.79021665409414
325,289,727,360.82682827084795
57,323,131,361.51901748040865
42,227,214,362.01243072579706
44,206,242,362.5051723768917
324,285,727,363.27950671624734
311,274,719,364.01785670486004
322,280,726,365.60361048545457
327,286,731,365.8264615907384
220,643,99,367.3145790735783
38,219,215,367.66288907095316
39,207,230,368.4087403957729
319,275,726,368.7560169000636
37,215,215,370.8261047984621
332,278,740,377.83858987668265
88,133,402,378.0171953760834
72,143,334,381.3200755271088
269,714,114,385.94559202042973
43,293,118,388.5678833871889
41,155,270,393.1373805681673
40,154,270,394.03806922681974
63,128,330,396.8400181433319
96,111,428,398.2122549595881
138,105,496,407.72662410002124
128,96,482,415.03011938894264
34,220,138,418.7242529398076
33,215,135,424.34891304208617
32,217,128,428.05723916317544
30,206,136,429.9232489642773
27,177,159,435.600734618297
29,206,127,436.3542139134215
26,160,166,444.326456560939
71,71,357,445.9820624195552
69,71,353,446.75272802748503
31,122,216,447.65388415605196
68,70,353,447.73317947188144
55,72,341,448.2956613664692
70,68,357,448.9287248550709
52,71,336,450.40981339220394
53,70,339,450.6939094329987
35,260,65,450.9733916762717
36,87,280,451.66912668456763
28,121,209,452.07079091664394
78,59,386,453.3486517019765
66,62,352,455.7740668357514
73,59,368,455.8826603414523
76,56,382,456.82600626496736
75,57,372,457.23626277888326
84,53,397,458.1178887579048
25,129,184,458.74720707596686
116,50,465,459.6270227042792
108,47,455,462.21207253813697
115,47,465,462.6229566288296
85,47,398,463.99676723011765
24,138,162,464.2003877637329
77,46,388,466.02360455238744
83,44,398,466.98393976666904
21,135,161,467.2001712328453
22,134,162,467.40346596917743
87,41,402,469.6221885728995
18,131,153,475.2136361679871
17,129,152,477.41072463864907
23,200,75,478.99582461645736
19,190,79,482.49870466147365
20,199,67,485.77360982251804
11,161,101,486.52235303221164
12,167,94,487.2094005661221
16,109,162,487.68945036775193
13,110,157,489.75197804603096
9,164,93,490.0295909432409
8,158,99,490.0663220422313
14,106,162,490.1530373260988
10,114,150,490.6179776567508
15,100,167,492.29767417691505
4,149,102,494.4906470298503
7,109,150,494.65240320855617
6,157,93,494.9828279849716
5,162,84,497.8533920744138
3,146,94,502.1732768676565
2,143,96,502.97216622791365
1,138,62,530.3602549211244
0,136,63,531.0489619611359
