116,50,465,3.0
108,47,455,10.0
128,96,482,51.86520991955976
87,41,402,63.28506932918696
138,105,496,65.76473218982953
85,47,398,67.0
83,44,398,67.06713054842886
84,53,397,68.26419266350405
96,111,428,73.92563831310488
77,46,388,77.00649323271382
78,59,386,79.90619500389191
76,56,382,83.48652585896721
75,57,372,93.53608929178085
73,59,368,97.73944955850733
88,133,402,106.60675400742676
70,68,357,110.02272492535349
71,71,357,110.63453348751464
66,62,352,113.99122773266372
68,70,353,114.33722053644648
69,71,353,114.54256850621083
167,166,504,125.22779244241272
55,72,341,126.49505919204908
166,168,503,126.82665335015349
53,70,339,128.08200498118384
52,71,336,131.21356637177422
173,167,528,135.5322839769182
170,185,518,147.82760229402356
172,185,519,148.18906842274163
175,183,524,148.24641648282767
90,177,392,149.093930124603
182,180,536,150.7647173578752
86,161,365,151.6443206981389
101,191,408,154.8709139896837
63,128,330,157.4357011608231
168,201,508,159.89058759038946
176,197,521,160.11246047700348
183,190,538,160.55528642807124
72,143,334,162.40997506310995
169,205,508,163.74675569305182
94,202,388,173.07223925286226
100,207,399,173.07801709055948
93,206,385,177.99157283422156
165,230,475,183.273020382161
36,87,280,189.274932307477
200,203,574,190.30764566879597
153,245,455,198.25236442474022
80,203,337,201.79197209007103
114,239,397,203.68603290358425
74,198,317,211.43556938225885
40,154,270,222.4275162833951
41,155,270,222.9102958591191
193,255,546,223.21514285549716
184,269,509,226.3183598385248
186,268,514,226.36695871968595
146,275,431,230.52114870440846
147,276,432,231.36551169091732
150,279,433,234.19649869287116
160,282,438,236.54597861726586
163,283,439,237.42788378789885
151,283,431,238.43657437566074
162,284,438,238.53301658261063
137,281,418,238.6734170367534
149,283,429,238.72997298202839
131,284,407,243.9938523815713
142,287,419,244.36857408431223
152,289,427,244.96530366564158
161,294,430,249.46743274423616
140,294,412,252.62224763468478
188,297,512,254.37963754986365
141,296,412,254.57808232446092
164,301,429,256.5384961365448
135,296,403,256.6028059082753
191,298,521,257.1711492372346
134,297,402,257.8158257361251
130,295,394,257.96317566660554
204,296,535,258.65227623200997
195,300,524,259.7883754135277
31,122,216,260.049995193232
171,307,455,260.1922366251537
136,300,403,260.48608408128064
144,302,409,261.0766171069328
127,297,388,261.5893728728291
51,207,258,261.627597932634
50,208,257,263.0304164920856
148,305,412,263.38754716197195
158,307,418,264.21392847463585
154,307,416,264.5770209220748
143,305,406,264.66015944981217
157,308,416,265.55978611228016
49,209,254,266.01691675530714
28,121,209,266.48076853686837
197,308,522,267.15164233071823
229,265,622,268.650330355278
207,307,533,268.7452325158532
133,307,392,270.05369836386245
216,295,574,270.8966592632696
132,309,390,272.5233934912744
44,206,242,273.87953556262653
205,315,524,274.41756503547657
110,296,349,274.69437562498433
54,228,258,274.9727259202265
89,283,320,276.9855591903665
221,301,576,277.19487729754314
159,321,408,279.8660393831306
232,283,616,280.17316074170986
62,239,258,282.3349075123372
145,322,394,284.0176050881353
39,207,230,284.29737951659
156,327,401,287.22116913625985
48,227,237,290.4892424858449
25,129,184,292.72000273298715
58,244,248,293.08360581922693
242,299,615,293.2643858363985
59,245,248,293.7567020512043
244,299,616,293.7771264070775
253,299,623,297.43570733857763
37,215,215,301.20424963801554
15,100,167,302.67639485100256
38,219,215,303.4534560686367
102,315,321,304.2367499169027
79,280,269,304.4749579193665
210,348,512,304.64733709651887
209,350,509,306.1780527732189
14,106,162,308.6907837950463
42,227,214,308.8705230351385
99,316,313,308.97410894765926
16,109,162,309.27819192435794
98,317,311,310.8311438707518
47,241,221,311.7242371070944
45,240,217,314.2499005568657
13,110,157,314.37716202039866
22,134,162,315.2427635965654
275,285,672,315.42510997065534
24,138,162,316.3700365078842
21,135,161,316.4806471176397
46,243,216,316.8864149817723
95,319,300,318.13361972605156
227,344,580,318.4870484022859
228,344,581,318.8494942759044
26,160,166,319.64042297556796
124,340,336,320.14059411452337
7,109,150,321.04361074470864
10,114,150,322.0465804817682
18,131,153,323.10988842807024
17,129,152,323.56297686849155
27,177,159,332.46954747766
305,277,713,338.2366035780279
282,316,671,338.8170597830044
311,274,719,340.6537831875642
104,344,292,343.71208881853426
194,392,458,345.0710071854777
319,275,726,346.5616828213991
117,357,303,349.77707186149297
322,280,726,349.87140494758927
313,297,710,350.03571246374275
120,360,306,351.0697936308392
324,285,727,353.96044976804967
121,363,303,355.10561809129405
325,289,727,356.6623052692841
285,346,660,356.9677856613955
327,286,731,357.5989373586001
332,278,740,359.14620978091915
294,347,665,360.5551275463989
293,353,661,363.38959808998385
105,358,277,363.40748478808194
296,350,666,363.60693062701654
30,206,136,365.40662281901785
331,303,729,367.7390379059585
302,350,675,368.6583784481237
304,347,681,369.6701232179847
34,220,138,369.94323888942745
33,215,135,370.30257898102735
309,345,685,370.4105830021599
306,350,680,371.52927206345396
129,384,307,372.2002149381432
29,206,127,373.5304539123952
92,354,251,374.22586762542215
265,403,582,374.73323845103465
249,414,550,376.71474619398697
4,149,102,377.058350921976
318,349,691,377.2002120890178
32,217,128,377.4506590271105
317,351,689,377.6135590785903
312,361,679,379.98947353841265
2,143,96,381.2833591962807
11,161,101,381.4341358609635
178,417,372,381.5088465553584
8,158,99,382.4617627946616
316,364,681,383.59483833857826
267,412,583,383.6000521376398
3,146,94,383.9817704006272
123,385,282,384.36050785688167
112,376,266,384.50227567597045
320,361,687,384.55168703309573
6,157,93,387.9226727068167
109,376,256,389.7717280665698
12,167,94,389.9243516375965
9,164,93,389.9653830790625
328,368,694,394.31205916126885
329,368,695,394.89365657098114
5,162,84,397.9773862922365
287,418,617,400.930168483241
277,429,599,404.82094807457776
218,456,458,409.05989781448875
217,457,457,410.07804135310636
240,455,507,410.1560678571024
82,350,188,410.5337988521773
222,458,461,411.0194642592976
81,350,187,411.2091925042532
251,455,518,411.42800099166806
19,190,79,411.6369759873377
0,136,63,411.7341375208036
60,316,153,411.9526671839861
1,138,62,413.14646313383827
211,459,421,414.34285320251394
230,462,493,415.94350577933056
270,452,563,416.6881327803805
65,322,150,418.1506905411015
23,200,75,418.93794289846795
234,467,492,420.8669623527131
61,321,144,422.0390977148918
43,293,118,425.3527947480773
20,199,67,426.0375570298938
260,473,514,428.8088152078966
56,321,135,428.92423573400464
256,474,511,429.4706043491219
259,475,511,430.4648650006177
250,478,496,432.113411039278
57,323,131,433.280509600882
64,328,133,434.95402055849536
67,331,135,435.38029353658163
370,382,748,438.5362014703005
214,487,417,442.6104381959377
237,493,468,446.0100895719737
266,491,510,446.27457915503095
263,492,507,446.9776280755
208,486,380,447.15321758878133
206,486,372,448.7426879627121
321,470,618,449.8199639855928
119,421,214,450.4186941058286
199,486,364,450.46864485777473
35,260,65,453.1765660313869
364,424,721,455.7027539965059
368,424,723,456.8292897790158
340,468,650,459.85432475948295
107,414,187,460.4052562688658
225,509,441,462.6229566288296
268,509,507,463.90516272186494
113,422,191,464.4362173646668
231,512,441,465.6189429136233
291,505,552,466.1898754799379
233,515,441,468.61498055439927
326,494,608,469.3165243202076
122,435,197,471.55911612437313
91,405,157,472.25840384264205
341,490,634,474.14132914142806
347,485,647,474.30791686414005
243,521,443,474.51027386137804
330,502,606,476.3465125305317
235,524,431,478.2102048262877
125,443,196,478.72434657117657
111,426,172,479.0511454949252
246,527,439,480.703650911869
350,492,647,480.77957527332626
334,511,604,484.3727903175404
362,490,666,486.46685395821163
343,507,624,486.70422229522524
118,438,170,489.8020008125732
155,470,218,489.8346659843503
356,499,654,489.9234634103576
280,536,507,490.80036674802926
314,530,557,491.68384150793486
126,451,184,492.1148239994402
301,534,539,492.590093282437
354,511,638,495.20197899443014
226,539,404,495.767082408665
103,428,147,496.2710952695109
106,430,147,497.8081959952046
359,516,645,502.3554518465984
139,470,190,504.533447850586
97,425,127,507.07790328508696
185,515,265,508.9440047785218
386,472,748,510.6016059512543
380,485,731,512.4451190127583
187,520,263,514.3277165387842
390,470,758,514.5658364096863
367,528,650,515.3503662558124
203,535,296,516.4348942509598
202,535,292,517.7576653223011
395,465,771,518.0347478692911
396,467,771,519.649882132191
389,484,747,520.0894153893155
288,569,482,522.2767465625863
289,571,480,524.2146506918707
394,482,760,525.594901040716
385,505,725,526.6535863354583
357,554,608,526.780789323225
399,477,773,528.9272161649465
400,477,774,529.5101509886283
300,578,491,531.6361537743647
403,480,782,536.6358169186996
192,543,260,536.6945127351313
273,589,426,543.4013249891833
272,591,421,545.776511037256
257,588,375,548.4350462908073
174,521,187,549.508871629931
278,597,432,550.9891106002005
279,598,431,552.0480051589717
292,599,449,552.2318353735142
290,599,447,552.2934002864781
392,541,713,552.756727684069
223,585,327,555.4169604900449
375,580,634,559.1511423577707
348,602,543,560.45428002648
286,611,426,565.3467962233447
283,611,423,565.5616677251031
236,597,324,567.7860512552242
245,600,332,568.7688458416126
307,616,453,569.126523718584
393,568,695,569.5094380253939
401,557,719,569.7508227286733
212,579,257,571.2162462675585
358,612,551,571.5076552418174
402,559,719,571.541774501217
310,621,451,574.1707063234766
177,536,164,574.2142457306331
252,606,331,574.8364984932672
315,622,454,575.1052077663703
248,606,327,575.7820768311567
336,624,490,577.5413405116554
254,611,328,580.4007236384186
262,614,337,581.268440567695
255,615,327,584.5237377557904
201,573,210,584.5519651835925
284,628,400,584.6246659182283
303,632,423,586.5057544474735
196,571,200,587.1975817388897
376,622,596,589.733838269435
198,574,200,589.8762582101436
308,638,422,592.5622330186088
404,587,710,592.9797635670209
181,545,140,594.6671337815803
384,627,621,600.6130201718908
179,546,130,601.0207983090103
335,648,455,601.0831889181396
180,547,131,601.295268566118
378,634,596,601.4399388135112
381,631,613,602.4616170346457
323,649,431,602.9593684486542
333,651,449,604.21188336543
361,652,508,606.5261742085003
405,599,719,607.6347587161222
387,639,611,609.7376485013862
383,641,604,610.0467195223657
388,638,618,610.4834150081392
382,647,597,614.3484353361698
377,656,561,616.520072665927
264,645,292,622.5214855729881
215,614,201,625.4478395517887
363,677,479,630.1555363559063
219,618,198,630.3411774586839
190,585,131,633.2456079595025
241,640,240,634.2507390614535
373,680,512,634.7424674621984
372,681,508,635.456528804292
374,680,523,635.651634151915
189,585,123,637.501372547542
213,617,171,641.3548159950153
281,673,309,645.1449449542328
406,661,669,647.0023183884274
352,701,417,655.7591021099136
351,701,414,655.985518132832
344,700,398,656.4282138969958
408,675,660,657.5781322398122
391,700,553,658.902875999187
409,675,665,659.0781440770131
271,683,243,673.6319469858893
371,720,433,673.7603431488084
407,702,628,674.9770366464329
411,704,635,678.6376057956116
379,726,482,679.2127796206429
274,688,240,679.342329021238
413,688,693,680.3418258493299
412,710,632,683.7090024272022
337,720,338,684.8780913418095
276,695,234,687.9425848135875
247,669,168,689.2699035936503
345,727,350,689.6557112066861
224,658,144,690.1898289601202
410,722,614,691.2495931282708
349,731,353,693.1089380465382
346,731,346,694.2744414134802
338,730,326,697.0007173597456
355,738,361,698.7825126604129
220,643,99,699.4083213688554
239,668,143,699.5176909842953
238,668,142,699.978571100573
339,733,324,700.3406314073173
342,735,327,701.7036411477427
415,705,711,702.4813164775273
414,724,658,703.9730108462966
365,754,364,714.177848998413
366,755,364,715.1678124748065
369,756,363,716.2995183580679
397,763,492,716.5088973627613
398,765,489,718.4010022264724
258,687,134,720.5282784179952
295,723,211,722.1440299552438
261,689,134,722.3053370978232
360,758,331,723.5171041516572
297,737,165,752.3961722390671
298,738,164,753.7121466448581
269,714,114,753.7174536920318
299,741,166,755.669901478152
353,781,246,765.9745426579136
