310,621,451,3.1622776601683795
307,616,453,6.082762530298219
292,599,449,23.53720459187964
290,599,447,24.041630560342615
335,648,455,26.019223662515376
333,651,449,29.427877939124322
286,611,426,30.083217912982647
303,632,423,32.57299494980466
283,611,423,32.89376840679705
279,598,431,33.24154027718932
278,597,432,33.301651610693426
323,649,431,35.4682957019364
308,638,422,35.77708763999664
336,624,490,36.05551275463989
273,589,426,43.278170016764804
272,591,421,45.27692569068709
284,628,400,54.3323108288245
289,571,480,57.245087125446844
300,578,491,57.48912940721924
288,569,482,59.941638282582836
363,677,479,60.41522986797286
361,652,508,61.773780845922005
372,681,508,79.98124780221924
373,680,512,82.02438661763951
257,588,375,86.00581375697809
352,701,417,87.23531395025755
351,701,414,88.54942122905152
374,680,523,90.13878188659973
348,602,543,91.21951545584969
344,700,398,96.02083107326243
246,527,439,96.17692030835673
226,539,404,96.89685237405806
358,612,551,97.51410154434076
371,720,433,100.22474744293447
235,524,431,100.66280345788111
280,536,507,101.01980003939822
243,521,443,101.59724405711013
379,726,482,107.70329614269008
233,515,441,107.78682665335315
231,512,441,110.76551810017412
377,656,561,112.27199116431488
225,509,441,113.7453295744489
262,614,337,117.27318534089538
301,534,539,122.34786471369249
245,600,332,123.96773773849388
252,606,331,124.03628501370073
268,509,507,124.8118584109699
391,700,553,126.03570922560003
254,611,328,126.4792473095883
255,615,327,127.1927670899568
248,606,327,128.00390619039717
237,493,468,129.75746606650424
223,585,327,132.2800060477773
236,597,324,132.38202294873727
314,530,557,138.10503249338888
214,487,417,139.97856978837868
263,492,507,140.38874598770374
376,622,596,142.0
266,491,510,142.46754016266303
378,634,596,142.50614021858848
382,647,597,145.16886718577092
397,763,492,146.03081866510234
398,765,489,147.220922426128
345,727,350,147.78700890132393
349,731,353,148.60013458944107
355,738,361,148.67750334196495
250,478,496,150.0
383,641,604,151.19854496654392
337,720,338,151.85519418182574
291,505,552,152.620444239951
346,731,346,153.44380078712857
281,673,309,153.70751445521458
208,486,380,154.82893786369524
259,475,511,157.66420012165096
387,639,611,157.91770008456936
256,474,511,158.59697348940804
206,486,372,158.80806024884254
381,631,613,159.25451327984396
234,467,492,159.5900999435742
365,754,364,159.76232346833217
366,755,364,160.58953888718904
260,473,514,160.6268968759591
369,756,363,161.9783936208777
199,486,364,163.0828010551695
264,645,292,163.62457028209425
222,458,461,164.14932226482082
230,462,493,164.68454693747074
388,638,618,164.77863939236784
217,457,457,165.0272704737008
218,456,458,166.04818577750254
211,459,421,166.30694513459142
384,627,621,167.0748335327616
338,730,326,167.47537132366656
357,554,608,168.34488409215172
342,735,327,169.9941175452845
339,733,324,170.94151046483705
240,455,507,175.20844728494114
251,455,518,178.84350701101786
203,535,296,180.3690660839602
360,758,331,183.3712082089225
202,535,292,183.88311504866346
375,580,634,184.83506160899236
334,511,604,186.60385848100785
410,722,614,188.67962264113208
407,702,628,191.5097908724251
330,502,606,193.65949499056327
412,710,632,198.56485086741813
411,704,635,198.70832896484234
326,494,608,200.24984394500785
212,579,257,201.6382900145704
270,452,563,201.94306128213466
343,507,624,205.24375751773792
192,543,260,209.46837470128995
408,675,660,212.70872102478543
241,640,240,214.75567512873786
354,511,638,214.88834309938733
187,520,263,216.52944372532804
185,515,265,217.18655575334307
367,528,650,217.375251581223
409,675,665,217.55459085020476
359,516,645,218.44221203787512
406,661,669,218.50858106719744
271,683,243,219.6406155518601
178,417,372,220.79175709251467
341,490,634,223.2129028528593
321,470,618,223.60679774997897
274,688,240,223.94642216387382
414,724,658,228.07893370497854
249,414,550,229.08513701242165
194,392,458,230.0347799790284
276,695,234,231.79516819813134
350,492,647,232.69937687926884
356,499,654,234.79565583715555
347,485,647,236.68122020980033
277,429,599,241.40008285002722
267,412,583,246.45689278249046
393,568,695,246.9757073074192
413,688,693,247.94555854057964
201,573,210,248.8714527622644
340,468,650,249.26291340670798
362,490,666,249.73586046060746
215,614,201,253.12645061312736
265,403,582,253.6631624812716
219,618,198,256.03124809288414
404,587,710,258.3815008858026
198,574,200,258.49564793241683
196,571,200,259.0694887477103
287,418,617,261.1225765804252
353,781,246,261.8110005328271
295,723,211,263.1539473388153
405,599,719,265.9962405749375
415,705,711,270.07036120240963
392,541,713,271.37059531201976
402,559,719,272.38575586840074
401,557,719,272.8552729928451
209,350,509,277.50495491071865
129,384,307,279.7373768376332
210,348,512,280.07141946296485
155,470,218,280.713376952364
213,617,171,283.0441661649291
174,521,187,285.4645336990219
247,669,168,289.836160614924
123,385,282,292.8361316504505
385,505,725,295.1779124528121
156,327,401,299.7232056414718
121,363,303,299.8032688280767
120,360,306,300.9119472536775
177,536,164,302.48305737677276
159,321,408,304.4946633358293
139,470,190,304.63092423455635
117,357,303,305.00163933985664
227,344,580,305.2212312405544
228,344,581,305.6354037084055
124,340,336,305.69265611067596
145,322,394,305.9411708155671
380,485,731,309.0275068662982
112,376,266,309.61266123981426
297,737,165,311.0401903291599
299,741,166,311.6167517961767
224,658,144,312.0833222073874
298,738,164,312.33955881380126
119,421,214,313.0511140373086
125,443,196,314.0143308831621
239,668,143,314.3835237413055
205,315,524,314.8793419708571
171,307,455,315.00158729758806
238,668,142,315.37279527568637
109,376,256,315.7847368065784
157,308,416,316.29100524675056
158,307,418,317.05046916855366
154,307,416,317.28378464711994
122,435,197,317.83328963467625
105,358,277,317.8443015062564
132,309,390,319.4761336938958
126,451,184,319.59505628216465
148,305,412,319.7702300089863
143,305,406,320.6134744517142
133,307,392,321.04361074470864
197,308,522,321.27869521647403
104,344,292,321.7576727911861
164,301,429,321.97204847626136
144,302,409,323.1485726411305
181,545,140,323.3032632065442
389,484,747,323.87188825212974
207,307,533,324.7552924895913
190,585,131,325.1122882943676
136,300,403,326.01380338875225
258,687,134,326.5348373451139
261,689,134,326.9388321995416
141,296,412,328.69438693108225
161,294,430,328.87687665751145
134,297,402,329.13371143047624
195,300,524,329.520864286315
135,296,403,329.9651496749316
386,472,748,330.0545409474016
188,297,512,330.13482094441355
113,422,191,330.4073243740217
140,294,412,330.67809120049066
191,298,521,330.85495311389855
180,547,131,331.59312417479345
127,297,388,331.6338342208165
364,424,721,332.4048736104812
130,295,394,332.45902003104084
179,546,130,332.79423071922383
189,585,123,333.0615558721841
368,424,723,334.0134727821619
152,289,427,334.0928014788705
102,315,321,334.57136757349696
204,296,535,335.9121909070881
92,354,251,336.2038072360276
394,482,760,336.5055720192461
142,287,419,336.82339586198583
98,317,311,336.85902095683883
99,316,313,336.9228398313181
162,284,438,338.3784863137726
118,438,170,338.3962174729499
107,414,187,338.45679192475956
163,283,439,339.3316961322653
293,353,661,339.42598604113977
151,283,431,339.7793401606401
390,470,758,339.882332579968
95,319,300,339.8896879871468
149,283,429,339.9205789592622
160,282,438,340.3762623920769
131,284,407,341.2521062206064
110,296,349,342.49233568066893
137,281,418,342.8950276688188
221,301,576,343.4020966738555
111,426,172,343.42393626536864
150,279,433,343.64225584174017
316,364,681,343.64662081853794
285,346,660,344.4009291508953
312,361,679,344.59541494337964
296,350,666,344.8593916366495
294,347,665,346.6208303030849
147,276,432,346.69871646719434
146,275,431,347.76141246550054
216,295,574,348.3231258472512
328,368,694,349.4509979954271
320,361,687,349.87140494758927
329,368,695,350.1385440079398
399,477,773,350.4083332342426
302,350,675,350.46397817750113
400,477,774,351.31894341182345
269,714,114,352.22719940402106
396,467,771,352.865413436908
306,350,680,353.63823322712153
395,465,771,353.74849823002785
220,643,99,355.62058433110985
304,347,681,356.58659537341
184,269,509,357.2590096834508
403,480,782,357.41852218372793
317,351,689,358.7004321157141
186,268,514,359.0487432090523
309,345,685,360.67991349671803
242,299,615,360.90164865237176
244,299,616,361.3488619049464
318,349,691,361.52178357603844
106,430,147,362.0952913253637
103,428,147,363.1597444651596
89,283,320,364.5229759562489
253,299,623,364.5408070436011
91,405,157,367.8287645087045
282,316,671,375.13330963805384
232,283,616,375.71931012392747
153,245,455,377.0013262576141
193,255,546,378.3556527924487
370,382,748,379.5207504208433
82,350,188,380.44710539048657
81,350,187,381.1469532870491
97,425,127,381.7564668738435
114,239,397,387.2182846922392
79,280,269,388.83029717345846
165,230,475,392.56209699867867
229,265,622,394.55417878917467
275,285,672,401.3639246369808
313,297,710,413.7160862233906
100,207,399,418.6287137786896
169,205,508,420.48186643421377
331,303,729,421.17217381968624
93,206,385,421.68353062456686
168,201,508,424.4490546579177
94,202,388,425.154089713365
65,322,150,427.10186138671884
60,316,153,429.22837744026197
59,245,248,429.6102885173957
62,239,258,430.2383060583983
176,197,521,430.24876525098824
58,244,248,430.4880950734875
325,289,727,430.60190431534323
305,277,713,431.40004636068363
67,331,135,431.7893004695693
61,321,144,432.0891111796269
101,191,408,433.44780539299074
324,285,727,433.7026631230203
80,203,337,435.0287346831241
64,328,133,435.28955879965696
327,286,731,435.4595273960601
200,203,574,435.8451559900603
322,280,726,436.9759718794616
311,274,719,437.41170537606786
56,321,135,438.5909255787219
54,228,258,440.0590869417424
183,190,538,440.09089970141395
57,323,131,440.1477024817919
319,275,726,440.9002154683075
170,185,518,441.6616351914665
172,185,519,441.80765045435777
175,183,524,444.545835657022
74,198,317,445.58388660273613
47,241,221,446.59825346725216
332,278,740,447.3611516437251
46,243,216,447.532121752171
90,177,392,449.29834186206386
182,180,536,449.541989140058
45,240,217,449.5475503214315
48,227,237,450.6817058634619
166,168,503,456.6366170162003
50,208,257,458.48118827275783
167,166,504,458.73303783355306
49,209,254,458.87797942372436
51,207,258,458.956424946857
173,167,528,460.9783075156574
42,227,214,462.1958459354649
44,206,242,466.9047011971501
38,219,215,468.5402864215627
86,161,365,469.5125131452835
43,293,118,470.2520600699161
39,207,230,471.59410513703415
37,215,215,471.9851692585266
88,133,402,491.7570538385799
72,143,334,493.8025921357643
41,155,270,501.9412316197983
40,154,270,502.8717530345088
63,128,330,509.3250435625564
34,220,138,511.33159495575865
96,111,428,511.66102059859907
33,215,135,517.117008035899
138,105,496,518.7031906591668
32,217,128,519.904798977659
30,206,136,523.6220010656542
128,96,482,526.7447199545526
29,206,127,529.1360883553493
35,260,65,531.3802781436285
27,177,159,533.9007398384085
26,160,166,544.4152826657238
31,122,216,553.7544582213311
28,121,209,557.6970503777118
71,71,357,559.4729662816604
69,71,353,560.180328108726
68,70,353,561.1639689074843
55,72,341,561.488201122695
25,129,184,562.0934086075018
70,68,357,562.4277731406941
36,87,280,562.5842159179371
52,71,336,563.4935669552937
53,70,339,563.8519309180381
24,138,162,565.261001662064
78,59,386,567.0917033425899
23,200,75,567.2080746956975
21,135,161,568.3467251599151
22,134,162,568.6897220805032
66,62,352,569.2134924613084
73,59,368,569.5305084014376
76,56,382,570.5611273124028
75,57,372,570.9194338958869
84,53,397,571.8478818706947
19,190,79,572.0568153601529
116,50,465,572.1057594536171
20,199,67,573.3218991107875
108,47,455,575.0008695645598
115,47,465,575.1052077663703
18,131,153,575.9183969973524
85,47,398,577.7205206672168
17,129,152,578.1461752878765
77,46,388,579.7689194843063
12,167,94,580.1939330947886
11,161,101,580.6289693082838
83,44,398,580.706466297733
9,164,93,583.1680718283537
87,41,402,583.3223808495608
8,158,99,584.2268395067108
6,157,93,588.6815777650936
4,149,102,589.6041044633255
16,109,162,590.2821359316238
5,162,84,590.3388857258177
13,110,157,591.9062425756296
10,114,150,592.0135133592813
14,106,162,592.8912210515517
15,100,167,595.6953919580039
7,109,150,596.3094834060582
3,146,94,596.8048257177551
2,143,96,598.0008361198168
1,138,62,622.8322406555396
0,136,63,623.7603706552701
