224,658,144,47.43416490252569
238,668,142,49.73932046178355
239,668,143,50.60632371551998
258,687,134,56.22277118748239
261,689,134,57.8013840664737
189,585,123,62.76941930590086
190,585,131,66.24198064671678
269,714,114,72.56721022610694
247,669,168,73.7360156233031
213,617,171,76.55063683601855
180,547,131,101.19288512538814
179,546,130,101.83319694480774
219,618,198,102.1077861869505
215,614,201,106.04244433244644
181,545,140,106.23088063270491
297,737,165,114.85643212288984
298,738,164,115.10864433221339
299,741,166,118.71394189394942
198,574,200,122.31925441237777
196,571,200,124.03628501370073
177,536,164,125.19584657647394
201,573,210,131.2288078129189
295,723,211,137.63720427268203
241,640,240,141.0319112825179
276,695,234,144.66858677681205
274,688,240,148.00675660252813
271,683,243,149.45233353815524
174,521,187,150.42606157179014
212,579,257,170.46993869888027
192,543,260,189.52836199366047
264,645,292,193.01036241611484
139,470,190,195.47378340841516
353,781,246,201.62589119455865
187,520,263,205.0
185,515,265,209.61870145576228
126,451,184,209.97380789041284
155,470,218,209.97618912629116
281,673,309,212.13203435596427
118,438,170,216.9469981354893
106,430,147,218.34147567514515
97,425,127,219.79080963497995
103,428,147,220.29298672449835
202,535,292,221.16283593768642
125,443,196,222.28135324403618
203,535,296,224.66196829904254
111,426,172,228.9497761518888
236,597,324,229.65408770583642
255,615,327,229.71286424577968
122,435,197,229.93042425916585
248,606,327,230.98268333362137
254,611,328,231.22499864850255
252,606,331,234.93190502781866
223,585,327,235.26155657055403
245,600,332,236.93459012984997
113,422,191,239.38462774372127
262,614,337,239.7602969634464
339,733,324,242.33241632105268
338,730,326,243.10080213771406
91,405,157,244.96530366564158
107,414,187,245.3263133053607
342,735,327,245.86174977006894
119,421,214,250.01799935204664
337,720,338,251.09759058979438
360,758,331,258.9382165691268
346,731,346,262.20793275566626
345,727,350,264.6828290615015
349,731,353,268.81220210399675
355,738,361,278.69158580768095
257,588,375,281.42672225643395
369,756,363,287.1671986839723
365,754,364,287.30819688968154
366,755,364,287.69602013236124
284,628,400,301.37352239372325
344,700,398,304.38462510448846
81,350,187,305.92973049378514
82,350,188,306.2188759694608
199,486,364,308.01623333843946
109,376,256,309.7385994673573
67,331,135,314.0700558792576
112,376,266,314.92538798896476
206,486,372,314.92538798896476
123,385,282,316.3115552742264
64,328,133,316.8296072023573
351,701,414,320.2951763608063
57,323,131,321.5960198758685
208,486,380,321.8850726579286
226,539,404,322.2436966024316
308,638,422,323.03869737231173
352,701,417,323.24603632527345
56,321,135,324.0061727807049
303,632,423,324.18667461818967
65,322,150,325.0261527938944
61,321,144,325.12920508622415
283,611,423,325.5764119219941
272,591,421,326.1717339071551
92,354,251,326.5348373451139
286,611,426,328.5620184987912
60,316,153,331.42872536942235
273,589,426,331.42872536942235
323,649,431,332.05421244128195
129,384,307,332.18217893198306
279,598,431,335.035818980598
105,358,277,336.01934468122516
278,597,432,336.1621632486321
371,720,433,342.7608495729931
121,363,303,346.433254754794
333,651,449,350.09141663285607
43,293,118,350.5153348999156
120,360,306,350.6251559714448
290,599,447,350.77058029430003
117,357,303,351.30044121805486
235,524,431,352.6825768307814
310,621,451,352.68682992139077
292,599,449,352.7548723972498
214,487,417,354.2033314354906
178,417,372,354.4079570212836
307,616,453,355.0281678965769
315,622,454,355.62058433110985
104,344,292,355.8791929854849
335,648,455,356.0351106281514
246,527,439,359.2436499090833
243,521,443,364.99315062066574
233,515,441,365.16845427829605
231,512,441,366.23080154459973
225,509,441,367.3145790735783
211,459,421,370.86385642173326
95,319,300,381.2833591962807
363,677,479,381.5180205442464
35,260,65,384.50617680344226
124,340,336,384.679087032295
289,571,480,387.7434718986253
98,317,311,388.8701582790842
288,569,482,390.0833244321013
99,316,313,390.80046059338264
336,624,490,391.4613646325778
379,726,482,391.89029077026134
102,315,321,396.06565112364893
300,578,491,397.3524883525961
237,493,468,398.32273347123936
79,280,269,400.83537768016436
217,457,457,403.43524883182926
218,456,458,404.7838929601819
222,458,461,406.53290149752945
398,765,489,408.63675801376456
361,652,508,409.0990100208017
372,681,508,410.7614879708174
397,763,492,410.9123994235268
373,680,512,414.65407269192474
46,243,216,416.7601228524629
45,240,217,419.9202305200358
47,241,221,420.10474884247617
280,536,507,421.79734470477644
89,283,320,422.4227740072734
34,220,138,424.7940677551889
59,245,248,424.976469936866
374,680,523,425.61132503729266
58,244,248,425.9131366839957
32,217,128,426.9859482465436
110,296,349,427.6786176558281
268,509,507,429.4414977619187
33,215,135,429.5113502574757
250,478,496,429.9232489642773
234,467,492,430.6100323959023
42,227,214,431.6028266821245
230,462,493,433.5862082677446
62,239,258,434.162412007304
263,492,507,435.0459745819975
145,322,394,435.96559497281436
156,327,401,437.10410659246844
29,206,127,437.89610639968015
194,392,458,438.0433768475446
266,491,510,438.20657229210974
48,227,237,438.2921400162225
30,206,136,438.5635643780728
38,219,215,439.5816192699599
132,309,390,442.9864557748916
37,215,215,443.44108966129875
23,200,75,443.64963653766245
54,228,258,444.41647134191595
259,475,511,444.9359504468031
20,199,67,445.1516595498662
256,474,511,445.31449560956355
133,307,392,445.80825474636515
348,602,543,445.888999640045
159,321,408,446.2790606784056
260,473,514,448.4696199298231
240,455,507,449.23045310842406
127,297,388,450.81814515389686
358,612,551,453.0618059382185
301,534,539,453.3001213324347
19,190,79,453.4412861661364
39,207,230,455.25487366968406
130,295,394,456.21157372429735
143,305,406,456.61033715850107
391,700,553,457.56420314530726
136,300,403,458.3284848228397
251,455,518,459.24394389039037
44,206,242,459.80213135652167
134,297,402,459.91847103590004
148,305,412,460.6658224787248
49,209,254,460.84813116687366
144,302,409,460.84813116687366
157,308,416,461.2092800454041
135,296,403,461.3296001775737
154,307,416,461.93614277300276
377,656,561,462.18286424314783
50,208,257,462.8055747287407
158,307,418,463.3109107284222
51,207,258,464.08727627462486
141,296,412,467.3093194020423
140,294,412,468.7963310436634
27,177,159,469.8467835369313
314,530,557,471.73403523595795
131,284,407,473.0169130168603
291,505,552,473.553587252805
164,301,429,475.2515123595084
12,167,94,476.0262597798571
142,287,419,478.6815225178428
9,164,93,479.0375768141785
161,294,430,481.00103949991626
5,162,84,481.23383089720534
11,161,101,482.0041493597332
137,281,418,482.49870466147365
152,289,427,482.59714048054616
8,158,99,485.0
6,157,93,486.03703562588726
26,160,166,487.6248558061822
149,283,429,488.3646178829912
171,307,455,489.52221604335796
151,283,431,489.71828636472213
162,284,438,493.76310109201154
4,149,102,494.009109227755
150,279,433,494.01619406655084
163,283,439,495.17673612559787
160,282,438,495.21914341026843
74,198,317,495.5290102506613
147,276,432,495.5582710438804
146,275,431,495.62889342733035
3,146,94,497.02515026907844
378,634,596,497.08148225416727
376,622,596,497.44346412431634
382,647,597,498.01606399793974
2,143,96,500.00899991900144
80,203,337,500.24394049303584
270,452,563,501.77385344395935
114,239,397,502.0159360020357
209,350,509,503.9335273624886
383,641,604,505.0039603805103
249,414,550,505.8082640685104
1,138,62,506.35363136843404
210,348,512,507.537190755515
0,136,63,508.2764995551142
24,138,162,508.9145311346494
21,135,161,511.76947935569586
387,639,611,512.0156247615887
22,134,162,512.8840024800929
381,631,613,514.1400587388615
18,131,153,514.8397809027581
357,554,608,516.7223625894277
17,129,152,516.7252654941502
41,155,270,517.0928349919384
40,154,270,518.0366782381341
388,638,618,519.0240842196054
25,129,184,520.9808057884667
410,722,614,521.0239917700527
334,511,604,521.9664740191654
384,627,621,522.2451531608504
93,206,385,522.2690877316022
330,502,606,526.2413894782508
94,202,388,527.2589496632561
100,207,399,529.2409659125038
326,494,608,530.3602549211244
10,114,150,531.452726025561
407,702,628,532.2800015029684
28,121,209,533.4641506230761
31,122,216,533.975654875763
153,245,455,533.9850185164374
13,110,157,536.1464352208266
267,412,583,536.2993567029519
7,109,150,536.4298649404226
205,315,524,536.8510035382257
412,710,632,537.1945643805417
16,109,162,537.7034498680476
375,580,634,538.6965750772878
188,297,512,538.7810315889006
265,403,582,539.3412648778137
411,704,635,539.4599151002787
197,308,522,539.5868790102295
14,106,162,540.6829015236195
343,507,624,542.3292357968543
277,429,599,543.8713083073973
191,298,521,545.0770587724271
195,300,524,546.1446694787014
321,470,618,547.0740352091296
15,100,167,547.2412630641078
101,191,408,547.5262550782383
207,307,533,548.8642819495544
90,177,392,550.4588994648011
86,161,365,550.5270202269821
72,143,334,552.4717187331855
354,511,638,554.9279232476953
184,269,509,554.9558541001257
341,490,634,556.4476615100472
204,296,535,557.2297551279903
165,230,475,558.5203666832572
186,268,514,559.3299562869845
359,516,645,560.5755970428966
408,675,660,561.9119148051587
367,528,650,562.8729874492113
63,128,330,564.4342300038154
287,418,617,564.7556993957653
414,724,658,564.8380298811333
227,344,580,566.3585436805911
409,675,665,566.9038719218629
228,344,581,567.2080746956975
350,492,647,568.4232577929936
406,661,669,570.2841397058137
347,485,647,570.3227156619312
356,499,654,573.3768394345904
340,468,650,578.1228243202304
36,87,280,584.7195909151668
221,301,576,586.9352604844933
362,490,666,587.2801716387162
216,295,574,588.836989327267
193,255,546,591.9062425756296
88,133,402,593.219183776115
413,688,693,595.7021067614248
169,205,508,599.2703897240377
393,568,695,600.7004245045945
168,201,508,602.2001328462159
404,587,710,613.560917920951
176,197,521,614.00325732035
415,705,711,615.1325060505256
52,71,336,619.1550694292989
242,299,615,620.1548193798062
55,72,341,620.1653005449434
170,185,518,620.7455195166534
244,299,616,620.987117418711
53,70,339,621.2318407808795
172,185,519,621.420952334245
405,599,719,621.5593294288165
392,541,713,622.4146527838175
166,168,503,623.5711667484313
96,111,428,625.511790456423
402,559,719,625.664446808351
167,166,504,625.7427586476731
69,71,353,625.8594091327541
401,557,719,625.9360989749673
175,183,524,626.2786919575022
68,70,353,626.7734838041571
253,299,623,626.8269298618239
71,71,357,627.4934262603872
232,283,616,629.9912697807804
70,68,357,630.2293233419086
183,190,538,630.8169306542113
293,353,661,632.411258596809
66,62,352,633.6955104780213
285,346,660,634.7676740351544
182,180,536,636.661605564526
296,350,666,638.2303659338061
294,347,665,638.72685868061
173,167,528,640.7940386738941
385,505,725,641.0304204950028
73,59,368,642.9751161592492
312,361,679,644.9217006738105
229,265,622,645.3007050980186
316,364,681,645.4184689021534
302,350,675,646.2391198310421
75,57,372,646.4711903867023
200,203,574,647.4758682761852
306,350,680,650.6996234822947
78,59,386,650.7111494357539
380,485,731,651.4506888475904
76,56,382,651.6578857038407
320,361,687,652.1257547436691
304,347,681,652.9471647844105
328,368,694,655.4769256045555
329,368,695,656.384795680095
309,345,685,657.4191965557441
317,351,689,658.3038811977337
282,316,671,658.8725218128315
364,424,721,659.427782247609
318,349,691,660.9841147864297
84,53,397,660.9871405708284
368,424,723,661.314599869079
77,46,388,663.2721914870244
85,47,398,666.796070774266
389,484,747,667.2218521601342
128,96,482,667.755943440416
138,105,496,668.6202210522802
83,44,398,669.4789018333588
386,472,748,671.1497597407005
87,41,402,673.9532624744835
275,285,672,675.642657031067
394,482,760,680.3249223716562
390,470,758,681.3295825076143
399,477,773,694.1411960113014
108,47,455,694.2276283755926
396,467,771,694.6653870749572
400,477,774,695.1122211556923
395,465,771,695.1747981623039
116,50,465,696.8536431705011
115,47,465,699.4083213688554
370,382,748,699.5155466463915
313,297,710,702.1659348045873
403,480,782,702.1808883756379
305,277,713,714.8090654153737
331,303,729,715.8910531638177
325,289,727,720.9022125087424
311,274,719,721.4991337486138
324,285,727,722.8748162718078
322,280,726,724.4984472033049
327,286,731,725.8601793734107
319,275,726,727.0165060024428
332,278,740,737.6354112974783
