209,308,522,11.045361017187261
207,300,524,11.40175425099138
216,314,524,11.40175425099138
215,295,534,12.041594578792296
202,298,521,15.0
199,297,512,23.259406699226016
198,272,516,38.91015291668744
232,295,574,42.720018726587654
196,268,514,43.382023926967726
240,301,576,43.41658669218482
194,269,509,44.94441010848846
220,348,512,46.06517122512408
193,266,509,47.50789408087881
219,350,509,49.24428900898052
206,255,546,53.600373133029585
246,344,580,59.81638571495272
247,345,580,60.440052945046304
176,307,455,78.0
259,299,615,82.38931969618392
260,299,616,83.38465086573187
248,283,614,84.48076704197234
267,299,622,89.35882720806042
169,230,474,97.0051545022222
167,283,439,97.01546268507923
166,284,438,97.74456506629922
165,282,438,98.2344135219425
250,266,624,99.80981915623332
154,245,454,100.42410069301094
192,204,536,103.04368005850722
153,279,433,103.84603988597736
155,283,431,104.78549517943789
164,294,429,104.80935072788114
156,285,430,105.32331175955302
177,204,511,105.32331175955302
149,276,432,105.65036677645753
174,204,508,105.99056561788883
168,301,427,106.16967551989597
148,277,431,106.3202708800161
152,283,429,106.73331251301067
281,403,582,107.78218776773832
173,201,509,108.6830253535482
190,198,537,109.07336980216573
170,314,424,109.22453936730518
266,415,550,109.32977636490436
151,288,425,109.65856099730654
183,197,524,110.3675676999362
205,390,457,112.53888216967503
163,307,418,115.0
211,199,574,115.52056094046635
145,287,419,115.7410903698423
159,307,416,117.0
160,308,416,117.00427342623003
283,413,583,117.2006825918689
191,190,540,117.2092146548214
138,281,417,118.87808881370864
150,305,412,121.01652779682617
144,296,412,121.49897118905987
141,293,412,121.80722474467596
178,185,519,122.80065146407001
175,185,518,122.9186723000212
189,184,538,123.10158406779338
146,302,409,124.10076550932311
181,183,524,124.32618388738553
188,180,536,127.03542812932147
161,321,406,127.76932339180638
143,304,405,128.03515142334936
132,284,407,128.08200498118384
157,321,404,129.75746606650424
137,300,403,130.18832512940628
135,296,402,131.4610208388783
136,299,401,132.24220203853233
303,346,660,132.85330255586422
309,353,659,134.13426109685773
158,327,400,134.4953530795767
312,351,664,138.19189556555045
300,316,671,138.2931668593933
296,429,599,138.70832707519762
305,418,617,139.20129309744217
147,322,394,139.8070098385628
180,167,528,140.089257261219
131,297,393,140.356688476182
292,285,672,140.73023839957068
134,307,392,141.0
171,168,502,142.414886862294
172,166,504,143.95138068111746
140,322,389,144.77914214416384
128,297,388,145.34441853748632
319,350,673,146.4547711752676
287,452,563,148.07092894960846
256,453,506,148.47558721890948
268,455,518,148.75819305167698
114,239,397,152.0526224699857
323,350,679,152.2005256232711
324,347,681,153.3101431738944
329,360,678,154.38264151127873
336,363,680,157.30543537970962
249,462,493,160.0781059358212
338,351,689,162.0863967148385
342,361,687,163.19313711060278
339,349,691,163.48700254148645
328,442,626,163.93291310777101
254,467,492,165.1696097955069
236,456,458,166.8112706024386
275,473,514,167.08381130438698
337,443,631,167.6305461424021
239,458,460,167.72000476985446
235,457,457,168.15469068687915
350,368,690,168.4339633209407
273,474,511,168.44286865284622
101,206,398,168.6001186239203
274,475,511,169.43435306926398
351,368,692,170.29973576021777
102,190,407,171.9447585708852
100,192,405,172.07265907168403
354,368,694,172.16852209390657
340,450,631,173.35801106380978
265,478,496,174.95713760804387
332,297,710,177.28226081590904
94,205,387,178.10109488714548
93,206,385,179.17868176767013
335,294,712,179.47144619688115
111,296,352,181.33394607739612
325,277,713,182.4828759089466
344,470,618,183.83144453547658
280,491,509,185.55861607589122
278,492,506,186.9598887462228
345,292,721,188.59745491389856
331,273,719,189.08199279677586
89,177,392,191.7837323653912
185,417,374,193.3416664870767
251,490,468,194.20092687729377
349,289,727,194.83326204732086
343,278,726,195.1665955024066
347,283,727,195.47889911701466
341,275,726,195.63486396856774
356,302,729,196.0637651377735
308,504,551,197.82062582046393
353,286,732,200.10497245196083
125,341,335,200.89798406156294
369,470,651,201.22872558360052
352,494,608,201.47952749597167
284,508,507,202.6746160721663
355,501,607,207.63429389192913
139,102,495,208.4922060893404
357,278,740,209.02152999152983
368,492,634,210.77476129745705
374,485,647,211.3764414498456
104,316,321,212.19095173922943
228,486,414,214.94650497274898
359,510,604,215.05813167606567
88,283,319,215.34158910902465
230,487,414,215.77998053572995
129,96,482,217.07602354935472
377,492,647,217.30393461693234
87,133,402,217.8003673091485
241,496,422,219.18485349129398
372,507,624,219.72937900972642
97,316,311,222.1823575354263
392,424,722,222.28360263411244
96,111,428,222.35332243976026
86,161,365,222.5758297749331
81,202,336,223.23530186778254
99,318,310,223.27113561766106
395,424,724,223.98660674245681
334,530,557,224.28776159211185
388,490,666,226.22555116520326
383,499,654,226.947130407062
321,534,539,227.07928130941406
396,382,748,227.705950734714
380,511,638,229.43626565998673
298,536,507,230.471256342304
242,507,418,230.70543990118657
227,497,399,232.4994623649698
122,362,306,233.5679772571574
121,359,305,233.85465571589546
92,316,299,234.17301296263838
118,357,304,234.39496581624786
282,534,474,234.54210709380095
386,517,643,237.06539182259397
119,361,302,237.22773868163057
217,485,372,240.01041644062033
76,197,318,241.50569351466643
130,385,304,241.91940806805889
133,392,305,243.32899539512343
210,485,363,246.1381725779242
393,528,650,250.05999280172747
98,341,284,251.3105648396024
409,438,754,256.90854403853524
73,143,334,257.87012234844116
384,554,608,258.13562326807977
108,360,277,261.4287665885298
124,385,282,262.8402556687236
410,484,730,264.83579818446
245,539,403,265.9398428216426
307,569,482,266.9175902783479
116,49,464,267.0674072214728
79,280,267,267.36678926149375
302,570,479,268.48649872945197
115,47,464,269.0
416,471,747,269.6145396672813
67,128,331,269.89812893015767
106,48,454,270.78035379251577
66,128,329,271.39823138701547
414,505,722,273.72431386341987
320,578,491,274.23530042647684
112,376,266,275.77164466275354
417,506,724,275.82965757873103
420,483,746,276.3059898011623
418,505,726,276.5013562353718
422,461,763,276.7959537276512
421,470,757,277.02887936097926
65,239,258,283.28254446753334
428,463,771,284.5698508275253
109,376,256,285.4645336990219
427,482,759,285.83386783234766
430,467,771,286.7821472825671
91,354,250,286.8762799535716
57,227,257,287.36040089058895
80,59,386,288.29325347638644
401,577,636,288.9792380085462
61,245,248,291.6659047609096
60,243,248,292.0975864330276
434,477,772,293.29336848964044
84,47,397,293.4211989614929
56,207,257,293.55749011054036
77,56,380,293.9557789872484
435,477,773,294.10882339705483
55,208,255,295.1016773927251
375,602,543,295.16944286290885
425,542,714,296.62434155004877
71,71,353,296.8097033454264
72,68,357,296.8113879216901
82,43,397,296.97137909232936
54,208,253,296.98653168115214
75,57,372,297.3566881709574
70,70,353,297.6054434986027
74,59,367,298.4292210893565
78,45,387,299.93332592427936
291,589,426,301.61730719572444
438,480,782,303.19960422137757
45,155,270,303.7647115778921
44,154,270,304.26633070387527
382,611,549,304.42076144704714
311,600,448,305.08031729365956
289,591,421,305.28675044947494
69,61,352,305.41283535568704
310,600,446,305.6435832796102
426,568,695,307.18886698576824
53,227,236,307.5857603986244
295,597,430,307.74827375632833
49,206,242,308.02921939322573
297,598,431,308.3585575267857
436,550,723,308.4623153644542
43,124,283,309.8209160143969
437,552,723,310.0403199585499
48,206,238,311.8108400937979
362,623,491,318.7789202566569
327,616,453,319.18803235710453
402,620,596,319.27730893378566
52,241,220,319.88279103446627
42,206,228,321.2880327681067
271,587,375,321.50272160589867
304,611,426,322.28093334853054
50,240,217,323.02476685232665
333,621,453,324.0308627276112
51,243,215,324.3763246601083
330,621,451,324.530430006186
404,625,600,324.98153793715727
301,613,422,325.5103684984551
40,215,217,329.1200388915874
46,228,213,329.607342151233
214,534,294,329.6209944769902
41,219,215,329.95151158920305
439,587,710,331.25367922485026
212,534,291,331.80265218952064
415,627,621,331.87949620306466
407,634,596,333.0135132393279
411,631,613,333.73043013785843
39,87,278,336.7862823809782
317,626,423,337.43295630391526
195,515,265,339.24622326563934
120,421,212,340.64204085814185
413,641,604,341.4630287454265
419,638,618,341.73966699814054
322,631,422,342.4864960841522
197,520,263,343.9026024908797
440,598,717,344.2920272094607
387,652,508,345.90461112855957
412,647,597,345.9710970586994
243,585,326,346.60207731633693
85,351,188,347.7944795421572
306,629,401,348.0057470789814
83,350,187,348.66172717979816
326,638,421,349.4352586674676
361,648,454,350.03142716047654
403,656,561,350.12140751459344
162,470,219,353.78665887791755
360,651,449,354.1073283624613
358,651,447,354.5870838031188
261,600,332,355.31676008879737
253,596,325,356.0688135740057
346,648,430,356.21622646926124
113,421,192,359.55110902345996
264,605,330,360.5731548521049
123,435,195,361.4249576329781
107,414,187,362.1670885102621
204,543,258,362.38239471585814
263,606,327,363.0936518310393
277,614,336,364.77116114078973
126,443,194,365.2629190049272
269,611,328,366.6619696668854
31,123,214,368.26213489849863
270,615,326,371.09702235399305
441,649,679,371.860188780676
398,679,510,372.71034329623853
400,680,521,373.19297956955194
389,677,479,373.9197774924456
29,121,208,374.4609458942281
399,681,508,374.834630203774
442,661,669,379.2255265669757
127,451,182,379.39030035044385
63,316,153,380.10656400541154
142,470,189,380.66389374354907
110,427,170,382.32054613896963
68,322,150,383.29362113137233
117,438,170,385.91449830240896
225,579,257,387.50483867946735
90,405,157,388.5614494516923
64,321,144,389.2518464952992
444,675,660,389.2980863040557
445,675,665,390.9577982340293
449,670,681,392.0114794237536
26,129,183,392.6627051299881
424,700,553,393.5085767807355
27,160,166,395.3454185898706
28,177,157,397.8391634819277
58,320,133,400.21119424623794
62,325,132,401.40378672852603
451,645,752,402.7468187335562
59,323,129,404.31670754496406
35,220,138,404.46755123248147
443,702,628,406.2634613154375
103,428,145,406.42957569547025
405,712,497,406.5968519307546
105,430,145,407.02948296161543
179,520,185,408.0110292626904
34,215,135,408.4947980084936
24,138,161,408.58903558465687
406,714,497,408.58903558465687
32,206,136,409.6461888019953
23,135,161,409.83899277643167
447,704,635,409.89388870779715
378,700,416,410.0463388447701
22,133,161,410.68235900754246
376,700,413,410.9123994235268
279,644,294,413.14646313383827
47,292,119,414.27165000757657
33,217,128,414.87950057817994
448,710,632,414.9819273173231
370,699,396,415.25052679075554
30,206,127,418.37423438830456
19,131,153,418.7791780879274
213,573,209,419.2040076144311
18,130,152,420.1071291944473
17,100,167,420.48186643421377
16,107,162,421.4747916542578
408,726,482,422.0924069442614
203,567,200,422.47958530560976
446,722,614,422.8309354813103
15,107,160,423.2363405947084
14,110,157,424.4820373113567
397,720,433,424.9341125398148
208,573,199,426.9800932127867
95,424,122,427.3289131336657
11,114,150,428.87993657899176
299,673,309,429.10604749875057
8,109,150,431.1531050566608
450,724,658,435.332057170156
182,535,162,435.4595273960601
452,705,711,435.9908255915484
257,640,240,443.5515753551102
38,277,89,445.01235937892784
37,274,87,447.21918563496354
231,613,199,452.98123581446504
367,722,350,453.5570526405691
373,725,352,455.50521402065203
233,616,198,455.7477372406801
363,719,338,455.81684918396775
12,161,101,456.0043859438196
366,724,344,457.83184686083166
433,763,491,457.93012567421243
432,763,488,458.21501503115326
9,158,99,458.8649038660508
5,149,102,459.04792778096714
13,167,94,460.7830292013802
187,546,139,460.82209148433844
10,164,93,462.654298585888
381,737,360,463.4964940536228
7,157,93,464.86557196677836
4,146,94,467.5917022360427
3,143,95,467.6964827748868
186,547,131,468.1922681975857
184,546,130,468.5402864215627
36,262,66,469.16308465180845
20,188,78,470.3041569027431
364,730,326,470.93311627024065
223,603,165,472.27110858065413
6,162,83,472.78430600010404
25,201,72,473.0295973826585
365,732,323,474.0516849458506
288,683,243,474.84313199202956
371,735,327,474.99473681294614
222,602,160,475.5565160945647
229,617,172,475.83715701907937
2,146,84,476.99266241735836
390,753,363,477.30074376644336
258,653,204,477.4484265342174
391,754,364,477.88073826008093
394,756,363,480.1051968058667
285,682,233,480.23431780746364
294,692,245,480.8003743758942
290,687,238,481.06652346634974
21,198,64,481.49974039453025
221,604,150,484.6627693561782
224,614,156,486.1872067424234
293,693,234,488.2591524999813
226,617,155,488.8598981303335
201,586,129,490.97555947317784
385,756,330,492.75754687269887
234,628,159,492.8661075789245
238,631,159,494.82522166922735
200,583,121,495.90321636383845
423,790,415,497.2051890316512
1,139,62,500.06499577554916
0,136,62,501.08083180261445
316,717,241,503.35275900704073
429,800,415,506.9250437688002
431,803,416,509.6125979604507
262,669,166,515.4929679442776
244,658,144,523.9484707487942
314,725,210,528.254673429398
252,666,139,533.0262657693333
255,667,138,534.4389581607987
348,749,224,539.3004728349495
237,642,97,549.8372486472701
272,687,132,552.4499977373517
379,780,245,553.7806424930362
276,689,132,553.8275905008705
313,737,165,565.9717307427995
315,738,164,567.3817057325695
318,741,164,569.6639360184213
286,714,112,585.5681002240474
