4,146,94,3.1622776601683795
5,149,102,9.219544457292887
2,146,84,11.40175425099138
7,157,93,14.142135623730951
9,158,99,15.524174696260024
12,161,101,18.973665961010276
10,164,93,21.095023109728988
6,162,83,22.47220505424423
13,167,94,24.020824298928627
1,139,62,33.24154027718932
0,136,62,33.734255586866
20,188,78,48.104053883222775
18,130,152,58.463663928973865
19,131,153,59.22837157984339
11,114,150,62.177166226839255
25,201,72,62.39390995922599
21,198,64,63.13477647065839
8,109,150,64.66065264130884
24,138,161,66.18912297349165
23,135,161,66.48308055437865
22,133,161,66.75327707311455
14,110,157,70.2353187506115
30,206,127,70.66116330771806
28,177,157,70.71067811865476
27,160,166,73.00684899377592
15,107,160,74.30343195303969
32,206,136,75.16648189186454
16,107,162,76.05918747922567
33,217,128,81.02468759581859
34,215,135,82.365041127896
17,100,167,83.86298349093002
35,220,138,88.19297024139736
26,129,183,89.10667763978185
29,121,208,115.12167476196652
31,123,214,120.66896867049125
36,262,66,122.48265183282079
37,274,87,131.24404748406687
38,277,89,134.13426109685773
40,215,217,141.66156853571826
41,219,215,142.04224723651762
46,228,213,145.4269576110289
42,206,228,147.16657229140046
47,292,119,150.9205088780183
50,240,217,155.8621185535472
51,243,215,156.20499351813308
48,206,238,156.26259949200897
52,241,220,158.83639381451596
49,206,242,159.93123522314207
53,227,236,164.12495239907915
54,208,253,170.84788555905513
55,208,255,172.69916039170545
56,207,257,174.18381095842403
44,154,270,175.34537347760278
45,155,270,175.410946066658
58,320,133,181.0331461362808
63,316,153,182.4636950190366
57,227,257,182.4828759089466
60,243,248,182.7812900709479
59,323,129,183.1829686406463
61,245,248,183.88311504866346
64,321,144,184.62123388169627
62,325,132,185.72291188757515
68,322,150,187.2591786802452
43,124,283,188.95766721676048
65,239,258,189.16923639957952
39,87,278,191.3765920900464
79,280,267,219.89315587348324
83,350,187,226.52372944131042
85,351,188,227.8442450447235
76,197,318,229.44498251214821
66,128,329,234.48027635602958
67,128,331,236.47621444872632
73,143,334,239.0
81,202,336,248.11690792850052
91,354,250,261.8129103004663
88,283,319,264.1514716975849
92,316,299,267.47897113605023
71,71,353,267.8581714265966
70,70,353,268.1287004406652
90,405,157,269.23595599399425
69,61,352,269.7647122957337
86,161,365,270.5993348107123
72,68,357,272.5233934912744
98,341,284,273.72431386341987
97,316,311,276.739950133695
99,318,310,277.2183255125822
95,424,122,282.29417280560364
109,376,256,283.21370023358685
108,360,277,283.2189965380147
104,316,321,284.6137733842127
74,59,367,284.67525357852935
107,414,187,286.1904959987316
112,376,266,289.0155705148081
103,428,145,289.35272592460575
75,57,372,290.0431002454635
105,430,145,291.322844967572
110,427,170,293.73627627516487
113,421,192,294.43675042358416
93,206,385,296.7642161716941
77,56,380,297.9832210041364
94,205,387,298.50963133540597
89,177,392,298.93979326948096
111,296,352,299.0953025375023
118,357,304,299.127063302537
119,361,302,300.6210238822295
121,359,305,301.2573650551966
120,421,212,301.61730719572444
80,59,386,302.8811648155098
122,362,306,304.108533257454
117,438,170,304.38462510448846
124,385,282,305.83165303807255
87,133,402,307.1628232713067
78,45,387,308.00649343804423
123,435,195,308.6486675817668
101,206,398,309.48020938341114
125,341,335,311.1334118991401
100,192,405,313.84868965793055
102,190,407,315.5202053751867
126,443,194,315.91296269700615
84,47,397,316.8911485037094
114,239,397,316.8911485037094
82,43,397,318.1257612957492
130,385,304,319.7577207824699
127,451,182,320.05155834646393
133,392,305,325.73148450832934
128,297,388,331.0060422409235
96,111,428,334.534004250689
131,297,393,335.4400095397089
134,307,392,339.27127788835884
142,470,189,340.2425605358624
132,284,407,342.3813663153998
135,296,402,343.0131192826303
136,299,401,343.47052275268106
140,322,389,344.2048808486016
137,300,403,345.70652293527814
147,322,394,348.4852938073571
143,304,405,349.31504405049606
162,470,219,349.72131762304684
138,281,417,350.32556286973977
141,293,412,350.69787567078305
146,302,409,351.961645637703
144,296,412,351.9914771695474
145,287,419,354.5588808646598
150,305,412,355.99578649191903
158,327,400,356.2035934686791
157,321,404,356.6020190632689
161,321,406,358.33643409511126
151,288,425,360.4511062543712
159,307,416,360.46775167828815
160,308,416,360.9238146756182
148,277,431,361.7347094211447
152,283,429,362.154663092994
163,307,418,362.2499137335991
149,276,432,362.295459535446
156,285,430,363.8529922922168
155,283,431,364.0
153,279,433,364.33501067012486
164,294,429,366.5474048469038
168,301,427,367.6792080061096
165,282,438,370.0945825056076
170,314,424,370.78565236535246
166,284,438,370.8503741402993
106,48,454,371.3569711207802
167,283,439,371.39736132611387
154,245,454,373.20905669610966
116,49,464,380.78471607983425
115,47,464,381.2833591962807
179,520,185,387.5938596004844
169,230,474,388.85730030436616
129,96,482,389.84355836668635
185,417,374,391.0460330958492
176,307,455,395.5957532633534
182,535,162,397.68454835459727
139,102,495,402.09575973889605
184,546,130,404.51699593465787
187,546,139,405.3948692324559
186,547,131,405.6007889538678
171,168,502,407.76709038371405
195,515,265,409.0036674652197
172,166,504,409.6461888019953
197,520,263,412.7384159488913
174,204,508,417.4805384685614
173,201,509,418.04305998305966
177,204,511,420.4485699821085
175,185,518,425.0799924720052
178,185,519,426.07511074926686
181,183,524,430.8607663735467
193,266,509,431.88540146663905
204,543,258,431.9363379017792
183,197,524,432.385244891636
194,269,509,432.7493500861671
180,167,528,433.66461695646785
210,485,363,434.49741080931653
203,567,200,436.8077380266975
196,268,514,437.2482132610721
212,534,291,437.3751250357066
205,390,457,438.2385195301755
214,534,294,438.72770598629853
217,485,372,440.1056691295853
198,272,516,440.3203379359168
200,583,121,440.7675124144247
208,573,199,442.3980108454377
188,180,536,442.5494322671762
201,586,129,444.30282465903815
199,297,512,444.52783939816413
213,573,209,444.8550325667902
189,184,538,444.8932456219132
192,204,536,445.19883198409224
190,198,537,445.4088009907303
191,190,540,447.4751389742228
202,298,521,453.322181235377
207,300,524,456.82600626496736
209,308,522,457.77068495044546
216,314,524,461.82464204500826
219,350,509,462.86607134245645
222,602,160,463.57955088636083
221,604,150,464.26931839181447
215,295,534,464.5696933722647
220,348,512,464.6654710649372
206,255,546,464.69882719886436
225,579,257,465.12363947664494
223,603,165,465.29560496527364
227,497,399,466.6176164698457
218,307,533,467.6964827748868
228,486,414,468.4122116256151
230,487,414,469.14496693452867
224,614,156,474.9336795806337
226,617,155,477.7823772388429
235,457,457,479.20767940424327
236,456,458,479.30992061504423
229,617,172,480.21349418774145
241,496,422,481.1839565072801
231,613,199,481.3688814204757
239,458,460,482.1306876771069
211,199,574,482.26237672039065
233,616,198,484.08470333196857
242,507,418,486.6466890876789
234,628,159,489.20445623481396
238,631,159,492.1788292887048
243,585,326,498.7233702163956
237,642,97,499.0040079999358
245,539,403,501.67718704362073
232,295,574,502.5385557347814
240,301,576,506.2854925829892
253,596,325,508.0442894079216
251,490,468,509.4487216590106
249,462,493,510.0637215093816
254,467,492,512.4304830901456
261,600,332,514.7989898979989
256,453,506,514.8019036483839
244,658,144,517.3258160965872
257,640,240,517.7200015452368
263,606,327,517.8735366863227
264,605,330,518.3329046086116
258,653,204,521.5179766796156
265,478,496,522.518899179733
269,611,328,522.7934582605257
252,666,139,524.8475969269556
271,587,375,524.9152312516756
246,344,580,525.0009523800885
247,345,580,525.3846210158802
270,615,326,525.4950047336321
268,455,518,525.6167805540458
255,667,138,525.76135270672
277,614,336,529.0765540070737
266,415,550,530.1028202150975
262,669,166,530.7701950938844
273,474,511,531.6173435846501
274,475,511,532.2405471213181
275,473,514,533.348853940833
248,283,614,537.5509278198672
279,644,294,539.0751339099216
278,492,506,539.1864241614397
280,491,509,540.8326913195984
259,299,615,542.8959384633486
250,266,624,543.111406619305
260,299,616,543.8538406594183
282,534,474,544.5383365751212
272,687,132,545.2568202232779
276,689,132,547.252227039781
267,299,622,549.6044031846907
284,508,507,550.4261985043953
281,403,582,552.0588736720025
289,591,421,554.0577587219585
291,589,426,555.4070579313878
285,682,233,556.3856576152912
283,413,583,557.7131879380297
288,683,243,559.9142791535147
287,452,563,560.8074535881277
290,687,238,562.4811107939537
295,597,430,564.2171567756515
297,598,431,565.6155938444413
293,693,234,567.2926934131974
294,692,245,569.1230095506594
298,536,507,569.3794868099833
286,714,112,571.2530087448117
299,673,309,571.5732673944785
301,613,422,572.5635335925613
304,611,426,573.2233421625466
302,570,479,574.2691006836429
306,629,401,574.3100208075774
307,569,482,575.5388779222477
310,600,446,576.2377981354573
311,600,448,577.4582235971707
296,429,599,579.4928817509323
308,504,551,581.5986588705307
317,626,423,583.8433008950261
322,631,422,587.4291446634223
320,578,491,588.2524968072809
305,418,617,590.0076270693456
321,534,539,591.6223457578322
316,717,241,592.2769622397954
326,638,421,592.7065040979388
327,616,453,593.2056978822776
314,725,210,593.2528971694956
292,285,672,594.2162905878633
330,621,451,596.0033556952511
333,621,453,597.2001339584579
313,737,165,598.1103577100132
315,738,164,598.9874790010222
303,346,660,600.3615577300066
300,316,671,601.4191549992402
309,353,659,601.8272177294742
318,741,164,601.9676071019104
334,530,557,602.6715523400785
312,351,664,605.8258825768341
346,648,430,606.0115510450275
328,442,626,609.3947817302015
319,350,673,613.9486949249098
337,443,631,614.2442510923485
344,470,618,616.8127754837768
340,450,631,617.6932895863448
358,651,447,618.0355976802631
360,651,449,619.1768729531167
348,749,224,619.5780822462976
323,350,679,619.6006778563109
361,648,454,619.6014848271427
324,347,681,620.4933520997627
352,494,608,621.5866793939523
329,360,678,622.0755581117136
362,623,491,622.2668237982803
355,501,607,624.7463485287449
336,363,680,625.0
363,719,338,625.1599795252412
359,510,604,627.5109560796528
338,351,689,629.3647591023825
339,349,691,630.5965429654685
364,730,326,630.8169306542113
342,361,687,630.8629011124366
365,732,323,631.5892652665972
366,724,344,632.1091677867043
370,699,396,632.2475780894696
325,277,713,632.3606565876786
367,722,350,632.6657885487408
332,297,710,633.9881702366378
335,294,712,635.2086271454442
371,735,327,635.8364569604357
350,368,690,636.121057661197
373,725,352,636.2177300264431
331,273,719,637.3978349508257
351,368,692,637.9921629612702
354,368,694,639.864048060211
376,700,413,641.3836605340052
375,602,543,641.3930152410455
368,492,634,642.1230411689024
372,507,624,642.1347210671605
378,700,416,642.8763489194481
345,292,721,643.488150629054
341,275,726,644.6588244955622
369,470,651,645.0310070066399
343,278,726,645.2797842796565
347,283,727,647.3206315266029
349,289,727,648.6447409792205
374,485,647,649.359684612465
381,737,360,650.431395306223
382,611,549,652.0276067775045
353,286,732,652.8537355334654
377,492,647,653.0735027544756
356,302,729,653.6336894622247
379,780,245,654.422646307415
387,652,508,655.4769256045555
380,511,638,655.9519799497521
385,756,330,656.5013328242374
384,554,608,657.3355307603568
389,677,479,657.732468409459
357,278,740,658.9764790946639
383,499,654,662.7344868044819
386,517,643,663.4606243026032
390,753,363,666.2762189962958
391,754,364,667.5941881113106
388,490,666,668.1691402631523
397,720,433,668.7099520718979
394,756,363,669.0239158654944
393,528,650,675.4628043053148
398,679,510,677.8797828523875
399,681,508,678.2425819719667
400,680,521,685.4524053499265
392,424,722,687.0880584029968
395,424,724,688.9136375482778
402,620,596,691.7586284246839
403,656,561,693.0548318856164
401,577,636,693.5683095413169
396,382,748,695.3632144426393
405,712,497,696.6814193015341
404,625,600,698.1038604677674
406,714,497,698.3158311251435
408,726,482,699.7556716454679
407,634,596,701.4855664944218
412,647,597,711.3508276511668
411,631,613,711.6656518337808
413,641,604,712.0990099698215
415,627,621,714.7950755286441
419,638,618,720.1069365031835
410,484,730,720.7676463327138
424,700,553,721.1192689146504
423,790,415,721.8095316633052
409,438,754,722.0152352963198
414,505,722,723.9979281738312
417,506,724,726.2299911185161
418,505,726,727.4647757795562
416,471,747,729.8547800761464
429,800,415,730.786562547506
431,803,416,733.9216579444975
432,763,488,734.0633487649415
420,483,746,734.4392418709665
426,568,695,735.2720584926371
433,763,491,735.673840774565
425,542,714,736.4523066702963
421,470,757,738.3583140995976
422,461,763,739.8297101360556
427,482,759,745.5313541360954
428,463,771,747.9144336085512
436,550,723,748.3535260824258
437,552,723,749.4431265946736
430,467,771,749.6345776443346
434,477,772,754.9072790747218
435,477,773,755.8042074505804
439,587,710,758.5255434064169
438,480,782,765.2045478171179
440,598,717,770.6549162887369
443,702,628,772.3794404306733
441,649,679,772.7172833578915
442,661,669,773.1752712031083
444,675,660,776.0470346570496
446,722,614,777.5615731245982
447,704,635,778.6661672372827
445,675,665,779.6948120899613
448,710,632,780.9340561148554
449,670,681,788.1148393476676
450,724,658,809.0302837347932
451,645,752,826.8331149633522
452,705,711,833.8465086573187
