276,689,132,2.0
255,667,138,20.8806130178211
252,666,139,22.135943621178654
244,658,144,31.38470965295043
286,714,112,33.60059523282288
262,669,166,38.47076812334269
237,642,97,57.0087712549569
313,737,165,59.90826320300064
315,738,164,60.207972893961475
238,631,159,62.16912416947821
318,741,164,62.76941930590086
234,628,159,64.88451279003334
226,617,155,73.68174807915459
224,614,156,76.84399781375251
258,653,204,79.62411694957753
229,617,172,80.62257748298549
221,604,150,84.92938243034621
314,725,210,86.76404785393545
222,602,160,89.49301648732151
223,603,165,90.24965373894794
233,616,198,96.93812459502195
231,613,199,99.82484660644363
201,586,129,101.04454463255303
285,682,233,101.1236866416568
293,693,234,102.17631819555841
200,583,121,104.58011283222064
290,687,238,106.0
348,749,224,110.9414259868693
288,683,243,111.07204868912791
316,717,241,113.05308487608819
294,692,245,113.11056537742175
257,640,240,117.78370006074695
208,573,199,132.23085872821065
213,573,209,137.56816492197603
203,567,200,137.92751719653333
186,547,131,140.00357138301865
184,546,130,141.01418368376991
187,546,139,141.1736519326464
379,780,245,146.3488981851247
182,535,162,154.9322432549145
225,579,257,165.19382555047267
279,644,294,167.60966559241146
179,520,185,175.20844728494114
299,673,309,177.55280904564702
204,543,258,191.34262462922368
365,732,323,196.22945752358385
364,730,326,198.70832896484234
371,735,327,200.82081565415473
270,615,326,206.92993983471797
363,719,338,208.47062143141417
385,756,330,209.67832506007863
269,611,328,210.2189334955346
263,606,327,211.1539722572133
197,520,263,212.24985276791125
253,596,325,213.37759957408838
264,605,330,214.30818929756276
366,724,344,215.20455385516357
277,614,336,216.6679487141557
195,515,265,217.4235497824465
261,600,332,218.10318658836692
243,585,326,219.18029108475972
212,534,291,220.6581065811995
367,722,350,220.79175709251467
214,534,294,222.82953125651906
373,725,352,223.2576986354558
142,470,189,224.36131573869858
381,737,360,233.4180798481557
162,470,219,233.79050451205242
390,753,363,240.24362634625712
394,756,363,241.0850472343733
127,451,182,241.23847122712414
391,754,364,241.48084810187328
126,443,194,251.75384803414624
117,438,170,251.88290930509754
105,430,145,257.3285837212804
103,428,145,259.3260495977988
123,435,195,259.7556544139126
110,427,170,262.76224995230956
271,587,375,262.7717640843475
95,424,122,263.1900454044567
370,699,396,264.27258654654287
113,421,192,272.6829660979945
306,629,401,275.1817581163403
120,421,212,277.76968877111125
107,414,187,278.48518811599297
376,700,413,281.30055101261354
90,405,157,283.10598722033416
378,700,416,284.29737951659
326,638,421,293.1245469079654
322,631,422,295.357410606201
317,626,423,297.32473829131675
301,613,422,299.2924990707251
346,648,430,300.54117854297436
423,790,415,301.16108646370634
397,720,433,302.80356668969404
304,611,426,303.66428831853113
289,591,421,304.5275028630419
429,800,415,304.72610652846924
431,803,416,306.7767918210242
210,485,363,306.86316168611705
245,539,403,308.7798568559808
291,589,426,309.90321069650116
295,597,430,311.2940731848263
297,598,431,311.9647415975081
217,485,372,313.69411852950003
358,651,447,317.05046916855366
360,651,449,319.03761533712606
361,648,454,324.35320254315354
330,621,451,325.75604368913866
310,600,446,325.8297101247828
227,497,399,327.70260908329675
333,621,453,327.7148150450327
311,600,448,327.75753233144775
327,616,453,328.7582698579611
109,376,256,334.8089007180066
124,385,282,337.2002372478406
242,507,418,337.9289866229294
112,376,266,338.6399267658792
85,351,188,340.6347016967003
83,350,187,341.45863585506225
133,392,305,341.9853798044589
230,487,414,345.72243201736273
228,486,414,346.30189141845585
389,677,479,347.1440623141925
241,496,422,347.2477501726973
130,385,304,347.5456804507862
408,726,482,352.16615396712956
91,354,250,353.28883367579
108,360,277,357.7065836687941
62,325,132,362.0
185,417,374,362.579646422686
59,323,129,364.01236242743187
432,763,488,364.0219773585106
362,623,491,364.6601157242179
68,322,150,365.44356609468446
405,712,497,365.8551625985343
406,714,497,365.9972677493645
302,570,479,366.19393768876074
64,321,144,366.1966684720111
433,763,491,366.9564006799718
58,320,133,367.0013623952914
119,361,302,367.66288907095316
122,362,306,368.6475281349381
307,569,482,369.3561966449189
121,359,305,370.8274531369003
63,316,153,371.59386431963594
118,357,304,372.13438432910226
282,534,474,374.66384933697566
320,578,491,375.1826221988433
399,681,508,376.047869293259
387,652,508,377.62547583551617
98,341,284,377.91533443352097
398,679,510,378.08464660707926
400,680,521,389.0629769073382
251,490,468,389.4932605321946
47,292,119,395.2138661535043
235,457,457,398.1519810323691
236,456,458,399.54599234631297
239,458,460,400.03124877939223
125,341,335,401.15458367068425
298,536,507,404.2598174441778
92,316,299,406.8537820888482
99,318,310,409.68890636676997
97,316,311,411.92475040958635
38,277,89,412.24871133819204
37,274,87,415.44434043563524
284,508,507,415.5309856075717
104,316,321,416.36762602296545
375,602,543,419.697510118895
265,478,496,419.7344398545347
424,700,553,421.2006647668068
278,492,506,421.7831196242922
254,467,492,421.90046219457975
382,611,549,423.869083562366
280,491,509,424.90587192930155
249,462,493,425.37747942268874
79,280,267,428.8053171312128
36,262,66,430.0941757336409
403,656,561,430.11858829862257
274,475,511,434.26374474505695
273,474,511,434.752803326212
321,534,539,434.8080036061894
275,473,514,437.85842460777206
205,390,457,440.26582878983464
256,453,506,441.1711685955917
88,283,319,445.1797389819083
140,322,389,446.4011648730321
111,296,352,448.64351104189615
158,327,400,448.8028520408488
147,322,394,449.29834186206386
268,455,518,450.35541520003954
51,243,215,451.6912662427734
334,530,557,453.0717382490327
52,241,220,454.5987241513113
50,240,217,455.00989000240423
157,321,404,456.0043859438196
61,245,248,456.9682702332844
161,321,406,457.20017497809425
308,504,551,457.21985958617324
60,243,248,458.90303986790065
134,307,392,460.43457732885355
65,239,258,465.3815638806505
46,228,213,466.09226554406587
128,297,388,466.51473717343595
412,647,597,466.71725916233265
407,634,596,467.0171303068015
35,220,138,467.0385423067351
402,620,596,468.81232918941026
131,297,393,469.2771036392038
33,217,128,470.01702096839006
143,304,405,470.33817620941636
53,227,236,471.61000837556446
34,215,135,472.00953380201975
404,625,600,472.08897466473417
136,299,401,472.1281605665987
137,300,403,472.451055666087
160,308,416,473.6000422297278
150,305,412,473.6285464369731
170,314,424,473.70138272966864
413,641,604,474.23622805517505
146,302,409,474.2931582892589
159,307,416,474.4006745357768
135,296,402,475.1641821518116
41,219,215,475.3030612146318
163,307,418,475.60067283383864
57,227,257,476.68123520860354
40,215,217,479.59253538811464
144,296,412,480.916832726824
32,206,136,481.01663172909105
30,206,127,481.02598682399685
446,722,614,483.2690761884108
141,293,412,483.359079774033
411,631,613,484.24890294145223
168,301,427,485.8199254868001
132,284,407,487.88728206420797
419,638,618,488.4639188312684
25,201,72,489.6896976657769
42,206,228,490.4864931881407
287,452,563,490.90324912349075
145,287,419,492.309861774066
48,206,238,492.5413688209347
164,294,429,492.603288661373
415,627,621,492.66723049133276
49,206,242,493.41767297088177
21,198,64,493.7053777304841
54,208,253,494.04655651061876
384,554,608,494.2317270269079
55,208,255,494.5401904800054
151,288,425,495.025251881154
56,207,257,496.0090724976711
138,281,417,496.0453608290274
443,702,628,496.22676268012793
266,415,550,498.70632640863903
176,307,455,498.7273804394541
156,285,430,500.4078336716962
448,710,632,500.5287204546808
152,283,429,501.42297514174595
20,188,78,501.91333913336075
155,283,431,502.6101869242206
447,704,635,503.2871943532837
359,510,604,504.0962209737343
219,350,509,505.66589760433715
166,284,438,506.00889320248115
153,279,433,507.0157788471676
167,283,439,507.41009055792335
148,277,431,507.4455635829325
165,282,438,507.60319147932864
149,276,432,508.8428048032123
220,348,512,509.2357018120391
355,501,607,510.1186136576473
28,177,157,510.6123774449656
352,494,608,513.638978271704
401,577,636,515.8643232478865
114,239,397,520.5084053115761
13,167,94,521.3866127932323
372,507,624,523.8931188706338
76,197,318,524.1144913089124
10,164,93,524.4520950477746
81,202,336,526.1568207293335
12,161,101,526.9127062426944
6,162,83,527.2817083874615
450,724,658,527.2997250141517
283,413,583,527.7092002230016
27,160,166,528.0956352783082
444,675,660,528.1363460319693
9,158,99,530.0283011311755
7,157,93,531.4329684917939
281,403,582,532.124045688597
344,470,618,532.245244224878
445,675,665,533.1350673140906
296,429,599,533.5288183406778
380,511,638,535.7350091229805
442,661,669,537.6290542744133
386,517,643,538.5359783709905
368,492,634,538.5434058643741
5,149,102,538.8357820338215
216,314,524,541.1035021139671
393,528,650,541.8533011803103
4,146,94,542.3329235810786
2,146,84,543.1252157652045
93,206,385,543.4795304332997
209,308,522,543.8207425245934
199,297,512,544.5181356024792
3,143,95,545.2568202232779
94,205,387,545.2971666898701
154,245,454,546.8528138356792
441,649,679,548.3183381941552
449,670,681,549.2631427649228
45,155,270,549.6071324136906
101,206,398,549.651707902377
24,138,161,549.765404513598
202,298,521,550.129075763134
44,154,270,550.5751538164432
377,492,647,550.6813960903346
207,300,524,550.8475288135547
328,442,626,551.4172648729816
340,450,631,552.4219401870276
218,307,533,552.4499977373517
1,139,62,552.4527129085349
23,135,161,552.7612504508614
374,485,647,553.1988792468762
305,418,617,554.6043634880634
22,133,161,554.7585060186099
383,499,654,554.8224941366383
0,136,62,555.4286632862945
337,443,631,555.4610697429658
19,131,153,556.3964413976782
18,130,152,557.3589507669183
26,129,183,560.3257980853639
215,295,534,561.4873106313267
369,470,651,562.5388875446746
194,269,509,562.8969710346646
247,345,580,563.6204396577541
246,344,580,564.2277908788258
193,266,509,565.1283040159996
100,192,405,565.2910754646672
198,272,516,565.4033958157662
196,268,514,566.9964726521674
102,190,407,568.0088027486898
388,490,666,569.1792336338352
31,123,214,569.9298202410539
169,230,474,570.8003153467945
29,121,208,571.0796792042245
89,177,392,572.4508712544684
11,114,150,573.2826527987743
86,161,365,575.2955762040935
426,568,695,575.4389628796438
14,110,157,577.5413405116554
8,109,150,578.280208895307
452,705,711,579.2797251760154
73,143,334,580.2930294256514
15,107,160,580.6754687430837
16,107,162,580.7753438292641
43,124,283,582.8979327463771
439,587,710,586.5867369792809
17,100,167,588.0425154697575
240,301,576,588.3298394608249
232,295,574,590.7859172322915
440,598,717,591.731357965758
66,128,329,592.6972245590492
67,128,331,593.3649804294149
206,255,546,598.3477249894078
425,542,714,599.7907968617058
437,552,723,606.2227313455014
436,550,723,606.6712454039667
174,204,508,612.0988482263302
177,204,511,613.9462517191549
173,201,509,615.0812954398792
87,133,402,616.2921385187385
414,505,722,617.4333972178699
39,87,278,617.5078946863756
417,506,724,619.0516941257814
259,299,615,619.5425731941268
260,299,616,620.3224967708329
418,505,726,621.2567907073532
451,645,752,621.420952334245
309,353,659,623.9270790725467
267,299,622,625.0151998151725
183,197,524,627.5061752684192
303,346,660,628.5419635951127
248,283,614,628.9197087069223
312,351,664,629.2217415188385
192,204,536,629.6864298998352
410,484,730,631.5164289232704
175,185,518,633.2456079595025
178,185,519,633.8556618032216
190,198,537,634.9377922284986
329,360,678,636.4314574249139
336,363,680,636.6160538346485
319,350,673,637.3774391990981
171,168,502,637.3860682506325
181,183,524,638.4982380555173
172,166,504,640.1757571167468
323,350,679,642.4780151880685
350,368,690,642.7480066091221
191,190,540,643.0186622486162
342,361,687,643.6621784756348
351,368,692,644.4850657695646
324,347,681,645.7561459250697
392,424,722,645.9636212667087
354,368,694,646.2236454974392
189,184,538,646.4093130517226
420,483,746,647.0023183884274
250,266,624,647.5376436933994
96,111,428,647.6048177708378
395,424,724,647.7908613125072
188,180,536,648.2784895397965
338,351,689,650.4959646300659
416,471,747,651.8289652968791
339,349,691,653.2419153728579
180,167,528,653.6176252213522
300,316,671,654.3408897509004
71,71,353,654.4440388604667
70,70,353,655.3853828092293
211,199,574,658.4132440952262
72,68,357,658.6243238751512
427,482,759,659.6620346813966
421,470,757,661.5995767834197
69,61,352,663.532968284169
409,438,754,669.9888058766355
422,461,763,670.251445354652
74,59,367,670.5288957233685
292,285,672,673.2042780612732
434,477,772,673.5725647619564
75,57,372,674.1661516273269
435,477,773,674.5227942775545
430,467,771,675.8113642134172
428,463,771,677.1240654414817
80,59,386,677.4215821775979
77,56,380,677.9859880558005
438,480,782,682.1649360675174
129,96,482,686.8631595885748
396,382,748,687.3725336380556
139,102,495,688.4722216618475
78,45,387,690.7886796987918
84,47,397,692.6940161427699
82,43,397,696.3914129281033
332,297,710,697.2689581502965
335,294,712,700.6061661161712
345,292,721,709.1868583102763
356,302,729,710.375956800341
325,277,713,711.098446067772
106,48,454,715.5452466476177
349,289,727,715.8414628952419
331,273,719,718.3070374150598
347,283,727,719.194688523212
116,49,464,719.2134592733927
115,47,464,720.988210721923
343,278,726,721.1913754337332
353,286,732,721.6654349489104
341,275,726,722.8969497791508
357,278,740,732.7653103142916
