272,591,421,5.385164807134504
278,597,432,10.0
279,598,431,10.295630140987
286,611,426,22.0
283,611,423,22.20360331117452
290,599,447,23.259406699226016
292,599,449,25.079872407968907
307,616,453,38.18376618407357
310,621,451,40.607881008493905
303,632,423,43.104524124504614
315,622,454,43.278170016764804
284,628,400,46.87216658103186
308,638,422,49.16299421312742
257,588,375,51.0098029794274
226,539,404,54.62600113499065
289,571,480,56.92099788303083
288,569,482,59.464274989274024
323,649,431,60.207972893961475
246,527,439,63.34824385884742
235,524,431,65.19202405202648
335,648,455,65.7419196555744
300,578,491,65.92419889539804
333,651,449,66.12866246946176
243,521,443,70.09279563550022
336,624,490,72.94518489934754
233,515,441,75.50496672405067
231,512,441,78.44743462982075
225,509,441,81.39410298049853
262,614,337,92.44457799135652
245,600,332,94.64142856064674
252,606,331,96.5090669315583
280,536,507,96.79876032264049
223,585,327,99.08077512817509
254,611,328,100.43903623591775
248,606,327,100.44899203078147
236,597,324,102.3132444994293
255,615,327,102.35721762533407
214,487,417,102.39628899525607
363,677,479,102.7277956543408
361,652,508,103.40696301506973
237,493,468,104.78549517943789
352,701,417,112.36102527122117
351,701,414,112.64102272262978
208,486,380,112.80514172678478
268,509,507,113.84638773364749
344,700,398,114.47707194019246
206,486,372,116.29703349613007
348,602,543,117.72000679578642
199,486,364,120.22063050907694
372,681,508,123.23960402403117
373,680,512,125.2078272313676
301,534,539,125.67418191498204
263,492,507,126.37246535539299
358,612,551,127.09838708654017
266,491,510,129.07362240210043
211,459,421,130.09611831257686
371,720,433,131.18688958886096
250,478,496,131.2288078129189
374,680,523,133.00375934536586
217,457,457,135.5912976558599
222,458,461,135.5949851580065
218,456,458,136.79546776117988
234,467,492,138.70832707519762
203,535,296,140.7693148381422
259,475,511,142.20056258679148
256,474,511,143.0034964607509
230,462,493,143.58969322343438
314,530,557,143.67324037551322
281,673,309,144.03124660989366
202,535,292,144.4714504668656
264,645,292,145.23085071705668
260,473,514,145.60219778561037
379,726,482,148.00337833982033
377,656,561,150.71164520368026
291,505,552,151.43315356948756
240,455,507,156.5790535161073
345,727,350,157.54364474646383
337,720,338,157.8131806916013
349,731,353,159.66527487215245
251,455,518,162.5423021862309
355,738,361,162.5607578722491
346,731,346,162.9846618550347
391,700,553,168.67127793433
212,579,257,169.29559947027565
192,543,260,172.2556240010758
338,730,326,172.86121600868137
376,622,596,173.1733235807409
378,634,596,175.85505395068975
365,754,364,176.26400653565094
342,735,327,176.40011337864837
339,733,324,176.4652940382329
187,520,263,177.00282483621552
185,515,265,177.19198627477485
366,755,364,177.2004514666935
369,756,363,178.48809484108457
178,417,372,180.27756377319946
382,647,597,180.56854654119581
357,554,608,185.33483212823216
383,641,604,185.44001725625458
397,763,492,186.09674903124989
398,765,489,186.93581786270923
387,639,611,191.637678967368
381,631,613,191.65855055279948
241,640,240,192.86523792534516
270,452,563,193.74725804511402
360,758,331,193.87109119205988
334,511,604,194.33990840792325
388,638,618,198.15398053029367
384,627,621,198.66806487203723
194,392,458,199.58206332233365
330,502,606,199.92248497855363
326,494,608,205.30221625691235
271,683,243,205.73040611440985
375,580,634,208.19462048765814
274,688,240,210.70595625183452
343,507,624,214.30818929756276
249,414,550,214.478437144623
201,573,210,216.59178193089414
276,695,234,219.31712199461307
321,470,618,225.88713996153035
354,511,638,225.89378034819816
215,614,201,226.38462845343543
198,574,200,226.497240601293
196,571,200,226.71568097509268
219,618,198,229.83689869122406
410,722,614,230.28894893155424
341,490,634,230.3584163862914
359,516,645,230.8462691922917
407,702,628,231.4584195919431
367,528,650,232.15727427758966
277,429,599,235.64592082189753
267,412,583,236.59670327373541
129,384,307,237.0358622656074
411,704,635,238.549785160247
412,710,632,238.90793205751876
155,470,218,239.63513932643517
350,492,647,241.3503677229434
265,403,582,242.75913988972692
347,485,647,244.24782496472716
356,499,654,245.12037858978596
174,521,187,248.4854120466632
408,675,660,249.30302846134862
123,385,282,249.70382456021773
209,350,509,253.00197627686626
295,723,211,253.3396929026322
406,661,669,253.44230112591703
409,675,665,254.0019684963091
340,468,650,254.59183019099416
210,348,512,255.88473967784793
287,418,617,256.3630238548453
213,617,171,256.5326489942362
121,363,303,257.30332294783915
120,360,306,258.5362643808408
362,490,666,259.61702563583924
117,357,303,262.58903252040056
353,781,246,263.1805463935357
156,327,401,263.1900454044567
139,470,190,264.304748349325
124,340,336,264.7659343646761
112,376,266,266.4000750750645
177,536,164,267.30693967796645
414,724,658,268.41944787961995
159,321,408,268.6037974415105
145,322,394,268.9107658685312
393,568,695,269.8184574857695
247,669,168,270.1184925176357
119,421,214,270.4958410031474
125,443,196,272.4261367783936
109,376,256,272.5233934912744
105,358,277,274.8854306797652
122,435,197,275.9655775635795
126,451,184,278.5821243367923
104,344,292,279.25078334715556
157,308,416,281.1778796420515
158,307,418,282.11345235560816
154,307,416,282.177249260106
132,309,390,282.3047998175022
171,307,455,283.4872131155125
404,587,710,284.0070421662111
133,307,392,284.0422503783548
148,305,412,284.3448610402516
143,305,406,284.70335438838794
413,688,693,284.76305940202286
144,302,409,287.5030434621519
164,301,429,288.01562457616774
113,422,191,288.294987816299
181,545,140,289.36482163524994
227,344,580,289.38037252032143
136,300,403,289.9137802864845
228,344,581,289.9137802864845
224,658,144,290.31879029783795
392,541,713,290.98625397087056
205,315,524,290.99828178186897
134,297,402,292.9846412356798
92,354,251,293.00170647967224
405,599,719,293.17059879871994
141,296,412,293.33428030150174
102,315,321,293.429719012918
239,668,143,293.8196725884773
135,296,403,293.901343991483
127,297,388,294.462221685567
402,559,719,294.5318318959769
401,557,719,294.7422602885443
238,668,142,294.7829710142701
161,294,430,295.0271173977063
190,585,131,295.0271173977063
98,317,311,295.3116997343654
140,294,412,295.33201655086435
99,316,313,295.4623495472816
130,295,394,295.7363690857112
107,414,187,296.2195131992489
197,308,522,296.94612305938597
118,438,170,297.21541009846715
95,319,300,297.95301643044326
180,547,131,297.9748311518944
179,546,130,299.1070042643602
152,289,427,300.00166666203705
297,737,165,300.04166377354994
299,741,166,301.1710477452971
298,738,164,301.4050430898594
207,307,533,301.61730719572444
111,426,172,301.80291582421796
142,287,419,302.08111493438315
110,296,349,302.9488405655318
189,585,123,303.0264014900352
188,297,512,304.4010512465422
195,300,524,305.16389039334257
162,284,438,305.235974288746
131,284,407,305.5912302406599
149,283,429,306.01470552899906
151,283,431,306.04084694693944
191,298,521,306.1143577161973
163,283,439,306.27601930285044
160,282,438,307.23443817384793
415,705,711,307.7027786679867
258,687,134,308.00649343804423
137,281,418,308.1038785864274
261,689,134,308.6486675817668
150,279,433,310.0790221862808
385,505,725,310.5752726795873
204,296,535,312.61797773000836
147,276,432,313.05750270517393
146,275,431,314.0398063940302
106,430,147,321.1261434389919
103,428,147,322.12109524214645
380,485,731,322.2436966024316
89,283,320,323.83946640272245
221,301,576,324.7214190656354
91,405,157,325.909496639788
216,295,574,329.15042154006125
184,269,509,330.58886853613205
220,643,99,331.42872536942235
186,268,514,332.84380721293286
293,353,661,333.0480445821593
269,714,114,336.1086133975147
82,350,188,337.2906758272455
285,346,660,337.3499666518436
389,484,747,337.7365837453799
81,350,187,337.9970414071697
364,424,721,338.0088756231114
296,350,666,338.7048862948393
368,424,723,339.755794652571
316,364,681,340.073521462639
294,347,665,340.1249770305027
312,361,679,340.57745080965066
97,425,127,341.023459603588
386,472,748,342.5974313972596
302,350,675,345.14055108028094
153,245,455,345.2202195700594
242,299,615,346.15170084805305
320,361,687,346.5616828213991
79,280,269,346.5977495599185
244,299,616,346.69871646719434
328,368,694,347.3686802231888
329,368,695,348.1407761236825
306,350,680,348.764963836679
253,299,623,350.5837988270422
394,482,760,350.7206865869192
114,239,397,351.1993735757511
304,347,681,351.55227207344285
390,470,758,352.6825768307814
317,351,689,354.7012827718558
193,255,546,354.902803595576
309,345,685,355.8328259168904
318,349,691,357.5262228144951
232,283,616,360.1888393606887
165,230,475,362.3285801589491
399,477,773,364.6272068839625
400,477,774,365.57899283191864
396,467,771,365.9357867167408
395,465,771,366.60741945574426
282,316,671,366.81603018406923
403,480,782,372.3130403303113
229,265,622,378.67136147324373
370,382,748,382.7962904731445
100,207,399,382.9529997271206
65,322,150,384.0117185711915
93,206,385,385.1882656571978
60,316,153,386.08030252785494
59,245,248,387.3241536491108
58,244,248,388.2125706362431
62,239,258,388.23188946813735
94,202,388,388.8611577414232
67,331,135,388.90230135600893
61,321,144,389.03470282225464
275,285,672,391.0652119531984
64,328,133,392.3901120058965
169,205,508,392.65761166695853
56,321,135,395.6071283483148
80,203,337,396.1275047254356
168,201,508,396.57029641666304
57,323,131,397.2165656162895
54,228,258,398.1770962775232
101,191,408,398.4068272507388
176,197,521,403.3472449391467
47,241,221,403.89231238041657
46,243,216,404.74189306272706
74,198,317,405.9088567646683
45,240,217,406.79478856052225
313,297,710,407.33278777923096
48,227,237,408.36870595088453
90,177,392,413.40053217188773
200,203,574,413.40053217188773
170,185,518,414.34285320251394
183,190,538,414.42128323723915
172,185,519,414.566038165212
331,303,729,416.6593332687989
50,208,257,416.7997120920311
49,209,254,417.1138933193187
51,207,258,417.31043600657773
175,183,524,417.6601489249363
42,227,214,419.5092370854306
182,180,536,423.5339419692358
305,277,713,423.9257010373398
44,206,242,424.90587192930155
325,289,727,424.97176376790026
38,219,215,425.9354411175478
43,293,118,427.1767783950808
324,285,727,427.8048620574572
166,168,503,427.9836445473121
39,207,230,429.34834342291344
37,215,215,429.4147179592241
327,286,731,429.9232489642773
167,166,504,430.1313752796929
311,274,719,430.20227800419656
322,280,726,430.6750515179629
86,161,365,432.3251091481965
173,167,528,434.15204709870943
319,275,726,434.27640967476003
332,278,740,441.94682938109196
72,143,334,455.38994279628093
88,133,402,456.63114217057074
41,155,270,461.18542908465787
40,154,270,462.12660602912706
34,220,138,468.08653046205035
63,128,330,470.8895836605435
33,215,135,473.8744559479863
32,217,128,476.64242362592944
96,111,428,478.0041840821061
30,206,136,480.40503744236486
29,206,127,485.8909342640589
35,260,65,488.42809092025
138,105,496,489.03578601161695
27,177,159,490.9511177296575
128,96,482,496.17033365569125
26,160,166,501.63831592094317
31,122,216,512.0439434267337
28,121,209,515.8614154983875
25,129,184,519.7730273879167
71,71,357,522.5753534180501
24,138,162,522.5868348896669
36,87,280,522.8001530221658
69,71,353,523.1185334128394
55,72,341,523.9408363546403
23,200,75,523.9484707487942
68,70,353,524.1087673374678
70,68,357,525.5492365135735
21,135,161,525.6814624846495
52,71,336,525.7604017040462
22,134,162,526.0427739262274
53,70,339,526.2413894782508
19,190,79,528.7816184399757
20,199,67,530.0764095863916
78,59,386,531.5072906367325
66,62,352,532.1700855929428
73,59,368,533.1641398293775
18,131,153,533.1913352634306
75,57,372,534.7335785229875
76,56,382,534.8130514488217
17,129,152,535.4213294219796
84,53,397,536.7839416376015
12,167,94,536.9431999755653
11,161,101,537.4095272694744
9,164,93,539.9203644983212
116,50,465,540.409104290444
8,158,99,541.0083178658161
85,47,398,542.7227653231436
108,47,455,542.7752757817917
115,47,465,543.4013249891833
77,46,388,544.3280261019086
6,157,93,545.4475226820633
83,44,398,545.7187920531966
4,149,102,546.4210830485954
5,162,84,547.0767770615016
16,109,162,547.8101861046397
87,41,402,548.5252956792422
10,114,150,549.3641779366397
13,110,157,549.3650880789569
14,106,162,550.4407325044177
15,100,167,553.3552204506614
3,146,94,553.6000361271665
7,109,150,553.6930557628477
2,143,96,554.8116797617008
1,138,62,579.5662170968905
0,136,63,580.4980620122689
