195,300,524,3.605551275463989
188,297,512,9.055385138137417
197,308,522,10.04987562112089
204,296,535,14.142135623730951
207,307,533,15.0
205,315,524,17.26267650163207
186,268,514,30.805843601498726
184,269,509,31.38470965295043
193,255,546,49.73932046178355
210,348,512,50.80354318352215
216,295,574,53.08483775994799
209,350,509,53.36665625650534
221,301,576,55.08175741568164
171,307,455,66.61080993352356
227,344,580,74.81310045707235
228,344,581,75.6042326857432
165,230,475,82.09750300709517
163,283,439,83.3606621854697
162,284,438,84.17244204607586
160,282,438,84.52810183601665
153,245,455,84.64632301523794
150,279,433,90.02777349240623
161,294,430,91.08786966440702
151,283,431,91.2414379544733
147,276,432,91.67878707749138
164,301,429,92.04890004774636
146,275,431,92.89241088485109
149,283,429,93.2148056909416
169,205,508,93.90420650854784
242,299,615,94.00531899844816
152,289,427,94.42986815621421
244,299,616,95.00526301210897
232,283,616,96.17692030835673
168,201,508,97.86725703727473
176,197,521,101.0
253,299,623,102.00490184299969
142,287,419,102.59142264341595
158,307,418,103.39245620450265
137,281,418,104.39348638684312
154,307,416,105.38500842150178
157,308,416,105.47511554864494
229,265,622,106.25441167311595
200,203,574,108.78419002777932
141,296,412,109.01834707974616
140,294,412,109.07336980216573
148,305,412,109.22453936730518
183,190,538,109.32977636490436
144,302,409,112.0714058089752
172,185,519,113.01769772916099
170,185,518,113.03981599418853
194,392,458,113.1591799192624
131,284,407,114.85643212288984
175,183,524,115.03912377969506
143,305,406,115.2128465059344
159,321,408,115.31695452100702
135,296,403,118.01694793545543
136,300,403,118.01694793545543
182,180,536,118.94956914591998
134,297,402,119.00420160649792
249,414,550,119.57006314291216
265,403,582,121.43310915891102
156,327,401,123.45444503945575
130,295,394,127.03542812932147
145,322,394,129.24782396620841
133,307,392,129.31357237351384
267,412,583,129.76902558006668
173,167,528,131.18688958886096
166,168,503,131.24023773218335
132,309,390,131.4610208388783
127,297,388,133.00375934536586
167,166,504,133.09019498069722
114,239,397,137.32079230764728
285,346,660,147.05441169852742
293,353,661,150.41608956491322
282,316,671,151.07613974417006
275,285,672,151.5585695366646
294,347,665,152.10851389715174
100,207,399,152.2005256232711
277,429,599,152.46311029229332
287,418,617,153.67498169838836
296,350,666,154.042202009709
101,191,408,155.62133529821674
251,455,518,157.0286598045083
240,455,507,157.62296786953354
270,452,563,159.62455951387932
302,350,675,162.5423021862309
94,202,388,164.02743672934722
93,206,385,164.19500601419034
230,462,493,166.37307474468338
306,350,680,167.28717822953436
304,347,681,167.3349933516597
218,456,458,170.09703113223347
312,361,679,170.09703113223347
309,345,685,170.60187572239644
222,458,461,170.88007490635061
217,457,457,171.39719951037708
234,467,492,171.47011401407536
110,296,349,172.01162751395617
316,364,681,173.07801709055948
260,473,514,175.13994404475525
317,351,689,176.16185739256952
256,474,511,176.28386199536246
90,177,392,176.86718180600946
259,475,511,177.28226081590904
318,349,691,177.48521065147935
320,361,687,177.55280904564702
250,478,496,181.72781845386248
328,368,694,186.62529303392935
329,368,695,187.55265927200287
313,297,710,189.0026454841307
211,459,421,189.52836199366047
124,340,336,189.70766985021982
178,417,372,190.68822721919673
305,277,713,193.14502323383846
266,491,510,193.31321734428818
263,492,507,194.50449866262733
138,105,496,194.61243536834948
321,470,618,197.46645284705957
311,274,719,199.44924166313595
102,315,321,200.7211996775627
89,283,320,201.5589243868899
237,493,468,202.07424378183381
88,133,402,203.43549346168678
128,96,482,205.73040611440985
322,280,726,205.7887266105702
325,289,727,206.196508214858
319,275,726,206.2862089428181
324,285,727,206.4097865896867
80,203,337,207.07728026029315
86,161,365,207.6174366473105
331,303,729,208.0600874747485
99,316,313,208.7773934122179
96,111,428,208.84922791334424
291,505,552,209.3083849252103
327,286,731,210.34257771549724
98,317,311,210.85777196963835
268,509,507,211.463944917331
340,468,650,213.40337391897066
326,494,608,214.44113411377026
214,487,417,215.72436116489024
332,278,740,219.91134577370036
330,502,606,221.0
95,319,300,221.9954954497951
341,490,634,222.78464938141497
120,360,306,223.76103324752503
347,485,647,225.48835890129672
225,509,441,225.656819085974
117,357,303,225.84286572747877
74,198,317,227.19154913860683
121,363,303,227.48406537601704
231,512,441,228.46443924602357
334,511,604,228.60008748904713
129,384,307,230.63390904201404
233,515,441,231.27689032845456
350,492,647,231.32660893204655
343,507,624,233.00214591286493
104,344,292,233.57439928211312
314,530,557,234.77648945326703
208,486,380,235.0
243,521,443,236.24775131204953
364,424,721,236.3810483097154
301,534,539,236.6854452643846
368,424,723,238.0756182392477
280,536,507,238.41140912296962
206,486,372,239.88538930080756
362,490,666,240.6013300046365
356,499,654,241.0186714758838
370,382,748,242.0433845408711
72,143,334,242.88680491125902
354,511,638,243.01851781294363
246,527,439,243.2385660210979
235,524,431,243.26117651610582
199,486,364,244.9346851713738
359,516,645,250.79872407968904
105,358,277,251.26878039263056
79,280,269,252.6420392571276
116,50,465,254.24397731313127
123,385,282,254.34228905158497
63,128,330,255.69708641280997
115,47,465,257.1711492372346
108,47,455,259.53227159642404
367,528,650,263.7062759966095
112,376,266,266.6627083039546
226,539,404,267.89923478800756
62,239,258,269.5366394388711
357,554,608,270.37936311782374
54,228,258,272.1562051469707
288,569,482,273.7918917718346
78,59,386,274.4922585429323
84,53,397,274.592425241484
92,354,251,275.74626017409554
289,571,480,276.06158733152284
109,376,256,276.24083695210595
59,245,248,278.09710534272017
58,244,248,278.28941769316344
51,207,258,278.29840100151495
50,208,257,278.919343180067
76,56,382,279.0788419067271
85,47,398,279.5174413162799
71,71,357,280.04463929880893
380,485,731,281.19210515233175
49,209,254,281.44271175498574
300,578,491,281.60255680657446
83,44,398,282.21445746098834
69,71,353,282.4057364856458
70,68,357,282.48185782453356
68,70,353,283.21016930894274
87,41,402,283.21370023358685
75,57,372,283.3407842157567
73,59,368,283.7780823108085
77,46,388,284.9438541186667
386,472,748,286.01573383294846
41,155,270,288.87713651308576
55,72,341,288.9221348391293
40,154,270,289.3734611190183
66,62,352,290.27056344038743
385,505,725,290.6286290096005
53,70,339,291.73275441746335
389,484,747,292.6977963702494
48,227,237,292.7404994188539
390,470,758,292.8361316504505
52,71,336,292.8378390850472
44,206,242,293.7771264070775
395,465,771,300.647634283059
394,482,760,301.62393804205925
396,467,771,301.7631521574495
375,580,634,303.7976300105055
348,602,543,304.7950130825634
39,207,230,304.89670381950674
47,241,221,305.366992322353
273,589,426,306.1143577161973
399,477,773,309.1035425225664
45,240,217,309.4834405909305
292,599,449,309.4915184621382
272,591,421,309.594896598765
392,541,713,309.6982402274834
46,243,216,309.9193443462347
400,477,774,309.9193443462347
290,599,447,309.9629010059107
278,597,432,311.9647415975081
279,598,431,313.2091952673165
42,227,214,315.1031577118833
358,612,551,315.42986542177647
38,219,215,316.03322610130726
37,215,215,317.0567772497538
403,480,782,318.190194694934
36,87,280,320.31546949843056
393,568,695,321.21021154378013
257,588,375,324.6783023240081
307,616,453,325.1891757116156
401,557,719,326.01380338875225
203,535,296,326.7935127875093
286,611,426,327.099373279742
336,624,490,327.47060936823016
402,559,719,327.6049450176233
283,611,423,327.98323127867377
202,535,292,329.56031314465037
310,621,451,330.49810892045963
119,421,214,330.7234494256493
315,622,454,330.85495311389855
376,622,596,332.5672864248677
185,515,265,335.5964838909967
82,350,188,337.0356064275702
81,350,187,338.02366781040644
187,520,263,340.364510488388
384,627,621,343.8618908806267
378,634,596,344.26879033685293
404,587,710,345.3143495425581
381,631,613,345.4750352775147
223,585,327,346.41737831696605
303,632,423,348.08045047086455
155,470,218,348.4149824562658
284,628,400,351.48399679075004
122,435,197,351.7740752244258
31,122,216,352.1377571349031
113,422,191,352.52801307130187
387,639,611,352.6769059635178
383,641,604,352.8994190984168
388,638,618,353.5661182862408
107,414,187,353.57036074874827
308,638,422,354.1200361459374
361,652,508,354.2386201418473
125,443,196,355.8791929854849
335,648,455,356.16849944934773
245,600,332,356.2653505464712
382,647,597,357.179226719584
192,543,260,357.97485945244813
236,597,324,358.06424004639166
28,121,209,358.71018942873644
377,656,561,360.227705764007
333,651,449,360.26795583287725
405,599,719,360.2846097184835
252,606,331,361.8894858931384
323,649,431,362.3547985055531
248,606,327,364.0054944640259
262,614,337,365.6665147371304
254,611,328,367.72000217556837
60,316,153,368.4399544023422
126,451,184,370.1053903957628
255,615,327,371.6517186829626
111,426,172,371.7324306540929
65,322,150,371.775469873955
139,470,190,373.02144710458674
25,129,184,377.0013262576141
61,321,144,377.7009398982216
118,438,170,377.8901956918173
91,405,157,379.40084343606827
26,160,166,380.87924595598537
363,677,479,381.3200755271088
27,177,159,381.6870445797185
374,680,523,382.0052355662158
373,680,512,382.1060062338722
372,681,508,383.22056312259656
212,579,257,385.56063077031087
56,321,135,386.6846260197061
67,331,135,387.40805360756247
64,328,133,389.1580655723327
57,323,131,390.80046059338264
34,220,138,390.86186818363336
406,661,669,392.0114794237536
24,138,162,393.04071035962676
22,134,162,394.6859511054327
33,215,135,394.82274503883383
21,135,161,395.1822364428847
30,206,136,395.8396139852604
103,428,147,395.9494917284274
106,430,147,396.6106403010388
32,217,128,401.2605138809449
174,521,187,401.60303783711595
408,675,660,401.8084120572888
43,293,118,403.0310161761747
391,700,553,403.27162062312294
409,675,665,403.5653602577902
18,131,153,404.120031673759
29,206,127,404.5985664828782
15,100,167,405.6106507477337
16,109,162,405.7117203138209
17,129,152,405.85958162891757
14,106,162,407.1179190357506
13,110,157,409.6828041302197
97,425,127,413.96255869341616
10,114,150,414.12196271146985
201,573,210,415.1457575358322
264,645,292,415.7523301197481
352,701,417,416.20307543313515
7,109,150,416.36762602296545
351,701,414,416.9628280794344
407,702,628,417.92941987852447
344,700,398,420.396241657796
196,571,200,421.3905551860412
411,704,635,421.70131609944025
198,574,200,423.3402886567731
413,688,693,426.24406154221083
412,710,632,426.69075452838206
177,536,164,429.0606017802147
379,726,482,429.7731959999367
281,673,309,430.7772045965292
371,720,433,431.077719210817
410,722,614,434.0794858087629
11,161,101,441.77935669290844
241,640,240,442.6341604530766
8,158,99,444.6166888455718
4,149,102,444.7043962004423
12,167,94,446.64303420069143
414,724,658,447.4874299910557
9,164,93,448.4863431588525
415,705,711,449.16478045367717
215,614,201,449.7288071716109
6,157,93,450.6273404932284
2,143,96,452.38258145070085
3,146,94,453.2471731847867
181,545,140,454.059467470947
219,618,198,454.67460892378847
19,190,79,455.0032966913537
23,200,75,456.6399018920707
35,260,65,457.58059399410723
5,162,84,457.67346438263166
337,720,338,459.9706512376632
345,727,350,461.82464204500826
180,547,131,462.71049264091687
179,546,130,463.0172782953137
349,731,353,464.4491360741238
20,199,67,464.6686991825466
397,763,492,465.9034234688558
346,731,346,467.0267658282553
398,765,489,468.095075812596
355,738,361,468.187996428785
213,617,171,473.56203395120264
338,730,326,473.9715181316278
271,683,243,474.87787903839023
339,733,324,477.5290567075474
342,735,327,478.12655228506185
274,688,240,480.68804853043724
365,754,364,482.2706708892839
366,755,364,483.2163076718334
190,585,131,484.2199913262566
369,756,363,484.48735793620045
0,136,63,485.8065458595633
1,138,62,486.08744069354435
276,695,234,489.87549438607357
189,585,123,490.6862541380184
360,758,331,497.69468552517213
247,669,168,512.1035051627747
224,658,144,521.2763182804298
295,723,211,526.0465758846834
239,668,143,528.9461220200031
238,668,142,529.6612124745402
220,643,99,545.0770587724271
258,687,134,548.7166846378922
261,689,134,550.1363467359705
353,781,246,555.8003238574083
297,737,165,565.2052724453303
298,738,164,566.6118600947212
299,741,166,567.691817802582
269,714,114,581.9836767470373
