142,287,419,6.082762530298219
149,283,429,11.180339887498949
131,284,407,11.40175425099138
152,289,427,12.041594578792296
151,283,431,13.152946437965905
140,294,412,14.317821063276353
146,275,431,14.317821063276353
147,276,432,14.866068747318506
150,279,433,15.132745950421556
141,296,412,16.15549442140351
161,294,430,17.69180601295413
160,282,438,20.024984394500787
162,284,438,20.223748416156685
163,283,439,21.095023109728988
135,296,403,21.213203435596427
134,297,402,22.627416997969522
164,301,429,22.825424421026653
144,302,409,22.847319317591726
136,300,403,24.20743687382041
148,305,412,24.73863375370596
158,307,418,26.0
154,307,416,26.076809620810597
143,305,406,26.832815729997478
157,308,416,27.073972741361768
130,295,394,27.784887978899608
127,297,388,34.0
133,307,392,36.76955262170047
132,309,390,39.59797974644666
159,321,408,41.23105625617661
171,307,455,45.221676218380054
114,239,397,46.95742752749558
145,322,394,47.50789408087881
156,327,401,49.040799340956916
153,245,455,51.62363799656123
110,296,349,70.61161377563892
100,207,399,76.40026177965623
165,230,475,76.48529270389177
93,206,385,81.93900170248598
94,202,388,84.50443775329198
101,191,408,90.55385138137417
184,269,509,91.7877987534291
188,297,512,95.35197952848173
186,268,514,96.87620966986684
89,283,320,98.02040603874276
124,340,336,101.01980003939822
102,315,321,102.7861858422619
191,298,521,104.39348638684312
90,177,392,107.20074626605917
197,308,522,107.44766167767449
195,300,524,107.68936809174804
99,316,313,110.67971810589327
205,315,524,111.31936040060597
80,203,337,112.44998888394787
98,317,311,112.89375536317321
209,350,509,114.20157617125956
210,348,512,115.43396380615195
169,205,508,117.79643458101778
207,307,533,117.90250209389112
204,296,535,117.957619508025
194,392,458,117.98728745080972
168,201,508,120.41594578792295
95,319,300,123.96773773849388
193,255,546,130.61393493804556
74,198,317,130.728726758888
86,161,365,131.18307817702708
176,197,521,132.90974381135493
120,360,306,137.05838172107534
117,357,303,137.84411485442533
170,185,518,138.62178760930766
172,185,519,139.34489585198304
104,344,292,140.87228258248675
121,363,303,141.24092891226678
166,168,503,141.40014144264495
178,417,372,143.5687988387449
167,166,504,143.60013927569847
175,183,524,144.3606594609487
88,133,402,148.86235252742716
79,280,269,149.00335566691106
183,190,538,150.60212481900777
129,384,307,151.42654985173505
182,180,536,155.32224567009067
216,295,574,156.62694531912445
173,167,528,158.41717078650282
221,301,576,159.26079241294764
105,358,277,160.65490966665163
72,143,334,161.55494421403512
62,239,258,165.42067585401773
54,228,258,168.5496959356498
96,111,428,170.29386365926402
123,385,282,171.20747647226156
59,245,248,173.76996288196645
227,344,580,173.8188712424517
58,244,248,173.9798838946618
200,203,574,174.41330224498358
228,344,581,174.7512517837855
51,207,258,176.28386199536246
63,128,330,176.50212463310464
50,208,257,176.7766952966369
211,459,421,178.02527910383964
49,209,254,179.10890541790488
112,376,266,179.24564150907548
218,456,458,179.51323071016242
217,457,457,180.2692430782356
222,458,461,182.14829123546562
92,354,251,182.25805880673698
249,414,550,187.3846311734236
109,376,256,187.8004259846074
48,227,237,188.88356201639147
44,206,242,191.31387822110554
138,105,496,192.50974001333023
41,155,270,194.3707796969493
40,154,270,195.020511741714
240,455,507,195.4405280385826
128,96,482,195.757503049053
230,462,493,195.92345444075858
242,299,615,197.82062582046393
232,283,616,198.01010075246163
244,299,616,198.8164983093707
234,467,492,200.17991907281808
251,455,518,200.6888138387389
47,241,221,201.0198995124612
39,207,230,202.03960007879644
265,403,582,204.40156555173445
229,265,622,204.6264889988586
45,240,217,205.1389772812568
46,243,216,205.54318281081473
253,299,623,205.7887266105702
214,487,417,206.0024271701671
208,486,380,208.4922060893404
206,486,372,210.09759636892565
267,412,583,210.67985190805504
42,227,214,211.02606474082768
250,478,496,211.87968283910564
199,486,364,211.9929244102265
38,219,215,212.25691979297164
37,215,215,213.45959805077868
256,474,511,214.23818520515897
260,473,514,214.66252583997982
259,475,511,215.13948963405113
237,493,468,217.81643647805828
71,71,357,218.68013169924697
69,71,353,219.82947936980608
68,70,353,220.78496325610584
70,68,357,221.56263222845138
55,72,341,222.73302404448245
270,452,563,224.2008028531566
78,59,386,224.2944493294473
53,70,339,225.30423875284725
52,71,336,225.44178849538966
73,59,368,227.56098083810414
76,56,382,227.86180022109892
75,57,372,228.67444107289296
66,62,352,228.72909740564273
84,53,397,228.96506283710622
263,492,507,229.00218339570478
225,509,441,229.1571513176056
266,491,510,229.26840166058645
231,512,441,232.14219780126146
277,429,599,233.80547470065795
85,47,398,234.85314560380067
233,515,441,235.1276249188938
116,50,465,235.73289969794203
77,46,388,236.90715480964266
108,47,455,236.90715480964266
83,44,398,237.8423847845459
36,87,280,238.0756182392477
115,47,465,238.6734170367534
82,350,188,240.12704970494266
87,41,402,240.53274205396653
81,350,187,241.0850472343733
243,521,443,241.29857024027308
287,418,617,241.59884105682295
235,524,431,243.34748817277733
268,509,507,244.7549795203358
246,527,439,246.89471440271862
119,421,214,247.41867350707383
285,346,660,250.57733337235433
293,353,661,253.44230112591703
275,285,672,254.03149411047443
282,316,671,255.4094751570505
294,347,665,255.66579747787932
31,122,216,257.07002936943076
296,350,666,257.41989045137905
226,539,404,258.37956575549856
291,505,552,261.02107194630855
28,121,209,263.2128416320146
302,350,675,266.101484400219
107,414,187,266.5520587052368
113,422,191,267.22649569232465
60,316,153,267.30132809247317
122,435,197,269.3640659033792
280,536,507,270.085171751431
306,350,680,270.9335711941213
65,322,150,271.1180554666177
304,347,681,271.15493725912495
312,361,679,272.98534759213726
309,345,685,274.5632896073326
125,443,196,274.8235797743709
155,470,218,275.17449009673845
321,470,618,275.17449009673845
316,364,681,275.7861490358064
61,321,144,276.90431560378397
25,129,184,279.03404810166086
27,177,159,279.1003403795846
26,160,166,279.54427198567316
185,515,265,279.5800422061632
317,351,689,279.8946230280246
301,534,539,280.4460732476032
320,361,687,280.6439024814186
318,349,691,281.3414295833445
203,535,296,281.7800560721074
202,535,292,283.53483031190365
187,520,263,284.8613697923957
314,530,557,285.1701246624548
326,494,608,285.4277491765648
111,426,172,285.55384781158176
56,321,135,285.8128758471178
34,220,138,286.56761854752534
67,331,135,287.3830196793123
64,328,133,288.84944175123485
91,405,157,288.95847452532
126,451,184,289.2334697091607
328,368,694,289.3872837565604
57,323,131,290.05689097140925
330,502,606,290.1465147128257
329,368,695,290.34117861577954
33,215,135,290.5942188000305
30,206,136,291.8030157486382
313,297,710,292.43802762294786
24,138,162,293.2319900692965
118,438,170,293.51831288694746
288,569,482,295.0254226333724
305,277,713,295.0271173977063
22,134,162,295.2033197645311
21,135,161,295.5757094214611
334,511,604,295.79722784367
139,470,190,296.150299679065
289,571,480,296.5535364820322
32,217,128,296.97811367169805
340,468,650,297.9815430525857
43,293,118,300.2399040767233
29,206,127,300.5095672353877
341,490,634,300.56114186634306
311,274,719,301.0813843464919
18,131,153,304.50779957170226
343,507,624,305.7973184970725
300,578,491,305.83982736066275
192,543,260,305.9542449452205
17,129,152,306.36579443534487
347,485,647,306.68713699795103
322,280,726,308.00162337234525
319,275,726,308.05843601498725
273,589,426,308.1038785864274
103,428,147,308.3018001893599
16,109,162,308.41530441921975
324,285,727,309.02588888311607
325,289,727,309.1035425225664
106,430,147,309.2604080706096
15,100,167,309.4543585086499
257,588,375,309.99677417676463
272,591,421,310.01451578918045
14,106,162,310.09837148879063
350,492,647,311.3872187486185
331,303,729,311.77716401301745
13,110,157,312.0288448204749
327,286,731,313.0399335548102
10,114,150,315.77365311247866
278,597,432,316.30997455028194
279,598,431,317.26644953414154
223,585,327,317.3279061160553
354,511,638,318.27660925679095
7,109,150,318.44622779992227
290,599,447,319.3195891266303
292,599,449,319.50743340335606
356,499,654,321.27869521647403
332,278,740,322.0139748520241
362,490,666,324.32237048961025
97,425,127,324.6798423062325
359,516,645,326.73230633042704
236,597,324,329.6846978553903
283,611,423,330.037876614185
286,611,426,330.0969554539999
245,600,332,330.3891644712338
357,554,608,332.60938050512044
174,521,187,333.1080905652098
364,424,721,335.0492501110844
252,606,331,336.44316013258464
307,616,453,336.82339586198583
368,424,723,336.85902095683883
248,606,327,337.4996296294264
212,579,257,338.71079108879894
367,528,650,338.87018163302594
11,161,101,338.9527990738533
310,621,451,341.5977166200032
8,158,99,341.891795748304
254,611,328,342.0526275297414
4,149,102,342.4616766880639
262,614,337,342.70978976387585
315,622,454,342.8950276688188
12,167,94,343.47052275268106
348,602,543,344.479317231093
370,382,748,345.1101273506763
9,164,93,345.418586645247
255,615,327,346.1748113309228
284,628,400,347.4665451521916
6,157,93,347.85198001448833
2,143,96,350.32556286973977
336,624,490,350.47539143283655
3,146,94,351.0
19,190,79,351.00142449853394
303,632,423,351.03561072916807
23,200,75,352.4343910573995
35,260,65,353.62409420173844
5,162,84,354.565931809586
358,612,551,356.72117963473937
308,638,422,357.0224082603219
201,573,210,358.5080194361069
177,536,164,359.9180462271932
20,199,67,360.4511062543712
196,571,200,362.8002205070995
198,574,200,365.20268345125834
323,649,431,368.229547972457
375,580,634,368.8590516715023
335,648,455,368.8604072003391
333,651,449,371.29637757457317
380,485,731,373.6107600163571
385,505,725,380.0328933131973
386,472,748,381.2886046028651
361,652,508,381.7603960601466
181,545,140,383.3797073398643
0,136,63,383.4709897762802
1,138,62,383.6469731406726
376,622,596,384.6621894597908
264,645,292,385.19086178153293
389,484,747,386.58763560155415
390,470,758,389.0
180,547,131,391.3118960624632
179,546,130,391.3681131620204
392,541,713,393.2238548206352
378,634,596,395.33909495520425
394,482,760,396.69257618463195
215,614,201,397.46446382035214
395,465,771,398.07662578955825
393,568,695,398.87090643465086
396,467,771,399.0050124998432
381,631,613,400.65571255131255
363,677,479,400.67068772247364
241,640,240,400.7056276120913
384,627,621,401.15458367068425
377,656,561,401.340254646852
219,618,198,402.4537240478711
383,641,604,405.2110561176731
399,477,773,405.51325502380314
400,477,774,406.3889762284405
387,639,611,406.70997037200846
281,673,309,406.8722158122867
382,647,597,407.4272941274308
401,557,719,408.3833982913605
388,638,618,409.20532743355136
402,559,719,409.7377209874629
373,680,512,409.923163531899
372,681,508,410.0
374,680,523,412.58453679215853
403,480,782,414.8457544678504
213,617,171,417.0191842109905
190,585,131,418.07296013973445
344,700,398,419.47705539159114
352,701,417,420.0011904745033
351,701,414,420.01904718714843
404,587,710,422.965719651132
189,585,123,423.60476862282843
405,599,719,437.86413417862855
271,683,243,438.43927743759457
371,720,433,439.2561894839958
391,700,553,440.21131289415996
274,688,240,444.2217914510723
337,720,338,446.22976144582736
379,726,482,449.5786916658751
345,727,350,451.1540756770352
276,695,234,453.04745888262084
349,731,353,454.6702101523697
406,661,669,455.4129993752923
346,731,346,455.72360044219784
338,730,326,458.3284848228397
355,738,361,460.5409862324959
247,669,168,461.5668965599678
339,733,324,461.6708784404752
408,675,660,462.3851208678757
342,735,327,463.0302365936808
409,675,665,465.02150487907545
224,658,144,466.0525721418132
407,702,628,470.468915019898
239,668,143,474.75677983573866
238,668,142,475.3367227555641
411,704,635,475.41350422553205
365,754,364,476.07247347436504
366,755,364,477.06603316522126
369,756,363,478.17360864020924
412,710,632,479.41318296434025
220,643,99,482.49870466147365
410,722,614,482.59403228800915
360,758,331,484.86905448791015
397,763,492,487.64741360946437
295,723,211,488.0706916011245
398,765,489,489.17992599860435
413,688,693,491.19649835885434
258,687,134,495.4714926209176
261,689,134,497.11165747747253
414,724,658,503.83429815763833
415,705,711,515.3882032022076
297,737,165,521.4834609074386
298,738,164,522.8431887287048
299,741,166,524.5035748209921
353,781,246,528.7570330501525
269,714,114,529.0604880351584
