256,453,506,12.165525060596439
275,473,514,18.439088914585774
273,474,511,20.248456731316587
274,475,511,21.18962010041709
249,462,493,25.96150997149434
254,467,492,28.635642126552707
265,478,496,31.827660925679098
280,491,509,37.107950630558946
278,492,506,38.897300677553446
287,452,563,45.09988913511872
266,415,550,51.22499389946279
284,508,507,54.12947441089743
239,458,460,58.077534382926416
308,504,551,59.07622195096772
236,456,458,60.00833275470999
235,457,457,61.032778078668514
251,490,468,61.032778078668514
283,413,583,77.38862965578342
298,536,507,81.74350127074322
321,534,539,81.74350127074322
281,403,582,82.46211251235322
334,530,557,84.53401682163222
296,429,599,85.07055894961546
205,390,457,89.1403387922662
282,534,474,90.4267659490264
352,494,608,98.08669634563088
355,501,607,100.18482919085105
344,470,618,101.11874208078342
359,510,604,102.08329931972223
241,496,422,104.38869670610895
219,350,509,105.38500842150178
305,418,617,105.6882207249228
220,348,512,107.16809226630845
228,486,414,108.52188719332152
328,442,626,108.77959367454909
230,487,414,108.81176406988355
242,507,418,112.71202242884297
340,450,631,113.11056537742175
337,443,631,113.63538181394033
372,507,624,118.06777714516353
307,569,482,119.54915307102765
302,570,479,121.43310915891102
368,492,634,121.75795661885921
320,578,491,125.92855117089213
227,497,399,126.19429464123962
247,345,580,126.26955294131677
246,344,580,127.1416532848303
380,511,638,132.4235628579748
374,485,647,132.4424403278647
384,554,608,133.79461872586654
369,470,651,133.843191832831
377,492,647,134.2013412749664
386,517,643,139.5313584826006
216,314,524,141.12760183606892
245,539,403,142.41137595009747
383,499,654,142.9405470816451
209,308,522,147.05441169852742
218,307,533,148.75819305167698
185,417,374,148.92951352905172
217,485,372,149.05032707109368
375,602,543,149.11069713471264
393,528,650,150.8409758653132
388,490,666,152.08221460775746
207,300,524,155.11608556174951
202,298,521,157.0286598045083
210,485,363,157.87653403846943
199,297,512,158.11388300841898
382,611,549,159.05030650709227
215,295,534,160.79800993793424
176,307,455,160.85086260259843
311,600,448,161.01242188104618
310,600,446,161.8919392681427
291,589,426,162.5423021862309
240,301,576,164.5600194457937
289,591,421,167.0478973228936
295,597,430,167.05687654209268
297,598,431,167.38578195294843
170,314,424,169.4609099468075
232,295,574,169.51696080333673
401,577,636,169.72919607421701
362,623,491,170.1558109498468
327,616,453,173.62603491412224
309,353,659,174.0258601472781
158,327,400,174.0919297382851
161,321,406,174.64249196572982
157,321,404,175.93180496999398
333,621,453,178.27226368675525
163,307,418,178.61690849412886
168,301,427,178.87705274852894
160,308,416,178.92177061498134
303,346,660,179.0111728356641
330,621,451,179.0111728356641
312,351,664,179.25400971805345
159,307,416,179.74426277353055
304,611,426,181.10770276274835
147,322,394,181.8378398463862
402,620,596,182.50753409106156
198,272,516,183.0109286354233
150,305,412,183.6736235827017
259,299,615,183.69812192834198
164,294,429,183.96195258802837
260,299,616,184.22811946062956
301,613,422,184.87833837418594
140,322,389,185.28356645962967
329,360,678,186.07794065928394
194,269,509,186.21761463406193
336,363,680,186.30083198955393
196,268,514,187.04277585621958
319,350,673,187.21645226849054
267,299,622,187.48866632412745
146,302,409,187.85632808079689
143,304,405,188.6001060445089
404,625,600,188.74321179846442
166,284,438,188.7882411592417
193,266,509,189.21416437465774
167,283,439,189.274932307477
165,282,438,190.60167890131504
144,296,412,191.09421759959145
151,288,425,191.14915641979695
156,285,430,191.42622599842477
323,350,679,192.21342304844373
155,283,431,192.75113488641253
350,368,690,192.75113488641253
137,300,403,193.00259065618783
342,361,687,193.38303958723992
141,293,412,193.59752064528098
152,283,429,193.6620768245554
134,307,392,194.3707796969493
351,368,692,194.5379140424817
271,587,375,194.60986614249546
136,299,401,195.0
145,287,419,195.0
407,634,596,195.25624189766637
153,279,433,195.45076106272904
324,347,681,195.5326059765992
317,626,423,195.616972678753
354,368,694,196.32880583347927
135,296,402,196.81717404738845
248,283,614,196.9771560359221
387,652,508,197.25364381932212
148,277,431,198.12369873389704
149,276,432,198.58751219550538
411,631,613,200.0024999843752
338,351,689,200.14244927051334
322,631,422,200.47942537826668
415,627,621,200.48191938426766
138,281,417,201.1889659002203
131,297,393,201.4671189052943
206,255,546,201.9504889818294
339,349,691,202.89159667172024
361,648,454,203.3346994489627
132,284,407,203.86760409638407
128,297,388,204.60694025374605
413,641,604,204.91949638821583
403,656,561,205.54804791094466
392,424,722,206.34194920083507
300,316,671,206.71236053995418
326,638,421,207.1183236703117
412,647,597,207.6174366473105
360,651,449,207.79076014106113
395,424,724,208.31946620515328
358,651,447,208.4634260487916
419,638,618,208.54016399725018
306,629,401,209.67832506007863
426,568,695,209.99523804124703
414,505,722,210.03809178337153
346,648,430,212.11553455605272
417,506,724,212.2192262732102
418,505,726,213.92522057952868
410,484,730,213.974297521922
425,542,714,214.44113411377026
125,341,335,215.60380330597138
250,266,624,216.69563908856125
154,245,454,219.5358740616212
133,392,305,222.12158832495322
398,679,510,224.1428116179504
400,680,521,225.01999911119012
130,385,304,225.15772249691992
389,677,479,225.39964507514205
436,550,723,225.94247055390008
399,681,508,226.2211307548435
437,552,723,226.7906523646863
169,230,474,229.26185901715095
292,285,672,229.38177782901587
416,471,747,229.55827146935917
420,483,746,229.71286424577966
111,296,352,229.86300267768192
122,362,306,231.50161986474308
243,585,326,231.87065359807826
439,587,710,232.99785406737118
121,359,305,233.63432966925043
118,357,304,235.3720459187964
119,361,302,235.5674001214939
261,600,332,235.84104816592043
409,438,754,236.61149591682988
214,534,294,237.52263050075882
253,596,325,239.0188277102873
421,470,757,239.47024867402632
212,534,291,240.35390573069537
264,605,330,240.5077961314352
104,316,321,241.1016383187804
396,382,748,241.306858584666
277,614,336,241.67126432408136
427,482,759,242.5077318355025
263,606,327,243.47895186237352
440,598,717,245.05101509685693
422,461,763,245.073458375239
269,611,328,245.8373446000424
124,385,282,246.16254792311523
424,700,553,247.48737341529164
114,239,397,247.58230954573472
332,297,710,248.65236777477105
99,318,310,249.06424873915566
97,316,311,249.33912649241395
270,615,326,249.92798962901293
177,204,511,251.09759058979438
174,204,508,251.19912420229494
192,204,536,251.6445906432324
335,294,712,252.10513679812237
441,649,679,252.10513679812237
428,463,771,253.12645061312736
430,467,771,253.28442510347926
173,201,509,254.159398803192
434,477,772,254.95097567963924
442,661,669,255.41534801182172
435,477,773,255.9472601924076
190,198,537,257.70137756713683
405,712,497,257.8565492672234
183,197,524,258.0697580112788
108,360,277,259.04825805243314
92,316,299,259.38774065094134
406,714,497,259.8499567057882
195,515,265,260.0173071162764
98,341,284,260.2921435618063
345,292,721,260.3420826528051
356,302,729,260.6338427756457
444,675,660,261.8472837361503
211,199,574,262.0534296665472
88,283,319,263.0304164920856
197,520,263,263.1539473388153
325,277,713,264.02462006411446
112,376,266,264.09278672466615
445,675,665,264.592138961081
438,480,782,265.18107021429716
378,700,416,265.3846265328872
191,190,540,265.91163945942645
376,700,413,266.5520587052368
349,289,727,266.9026039588224
449,670,681,269.80363229578654
175,185,518,270.0
178,185,519,270.0018518455012
443,702,628,270.38676003088614
347,283,727,270.675081970986
331,273,719,271.15493725912495
189,184,538,271.7370052090808
181,183,524,272.06616842231597
353,286,732,272.6847997230502
370,699,396,272.80029325497435
343,278,726,273.11719096387907
408,726,482,273.3806869550225
109,376,256,273.6512378923216
204,543,258,274.4886154287642
341,275,726,275.0708999512671
447,704,635,275.118156434649
188,180,536,275.5884612969128
101,206,398,276.40730815229904
397,720,433,278.29840100151495
448,710,632,279.3223943761044
94,205,387,282.24280327406046
93,206,385,282.29417280560364
446,722,614,283.73403038761495
357,278,740,283.9242856819402
100,192,405,286.2481440987871
91,354,250,286.40006983239374
102,190,407,287.30819688968154
171,168,502,287.4456470360962
180,167,528,288.17355881482257
225,579,257,288.95847452532
172,166,504,289.33890163612637
279,644,294,293.0818998164165
162,470,219,299.3760177435728
451,645,752,301.4232904073605
299,673,309,302.00165562460086
450,724,658,303.2507213511618
89,177,392,305.2212312405544
79,280,267,305.9836596944353
120,421,212,307.8830946966722
433,763,491,309.1811766586058
432,763,488,309.45758998609165
81,202,336,311.66167553935793
367,722,350,315.45681162403196
452,705,711,315.83065082414026
373,725,352,316.9479452528443
363,719,338,319.52464693666434
366,724,344,320.3700984798675
381,737,360,323.24603632527345
123,435,195,323.6186026791414
126,443,194,324.2221460665511
76,197,318,326.44141894067303
113,421,192,327.76821078316914
142,470,189,329.34176777323586
213,573,209,330.76426651015373
86,161,365,331.42872536942235
107,414,187,333.52960888053104
257,640,240,333.9296333061802
364,730,326,335.393798392278
390,753,363,335.90028282214945
127,451,182,336.0238086802779
391,754,364,336.3287082602376
203,567,200,337.146852276571
65,239,258,338.0177510131679
394,756,363,338.5646171707847
365,732,323,338.7535977668724
371,735,327,338.940997815254
179,520,185,339.284541351356
208,573,199,340.1249770305027
61,245,248,342.0526275297414
87,133,402,342.257213218363
60,243,248,343.28413887041154
85,351,188,346.0
57,227,257,346.5616828213991
83,350,187,347.25494956875707
117,438,170,348.4149824562658
110,427,170,349.12461958446875
423,790,415,350.47681806362027
139,102,495,353.74849823002785
385,756,330,354.8873060564438
96,111,428,355.5784020437687
231,613,199,355.9845502265513
288,683,243,357.22401934920333
233,616,198,358.2192066319169
56,207,257,360.0347205478938
429,800,415,360.04721912549195
129,96,482,360.80049889100763
55,208,255,360.8018846957427
294,692,245,361.52178357603844
73,143,334,362.2154055254967
54,208,253,362.26233588381774
53,227,236,362.6403176702778
431,803,416,362.6403176702778
290,687,238,363.6261816756324
285,682,233,364.3542232498479
90,405,157,364.44615514503647
182,535,162,364.87806182339875
52,241,220,366.87872655688284
51,243,215,369.80129799664036
50,240,217,369.89998648283296
293,693,234,370.5401462729781
258,653,204,371.2142238654117
49,206,242,371.7216700704978
105,430,145,373.8368628158545
103,428,145,373.9759350546503
48,206,238,374.70121430280955
67,128,331,376.6935093680272
66,128,329,377.69034936042516
46,228,213,380.2025775820043
316,717,241,381.27811371753296
229,617,172,382.04711751301045
42,206,228,382.2316051819891
223,603,165,382.7701660265596
41,219,215,384.0637967838156
40,215,217,384.96882990704586
222,602,160,387.0051679241506
45,155,270,389.2351474366106
187,546,139,389.7717280665698
44,154,270,390.00641020372984
63,316,153,390.5713763193611
68,322,150,391.29656272448904
224,614,156,395.37956446938426
221,604,150,397.0201506221063
95,424,122,397.2115305476416
64,321,144,397.28075714788906
226,617,155,397.5084904753608
186,547,131,397.7851178714458
234,628,159,398.5097238462319
184,546,130,398.5285435197835
238,631,159,399.82121004268896
43,124,283,405.93841897509526
62,325,132,407.3033267725664
58,320,133,407.98284277650697
116,49,464,409.5753898856717
314,725,210,409.59003894137857
201,586,129,410.4655893007354
59,323,129,410.78583227759935
115,47,464,411.5580153514204
262,669,166,411.9465984809196
106,48,454,412.0012135904456
348,749,224,415.77878733768995
200,583,121,417.1246816001182
80,59,386,417.42065114222606
71,71,353,417.9485614283174
70,70,353,418.86752082251496
72,68,357,419.15390967996467
77,56,380,422.19071519871204
74,59,367,423.81245852381454
75,57,372,423.9339571206817
379,780,245,424.4455206501772
244,658,144,425.54083235337123
84,47,397,425.5643312120977
69,61,352,427.5418108208833
82,43,397,429.4007452252499
78,45,387,430.4195627524381
47,292,119,431.010440708807
252,666,139,433.7764401163346
255,667,138,435.13676011111727
39,87,278,439.3449669678714
35,220,138,446.79413604030213
31,123,214,450.15552867870014
272,687,132,450.35541520003954
276,689,132,451.38896752136066
313,737,165,451.8108011103763
34,215,135,451.9834067750718
315,738,164,453.21628390868744
318,741,164,455.095594353538
28,177,157,455.6369168537598
29,121,208,455.692879031481
32,206,136,455.98793843697223
33,217,128,456.88510590738235
27,160,166,459.2700730507051
237,642,97,460.66256631074333
30,206,127,463.5536646387341
38,277,89,464.4620544242554
26,129,183,467.44090535596047
37,274,87,467.463367548731
24,138,161,477.42852868256625
23,135,161,479.4256981013846
22,133,161,480.7629353433977
286,714,112,481.57761575887224
19,131,153,488.05839814514
18,130,152,489.47012166219093
36,262,66,491.4804167004012
16,107,162,497.83531413510633
17,100,167,499.225399994832
15,107,160,499.26746339011515
14,110,157,499.3455717236311
11,114,150,501.70210284590195
8,109,150,505.11384855297723
12,161,101,510.22054055084845
13,167,94,512.5621913485231
25,201,72,513.2562712719641
9,158,99,513.5854359305762
20,188,78,514.6736830264396
10,164,93,515.0786347733713
5,149,102,516.4223078063146
7,157,93,519.065506463298
21,198,64,521.6943549627501
6,162,83,524.4749755708083
4,146,94,524.64940674702
3,143,95,525.6167805540458
2,146,84,532.763549804226
1,139,62,554.7900503794206
0,136,62,556.5042677284695
