11,114,150,5.0
14,110,157,7.0710678118654755
15,107,160,10.198039027185569
16,107,162,12.165525060596439
17,100,167,19.235384061671343
18,130,152,21.095023109728988
19,131,153,22.20360331117452
22,133,161,26.40075756488817
23,135,161,28.231188426986208
24,138,161,31.016124838541646
26,129,183,38.58756276314948
27,160,166,53.45091205957107
29,121,208,59.22837157984339
5,149,102,62.48199740725323
3,143,95,64.66065264130884
31,123,214,65.5133574166368
4,146,94,67.11929677819934
28,177,157,68.3593446428504
9,158,99,70.7248188403477
12,161,101,71.449282711585
7,157,93,74.51845409024533
2,146,84,75.66372975210778
10,164,93,79.20858539325141
13,167,94,80.62257748298549
6,162,83,85.42833253669417
0,136,62,92.04890004774636
1,139,62,92.97311439335567
32,206,136,98.00510190801293
30,206,127,99.68951800465283
20,188,78,106.88779163215975
34,215,135,107.05606008068857
33,217,128,110.21796586763884
35,220,138,111.64676439557037
25,201,72,120.61509026651682
21,198,64,123.76186811776881
42,206,228,124.47088012864695
40,215,217,125.39936203984452
41,219,215,127.76932339180638
44,154,270,128.16005617976296
45,155,270,128.51459061133875
39,87,278,129.87686476043376
48,206,238,130.96946208945045
49,206,242,133.6899397860587
43,124,283,133.843191832831
46,228,213,134.6476884316994
54,208,253,142.86357128393507
55,208,255,144.31216164966833
56,207,257,145.09651959988565
53,227,236,146.01369798755184
50,240,217,147.13938969562162
51,243,215,148.93287078412206
52,241,220,149.41218156495808
57,227,257,159.28904544883179
60,243,248,166.01204775557707
61,245,248,167.6305461424021
65,239,258,169.00887550658396
36,262,66,174.54225849346628
37,274,87,176.61823235442031
38,277,89,178.7316424139833
66,128,329,180.00555546982432
67,128,331,181.99450541156455
47,292,119,185.60711193270586
73,143,334,187.11493793922494
76,197,318,189.65231345807516
71,71,353,206.52602741543257
70,70,353,206.71236053995418
63,316,153,207.02173798903343
79,280,267,207.1955597979841
69,61,352,207.62466134830902
81,202,336,207.95432190748045
72,68,357,211.0213259365034
58,320,133,211.68372634664195
64,321,144,212.08488866489287
68,322,150,213.0
59,323,129,215.02790516581794
62,325,132,216.74870241826133
86,161,365,221.19900542271884
74,59,367,222.6858774148015
75,57,372,228.00877176108818
77,56,380,236.02754076590298
80,59,386,241.23847122712414
88,283,319,242.5633937757303
83,350,187,243.82370680473218
85,351,188,244.96530366564158
78,45,387,245.48930730278255
89,177,392,251.372233947984
87,133,402,253.14027731674784
93,206,385,254.23217734976035
84,47,397,254.6625217812782
92,316,299,255.04901489713697
82,43,397,255.66579747787932
94,205,387,255.70490804832042
97,316,311,262.2403477728017
99,318,310,263.2128416320146
91,354,250,264.62237244798484
101,206,398,266.29494925739766
98,341,284,267.9178978717174
100,192,405,268.1678578800972
104,316,321,268.49581002317336
102,190,407,269.462427807663
111,296,352,275.26895938336384
96,111,428,278.0071941515183
114,239,397,279.12183719659055
108,360,277,281.30055101261354
109,376,256,287.2716484444645
112,376,266,291.10994486619654
118,357,304,291.92464781172555
121,359,305,294.15132160165456
119,361,302,294.29237163066256
90,405,157,296.08275870100914
125,341,335,296.73051747334654
122,362,306,297.22886804615734
128,297,388,303.29523570277195
124,385,282,305.9411708155671
131,297,393,307.23443817384793
107,414,187,307.23606559126483
106,48,454,310.0596716762759
132,284,407,310.92442811718735
134,307,392,312.6787488781417
135,296,402,313.80407900471914
136,299,401,314.80311307228203
113,421,192,314.81423093627774
130,385,304,316.0569568922665
95,424,122,316.2419959461425
137,300,403,317.00157728314224
138,281,417,317.60510071470827
120,421,212,318.10061301418455
110,427,170,318.62831010442244
103,428,145,319.03918254659567
116,49,464,319.6810910892291
115,47,464,320.0624938976762
140,322,389,320.14059411452337
141,293,412,320.1562118716424
143,304,405,321.01401838549043
105,430,145,321.0389384482823
144,296,412,321.88973267254113
145,287,419,322.56007192459515
133,392,305,322.6670110191
146,302,409,323.00154798390673
147,322,394,323.8904135660702
150,305,412,327.2002444986862
148,277,431,327.3912033027155
149,276,432,327.7392256047481
151,288,425,328.1249761904753
152,283,429,328.81149614938954
123,435,195,329.0911727773931
117,438,170,329.607342151233
153,279,433,330.13482094441355
155,283,431,330.5102116425452
156,285,430,330.7204257375102
157,321,404,330.84739684634064
159,307,416,331.602171283603
158,327,400,331.6986584235758
160,308,416,332.20024081869656
129,96,482,332.2544205875973
161,321,406,332.38531856867564
154,245,454,333.0345327439784
163,307,418,333.208643345277
164,294,429,334.7626024513491
165,282,438,335.96577206614364
126,443,194,336.88573730569243
166,284,438,337.0
168,301,427,337.0356064275702
167,283,439,337.33810932060436
170,314,424,342.20023378133453
127,451,182,343.49381362697056
139,102,495,345.0710071854777
169,230,474,345.8569068270865
171,168,502,356.91035288990986
172,166,504,358.5596184736926
142,470,189,363.10053704174
176,307,455,363.633056803146
162,470,219,367.535032343857
174,204,508,370.3903346471125
173,201,509,370.600863463646
177,204,511,373.2907713833815
175,185,518,375.7658845611187
178,185,519,376.7452720340363
185,417,374,380.8411742445924
181,183,524,381.25057377006004
180,167,528,382.42384862871717
183,197,524,384.2134823246056
193,266,509,391.8290443548053
188,180,536,392.4754769409167
194,269,509,393.04071035962676
189,184,538,395.1822364428847
190,198,537,397.10200200955927
196,268,514,397.2115305476416
192,204,536,397.51855302614496
191,190,540,398.32273347123936
198,272,516,400.65571255131255
199,297,512,407.9068521120968
179,520,185,412.4875755704649
205,390,457,416.18505499356894
202,298,521,416.36762602296545
207,300,524,419.9488064038282
209,308,522,421.882685115187
195,515,265,421.97274793521916
206,255,546,422.05686820616955
182,535,162,426.1689805699143
197,520,263,426.2510997053263
216,314,524,426.4985345813043
215,295,534,426.6755207414646
218,307,533,431.1531050566608
210,485,363,432.1400236034612
219,350,509,432.39102673390437
211,199,574,433.44665185002873
220,348,512,433.7798981050182
217,485,372,436.6463099580712
187,546,139,437.13842201298206
184,546,130,437.4574264999967
186,547,131,438.41190677261494
204,543,258,447.2359556207439
212,534,291,447.7789633290068
214,534,294,448.73265983210985
228,486,414,460.2445002387318
203,567,200,460.7211738134031
227,497,399,461.02602963390257
230,487,414,461.06398688251505
232,295,574,463.00323972948615
236,456,458,463.97521485527653
235,457,457,464.06141834890775
208,573,199,466.58011102060493
239,458,460,466.79867180616526
240,301,576,467.26865933850087
213,573,209,467.736036670257
241,496,422,473.0253692985187
200,583,121,474.8863021819012
201,586,129,477.4620403759863
242,507,418,479.82079988262285
225,579,257,482.02593291232785
246,344,580,490.02550954006466
247,345,580,490.50586133093253
249,462,493,492.19711498544973
222,602,160,493.1014094484014
223,603,165,494.2276803255763
221,604,150,495.0
256,453,506,495.04747247107525
254,467,492,495.1040294725948
248,283,614,495.5522172284168
251,490,468,496.2710952695109
245,539,403,498.9078071147013
250,266,624,499.3245437588663
259,299,615,502.3196193659969
260,299,616,503.24546694431336
266,415,550,503.6228747783405
224,614,156,505.03564230656036
268,455,518,505.11384855297723
265,478,496,505.8428609756196
231,613,199,506.3763422593911
243,585,326,507.49581279060817
226,617,155,508.02460570330646
229,617,172,508.47615479980965
267,299,622,508.8064465000419
233,616,198,509.2671204780454
273,474,511,513.3673148925631
274,475,511,514.0787877358878
275,473,514,514.7737367038065
253,596,325,517.4881641158569
234,628,159,519.0780288164776
238,631,159,522.0775804418344
281,403,582,522.5514328752721
278,492,506,522.9005641611031
261,600,332,523.6458727040632
280,491,509,524.218465909014
263,606,327,527.5774824611074
264,605,330,527.6514000739503
271,587,375,528.3076755073695
283,413,583,529.0604880351584
269,611,328,532.6236945536689
282,534,474,534.4165042361623
284,508,507,535.3970489272424
237,642,97,535.6286026716647
270,615,326,535.7350091229805
287,452,563,536.8593856867923
277,614,336,538.1644730005875
257,640,240,538.5731148135785
258,653,204,546.6735771920937
244,658,144,549.0327859062699
292,285,672,550.8720359575352
296,429,599,551.3628569281758
289,591,421,552.9602155670876
291,589,426,553.6930557628477
279,644,294,554.0406122298256
298,536,507,556.5770386927582
252,666,139,557.1086070058512
255,667,138,558.1290173427645
305,418,617,559.9732136450814
262,669,166,560.2285248003711
300,316,671,560.6157329222932
303,346,660,562.3779867669075
295,597,430,562.6224311205517
308,504,551,562.8729874492113
297,598,431,563.9875885159177
309,353,659,564.4616904626921
302,570,479,566.3585436805911
307,569,482,567.2953375447396
312,351,664,568.1197056959035
301,613,422,572.7128425310541
304,611,426,572.8699677937394
310,600,446,573.3210269997081
311,600,448,574.3561612797412
319,350,673,575.8558847489535
321,534,539,576.147550545865
306,629,401,577.4088672682469
272,687,132,578.280208895307
285,682,233,578.9801378285787
320,578,491,579.8637771063131
276,689,132,580.2792431235155
328,442,626,580.9173779462963
323,350,679,581.3105882400561
288,683,243,581.4851674806504
324,347,681,581.8977573423015
329,360,678,584.6238106680227
317,626,423,584.6520332642315
290,687,238,584.6605852971448
334,530,557,585.5681002240474
337,443,631,585.5911543047761
299,673,309,585.9837881716525
325,277,713,587.5312757632568
336,363,680,587.7210222546067
322,631,422,588.6153242993254
340,450,631,589.6117366538763
293,693,234,590.0101694038841
327,616,453,590.642023564189
294,692,245,590.6894277029173
332,297,710,590.714821212402
338,351,689,590.8341560878146
344,470,618,591.0541430359827
335,294,712,591.666291079693
339,349,691,591.8454190073621
331,273,719,592.1629843210397
342,361,687,593.1888400838303
330,621,451,593.923395733827
326,638,421,594.3753023132775
333,621,453,594.9394927217389
352,494,608,598.3218197592329
350,368,690,598.8998246785517
341,275,726,599.4430748619922
345,292,721,599.6082054141688
343,278,726,600.2807676412764
351,368,692,600.703753941991
355,501,607,602.0905247552065
354,368,694,602.5089210957793
347,283,727,602.6649151891953
349,289,727,604.4245196879425
359,510,604,605.7367414974924
286,714,112,606.1922137408233
346,648,430,607.3886729269817
353,286,732,608.3198172014454
356,302,729,610.3195884124972
357,278,740,613.7271380670729
316,717,241,614.772315577076
362,623,491,616.8281770477091
368,492,634,617.2074205645943
369,470,651,617.5127529047477
358,651,447,618.0396427414669
361,648,454,618.8190365526904
314,725,210,618.9151799721833
372,507,624,618.9345684319143
360,651,449,619.0032310093382
374,485,647,623.2054235964254
377,492,647,627.4535839406768
313,737,165,628.1791145843675
315,738,164,629.1557835703333
375,602,543,630.474424540758
318,741,164,632.1550442731593
380,511,638,632.2562771534973
383,499,654,637.2723122810216
363,719,338,638.3134026479469
384,554,608,638.5835888902877
370,699,396,639.2307877441449
386,517,643,639.9320276404362
382,611,549,641.2526803062892
388,490,666,641.4179604594807
348,749,224,644.2639210758274
367,722,350,644.8015198493255
366,724,344,644.8728556855219
364,730,326,645.4587515868075
365,732,323,646.5740483502257
376,700,413,646.8771135231173
378,700,416,648.1026153318624
373,725,352,648.2746331609775
387,652,508,650.3944956716654
371,735,327,650.5420816519097
393,528,650,652.3503659844149
392,424,722,653.0
395,424,724,654.752625042466
389,677,479,656.4030773846205
396,382,748,657.3682377480676
381,737,360,662.18124407144
385,756,330,671.5720363445756
397,720,433,673.3572603009491
398,679,510,674.1661516273269
401,577,636,674.6999333036872
399,681,508,674.794783619435
379,780,245,677.691670304424
402,620,596,678.2602745259375
390,753,363,678.3104009227634
391,754,364,679.5741313499212
400,680,521,680.9419945927847
394,756,363,681.1593058895987
403,656,561,684.2002630809199
404,625,600,684.6575786478961
409,438,754,687.791392792902
407,634,596,688.8693635225768
410,484,730,690.6699645995908
414,505,722,695.7010852370435
405,712,497,695.7140217071955
406,714,497,697.4482059622779
411,631,613,697.7485220335476
417,506,724,697.9147512411527
416,471,747,698.1783439780985
418,505,726,698.9935622021136
413,641,604,699.3854445153974
412,647,597,699.466225060224
415,627,621,700.1178472228801
408,726,482,700.6518393610338
420,483,746,703.6277424888817
421,470,757,706.2365042958343
419,638,618,706.3037590159067
422,461,763,706.8755194516217
425,542,714,711.0450056079433
426,568,695,712.5349114253981
427,482,759,714.1498442203849
428,463,771,714.8125628442746
424,700,553,715.3251009156606
430,467,771,716.8019252206288
434,477,772,722.7087933600919
436,550,723,723.0560144276513
435,477,773,723.5696234641142
437,552,723,724.2775711010248
423,790,415,730.7434570353676
438,480,782,732.8471873453565
432,763,488,736.1793259797506
439,587,710,736.2635397736329
433,763,491,737.561522857585
429,800,415,740.0716181559728
431,803,416,743.2307851535753
440,598,717,748.7389398181451
441,649,679,755.9371667010427
442,661,669,757.6707728294658
443,702,628,761.6646243590417
444,675,660,761.876630433038
445,675,665,765.2326443637909
447,704,635,767.6262111210117
446,722,614,768.8075181734372
448,710,632,770.4057372579724
449,670,681,772.4519402525959
450,724,658,797.6772530290682
451,645,752,806.0397012554655
452,705,711,818.4967929075838
