120,360,306,4.242640687119285
121,363,303,6.0
104,344,292,17.029386365926403
105,358,277,26.019223662515376
129,384,307,27.294688127912362
123,385,282,35.0
124,340,336,37.12142238654117
95,319,300,38.118237105091836
98,317,311,40.792156108742276
112,376,266,41.593268686170845
99,316,313,42.20189569201838
102,315,321,45.69463863518345
109,376,256,50.695167422546305
92,354,251,52.08646657242167
89,283,320,75.92759709091287
110,296,349,76.40026177965623
79,280,269,84.17244204607586
178,417,372,91.43850392476902
145,322,394,97.49871794028884
132,309,390,99.36297097007517
133,307,392,102.08329931972223
156,327,401,102.48902380255166
127,297,388,104.04326023342406
119,421,214,109.62207806824317
130,295,394,110.11357772772621
159,321,408,111.0
136,300,403,115.10430052782563
82,350,188,115.2128465059344
143,305,406,115.3819743287486
134,297,402,115.76268828944843
81,350,187,116.21101496846157
135,296,403,117.13667231059623
144,302,409,119.41942890501528
148,305,412,120.7683733433551
157,308,416,123.1665539016173
154,307,416,123.5677951571525
59,245,248,124.77579893553076
141,296,412,124.90796611905904
158,307,418,125.39936203984452
58,244,248,125.67418191498204
140,294,412,125.89678312014172
62,239,258,126.28935030318273
131,284,407,127.06297651164952
107,414,187,129.24782396620841
113,422,191,129.49517365523704
122,435,197,131.60547101089682
142,287,419,135.4843164355196
54,228,258,136.6235704408284
125,443,196,137.27709204379295
137,281,418,137.84411485442533
164,301,429,137.88400922514546
155,470,218,141.40014144264495
152,289,427,141.4213562373095
161,294,430,141.76741515595182
47,241,221,142.0563268566381
199,486,364,142.6954799564443
46,243,216,143.40502083260543
45,240,217,145.2067491544384
48,227,237,145.79437574886077
149,283,429,146.12323566086263
206,486,372,146.2942240828393
151,283,431,147.85127662620977
111,426,172,148.06079832285116
208,486,380,150.23315213360866
114,239,397,150.86417732516887
150,279,433,151.6047492659778
126,451,184,151.64761785138597
146,275,431,152.0131573252789
147,276,432,152.32202729743324
162,284,438,153.47312468311839
91,405,157,153.68799562750502
160,282,438,154.434452114805
163,283,439,154.82893786369524
60,316,153,155.502411556863
118,438,170,155.72411502397438
49,209,254,155.90060936378666
50,208,257,155.93909067324972
211,459,421,155.97435686676192
51,207,258,156.60459763365824
65,322,150,156.95222202950808
42,227,214,157.54681843820268
80,203,337,157.70859202973057
194,392,458,158.90248582070703
74,198,317,159.6151621870554
139,470,190,159.80613254815975
171,307,455,160.0124995117569
185,515,265,162.50538452617502
44,206,242,162.85576440519384
61,321,144,163.0245380303223
38,219,215,163.67040050051813
39,207,230,166.82026255823962
37,215,215,167.05687654209268
187,520,263,167.83622970026465
67,331,135,170.0
103,428,147,171.39719951037708
56,321,135,171.81385275931623
93,206,385,171.82840277439584
106,430,147,172.23530416264836
64,328,133,172.45579143653018
214,487,417,172.90459797240788
57,323,131,175.32826355154492
94,202,388,176.7766952966369
100,207,399,178.08986495586996
203,535,296,178.13758727455584
202,535,292,178.33956375409244
217,457,457,183.61917111238685
218,456,458,183.91846019364124
222,458,461,187.52333188166213
97,425,127,188.67962264113208
153,245,455,188.80677953929515
192,543,260,190.90573590125572
43,293,118,195.757503049053
101,191,408,196.42046736529267
90,177,392,200.80089641234176
174,521,187,200.8780724718355
41,155,270,204.67779557147864
225,509,441,205.2997808084558
86,161,365,205.5723716845238
40,154,270,205.6647757881743
209,350,509,206.11889772653063
231,512,441,207.53072061745462
226,539,404,208.1465829649865
210,348,512,209.19369015340783
233,515,441,209.78083801910984
235,524,431,210.41150158677164
165,230,475,213.80598681982693
237,493,468,213.82469455140114
34,220,138,214.46211786700232
243,521,443,215.62931155109686
72,143,334,216.23366990364843
230,462,493,217.0829334609241
188,297,512,217.44194627532195
246,527,439,217.70622407271685
234,467,492,218.68013169924697
33,215,135,219.97272558205938
184,269,509,224.0089283934906
32,217,128,224.1093483101497
197,308,522,224.4147945212169
205,315,524,224.95555116511352
30,206,136,225.1443981093023
191,298,521,225.84286572747877
240,455,507,226.3183598385248
177,536,164,226.63186007267382
212,579,257,226.71568097509268
250,478,496,227.79376637651873
195,300,524,228.23233776132602
186,268,514,229.00218339570478
223,585,327,229.2596780945136
27,177,159,230.51247254758255
63,128,330,230.58620947489467
29,206,127,231.89868477419185
201,573,210,235.17015116719213
207,307,533,235.3720459187964
251,455,518,236.28161164170183
196,571,200,237.49736840647307
256,474,511,238.64827675891564
259,475,511,239.14012628582432
204,296,535,239.88538930080756
26,160,166,239.95416228938393
198,574,200,240.20407989873945
260,473,514,240.78413569004084
236,597,324,240.91699815496622
257,588,375,241.96074061715052
263,492,507,244.62420158275427
245,600,332,244.72433471152803
88,133,402,244.90202122481554
266,491,510,246.5866987491418
181,545,140,248.82323042674292
248,606,327,250.15395259719563
252,606,331,250.56935167733502
31,122,216,250.5873101336139
249,414,550,253.49161721840034
28,121,209,254.03149411047443
268,509,507,254.40125785852553
169,205,508,255.2038400965001
254,611,328,255.22734963165684
179,546,130,256.2225595063791
180,547,131,256.2888994864975
35,260,65,257.00778198334774
25,129,184,257.18670261115756
168,201,508,257.60628874311277
255,615,327,259.1138745802702
262,614,337,259.2392717163046
24,138,162,260.4649688537789
272,591,421,262.0686932847951
273,589,426,262.58903252040056
21,135,161,263.52988445335757
193,255,546,263.53937087274073
22,134,162,263.8370709358334
176,197,521,270.4144966528237
36,87,280,270.9778588741154
18,131,153,271.2489631316588
280,536,507,271.39823138701547
278,597,432,272.472016911829
279,598,431,272.88275870783775
17,129,152,273.4684625327023
166,168,503,275.17449009673845
170,185,518,275.3343422096125
96,111,428,275.9365869180816
172,185,519,276.1159176867571
215,614,201,276.5013562353718
270,452,563,276.81221071332817
23,200,75,276.82666056577716
167,166,504,277.2760357477725
227,344,580,277.3048863615641
288,569,482,277.46170906991836
289,571,480,277.71388153997634
216,295,574,278.0017985553331
228,344,581,278.30379084734005
221,301,576,278.6844093235214
19,190,79,279.4011453090341
283,611,423,280.9199174141983
175,183,524,281.27744310555727
219,618,198,281.3289889080043
11,161,101,281.46047679914136
290,599,447,281.60255680657446
286,611,426,282.21445746098834
12,167,94,282.4553061990516
292,599,449,282.630500831032
265,403,582,282.766688278517
20,199,67,284.0070421662111
8,158,99,284.98596456667826
9,164,93,285.21746089606785
16,109,162,285.2805636562014
267,412,583,285.3506614676055
190,585,131,285.60112044598145
13,110,157,286.9233347080715
10,114,150,287.1550104037887
55,72,341,287.52217305800957
284,628,400,287.8367592924851
14,106,162,287.89234098878006
52,71,336,287.8975512226528
264,645,292,288.20999288713085
183,190,538,288.294987816299
4,149,102,289.2490276561012
53,70,339,289.2490276561012
291,505,552,289.66359798911566
241,640,240,289.9275771636772
6,157,93,290.0
300,578,491,290.1465147128257
69,71,353,290.33773437154184
189,585,123,290.4892424858449
15,100,167,290.766229125736
71,71,357,291.05325973092965
68,70,353,291.322844967572
7,109,150,291.39835277502857
213,617,171,291.58875149772155
182,180,536,292.60553651631403
5,162,84,293.23369519889764
70,68,357,294.0017006753532
173,167,528,294.49108645254444
301,534,539,295.0
3,146,94,296.98821525441036
2,143,96,297.73310195542587
66,62,352,299.04180309782777
307,616,453,299.3008519867593
303,632,423,300.04166377354994
310,621,451,302.65491900843114
277,429,599,304.63092423455635
315,622,454,305.00163933985664
73,59,368,305.00655730656024
308,638,422,305.15897496223175
314,530,557,307.31905245200795
75,57,372,307.8327467960483
78,59,386,309.3428518650463
76,56,382,311.1944729586308
200,203,574,311.70017645166644
281,673,309,316.0569568922665
128,96,482,316.48380685273617
242,299,615,317.34523787194286
138,105,496,317.4161306550126
84,53,397,318.2011942152323
244,299,616,318.3284467338727
323,649,431,318.8228348158268
287,418,617,319.8702862098948
232,283,616,321.6286678764814
77,46,388,322.4065756153246
85,47,398,324.2298567374695
253,299,623,325.21377584598105
1,138,62,325.64090652127845
336,624,490,325.9723914689709
0,136,63,326.2529693351464
83,44,398,327.099373279742
333,651,449,328.25599766036265
335,648,455,328.3062594590606
87,41,402,331.14498335321343
271,683,243,331.4754892899323
229,265,622,332.00150602068055
326,494,608,334.3560975965595
321,470,618,334.65504627900054
330,502,606,335.9077254247065
274,688,240,336.94213153002994
334,511,604,338.10797092053303
247,669,168,339.9544087079913
224,658,144,340.414453277178
348,602,543,342.96501279285036
276,695,234,344.97101327502867
108,47,455,345.2593228285081
116,50,465,347.1210163617294
239,668,143,349.74419223197975
115,47,465,349.77707186149297
238,668,142,350.202798389733
220,643,99,351.30044121805486
343,507,624,354.31765409022455
358,612,551,355.7091508522096
344,700,398,355.9129106958611
341,490,634,356.72117963473937
285,346,660,357.169427583045
293,353,661,358.0223456713282
361,652,508,359.23529893372114
351,701,414,361.46507438478756
294,347,665,362.1380952067871
352,701,417,362.39757173579403
296,350,666,363.0674868395682
357,554,608,363.0895206419486
340,468,650,364.3212867785795
337,720,338,364.6834243559748
363,677,479,365.20679073642646
347,485,647,367.04223190254277
354,511,638,368.70177650778953
350,492,647,369.5416079415145
282,316,671,370.2769233965303
258,687,134,370.7573330360439
302,350,675,372.0658543860213
261,689,134,372.5385886052611
345,727,350,372.97318938497443
338,730,326,373.7084425056517
275,285,672,375.9587743356976
312,361,679,376.02127599379264
346,731,346,376.46380968162134
339,733,324,376.5859795584536
306,350,680,377.064981137204
359,516,645,377.1538147758816
349,731,353,377.3274440058661
295,723,211,377.385744298854
316,364,681,378.06480925894175
304,347,681,378.1322519965733
356,499,654,378.6357088284199
342,735,327,378.7611384500791
309,345,685,382.1884351991829
372,681,508,383.40709435272584
320,361,687,384.02083276822367
373,680,512,384.72067789501517
355,738,361,385.3894134508627
371,720,433,385.5761922110856
317,351,689,386.0466293079115
362,490,666,386.59798240549577
367,528,650,386.84622267769396
318,349,691,388.0824654632054
374,680,523,390.80557826110925
328,368,694,391.15470085376705
329,368,695,392.1543063642168
377,656,561,394.9240433298535
376,622,596,395.0620204474229
375,580,634,399.1115132390946
365,754,364,401.6590594023742
360,758,331,401.9763674645563
366,755,364,402.6474885057648
378,634,596,403.20962290104137
369,756,363,403.4860592387301
269,714,114,403.9430652950982
297,737,165,404.2820797413608
298,738,164,405.56380509113484
299,741,166,407.7070026379238
379,726,482,410.1243713801949
313,297,710,411.3988332506547
382,647,597,412.9600464936045
381,631,613,413.73421420037283
383,641,604,413.83209155405046
384,627,621,417.1618390984487
387,639,611,417.59789271498965
305,277,713,417.73197148410844
388,638,618,422.120835780467
364,424,721,423.33556429858334
311,274,719,424.19924563817887
391,700,553,424.4396305718871
368,424,723,425.31047482985883
353,781,246,427.8142120126446
331,303,729,429.40889604198935
325,289,727,429.4182110716778
322,280,726,429.95116001704196
324,285,727,430.0697617828996
319,275,726,430.8746917608413
327,286,731,433.84905209070126
332,278,740,444.08332551448046
393,568,695,445.1797389819083
370,382,748,445.70169396133105
380,485,731,446.7303437197881
385,505,725,447.2001788908408
397,763,492,447.8359074482527
398,765,489,448.39714539680114
392,541,713,449.39514906149134
386,472,748,459.6194077712559
401,557,719,461.579895576053
389,484,747,461.8062364238924
402,559,719,462.4499972970051
404,587,710,467.4922459249993
390,470,758,468.8219278148154
394,482,760,473.7868719160547
407,702,628,473.97257304616267
406,661,669,475.7856660304091
408,675,660,478.0930871702706
410,722,614,479.5268501345884
411,704,635,480.2426470025335
395,465,771,480.29990630854803
396,467,771,480.7535751297124
405,599,719,481.26915546292804
409,675,665,481.83814709921006
412,710,632,482.5453346577915
399,477,773,485.07731342539614
400,477,774,486.04629409141677
403,480,782,494.5401904800054
414,724,658,510.6016059512543
413,688,693,511.5281028447997
415,705,711,536.2536713161039
