140,294,412,2.0
144,302,409,6.708203932499369
135,296,403,9.0
148,305,412,9.0
136,300,403,9.848857801796104
134,297,402,10.04987562112089
143,305,406,10.816653826391969
142,287,419,11.40175425099138
154,307,416,11.704699910719626
158,307,418,12.529964086141668
157,308,416,12.649110640673518
131,284,407,13.0
137,281,418,16.15549442140351
152,289,427,16.55294535724685
164,301,429,17.72004514666935
130,295,394,18.027756377319946
161,294,430,18.110770276274835
149,283,429,21.400934559032695
133,307,392,22.825424421026653
151,283,431,23.021728866442675
127,297,388,24.020824298928627
159,321,408,25.317977802344327
132,309,390,25.553864678361276
150,279,433,27.018512172212592
147,276,432,28.284271247461902
146,275,431,28.319604517012593
162,284,438,28.635642126552707
160,282,438,29.5296461204668
163,283,439,29.966648127543394
145,322,394,31.622776601683793
156,327,401,32.89376840679705
171,307,455,44.384682042344295
114,239,397,58.9406481131655
110,296,349,63.0
153,245,455,66.70832032063167
124,340,336,87.8179936004006
100,207,399,89.94442728707543
165,230,475,91.2414379544733
89,283,320,92.91393867445294
102,315,321,92.9623579735368
93,206,385,93.96275858019496
94,202,388,97.01546268507923
188,297,512,100.00499987500625
184,269,509,100.68763578513501
99,316,313,101.0
98,317,311,103.16006979447037
101,191,408,105.07616285342742
186,268,514,105.77334257741882
194,392,458,106.45186705737011
191,298,521,109.01834707974616
197,308,522,110.65260954898443
209,350,509,111.01801655587259
195,300,524,112.0714058089752
210,348,512,112.71202242884297
205,315,524,113.6001760562016
95,319,300,114.33722053644648
80,203,337,119.47384651043926
90,177,392,120.66896867049125
207,307,533,121.49897118905987
204,296,535,123.0
120,360,306,123.82245353731285
117,357,303,124.90796611905904
178,417,372,127.4401820463232
121,363,303,127.94530081249565
104,344,292,129.24395537122808
169,205,508,132.27622613304328
168,201,508,135.05924625881784
74,198,317,136.48809471891678
129,384,307,137.0
193,255,546,140.13208055259867
86,161,365,142.9475428260311
79,280,269,143.8923208513922
176,197,521,147.24808997063425
105,358,277,148.5563866011825
170,185,518,153.48289807011074
172,185,519,154.17522498767434
166,168,503,157.05094714773293
123,385,282,157.54681843820268
175,183,524,159.10059710761615
167,166,504,159.26079241294764
216,295,574,162.00308639035245
211,459,421,163.24827717314508
88,133,402,163.3064603743526
221,301,576,164.0762018087937
62,239,258,164.21023110634732
183,190,538,164.6572197020222
112,376,266,166.48123017325406
218,456,458,166.48123017325406
217,457,457,167.17057157286985
54,228,258,168.34488409215172
222,458,461,169.24833824885843
182,180,536,169.799882214329
92,354,251,171.1286066091815
72,143,334,171.73526137634053
59,245,248,171.74690681348528
58,244,248,172.04650534085255
173,167,528,173.4848696572701
227,344,580,174.72263734273244
109,376,256,175.31685600648902
228,344,581,175.6843760839307
51,207,258,177.867928531256
50,208,257,178.23860412379804
49,209,254,180.3690660839602
249,414,550,181.57092278225608
230,462,493,184.70787747142785
240,455,507,185.21878954360974
96,111,428,185.6906028855526
200,203,574,186.79668091269716
63,128,330,186.9438418349211
48,227,237,188.1116689628796
234,467,492,188.7882411592417
214,487,417,191.06543381784158
251,455,518,191.09421759959145
44,206,242,192.35384061671346
208,486,380,192.67589366602144
206,486,372,194.164878389476
199,486,364,195.96938536414305
47,241,221,198.76116320851014
41,155,270,200.11246837716035
250,478,496,200.44949488586894
40,154,270,200.8183258569795
265,403,582,200.8706051168264
39,207,230,202.5956564193813
45,240,217,202.88173895153798
242,299,615,203.0221662774782
46,243,216,203.03940504246953
256,474,511,203.67866849525504
244,299,616,204.02205763103166
260,473,514,204.2865634347986
232,283,616,204.41379601191306
259,475,511,204.55317157159897
237,493,468,204.80478510034868
267,412,583,206.6325240614362
138,105,496,208.65521800328887
42,227,214,209.67832506007863
253,299,623,211.0213259365034
38,219,215,211.51359294381058
128,96,482,211.8962010041709
229,265,622,212.27576404290716
37,215,215,213.00234740490538
225,509,441,214.96511344867102
270,452,563,217.11057090800531
263,492,507,217.8095498365487
231,512,441,217.9380645963435
266,491,510,218.24069281414958
233,515,441,220.91174708466727
243,521,443,227.1255159597882
235,524,431,228.79029699705362
277,429,599,229.4733099948663
82,350,188,230.41701326073994
81,350,187,231.38928237928394
71,71,357,231.62469643800938
246,527,439,232.57256931977167
69,71,353,232.606964642076
268,509,507,233.22521304524517
68,70,353,233.57439928211312
119,421,214,234.15593095200472
70,68,357,234.53997527074142
55,72,341,234.98297810692586
52,71,336,237.48894711122873
53,70,339,237.49736840647307
78,59,386,238.42189496772312
287,418,617,238.55607307297797
73,59,368,241.04978738841484
66,62,352,241.56986567036876
76,56,382,241.8677324489565
75,57,372,242.32416305436814
226,539,404,243.13165157996193
84,53,397,243.46252278328177
36,87,280,247.19425559668656
85,47,398,249.39326374222702
77,46,388,251.14935795259362
291,505,552,251.55715056424057
116,50,465,251.6445906432324
83,44,398,252.38858928247924
108,47,455,252.68557536986555
285,346,660,252.99011838409817
107,414,187,254.0649523251879
113,422,191,254.3953615929347
115,47,465,254.57808232446092
87,41,402,255.1960031034969
293,353,661,255.44079548889601
122,435,197,256.0195305049988
294,347,665,258.08913189051566
280,536,507,258.11818998280614
296,350,666,259.6767220988435
60,316,153,259.77105304479176
282,316,671,259.77105304479176
275,285,672,260.2325882744127
155,470,218,260.5993092853471
125,443,196,261.27571643763605
31,122,216,262.09158704544484
65,322,150,263.28691574022434
185,515,265,263.7612556839992
203,535,296,265.6633207652121
202,535,292,267.4341040331244
28,121,209,268.01865606707304
302,350,675,268.48649872945197
187,520,263,269.02973813316623
61,321,144,269.1635190734435
321,470,618,269.65162710430656
301,534,539,269.7647122957337
111,426,172,272.9468812791236
306,350,680,273.38617375427015
304,347,681,273.7918917718346
312,361,679,274.79810770818636
314,530,557,275.2834902423318
126,451,184,275.6972977742074
91,405,157,277.3193105429191
309,345,685,277.3625785862253
316,364,681,277.46170906991836
56,321,135,278.12587078515367
326,494,608,278.60366113890177
67,331,135,279.20243551946317
27,177,159,279.58898404622454
118,438,170,280.58510295452254
64,328,133,280.8291295432153
26,160,166,281.0907326825273
288,569,482,281.83150994876354
139,470,190,282.0638225650358
57,323,131,282.29417280560364
317,351,689,282.4075069823747
320,361,687,282.57742301889584
25,129,184,282.6181168998194
330,502,606,282.96996307028775
289,571,480,283.28254446753334
318,349,691,283.98943642325855
34,220,138,284.3448610402516
334,511,604,288.25162618795406
33,215,135,288.60006930006097
192,543,260,290.0224129270012
30,206,136,290.30328968167066
328,368,694,291.0463880552377
329,368,695,292.0154105522515
300,578,491,292.85662020859286
273,589,426,293.33428030150174
340,468,650,293.64604543565713
43,293,118,294.0153057240388
257,588,375,294.334843333235
32,217,128,294.7829710142701
341,490,634,294.8219801846531
272,591,421,295.1372562046344
24,138,162,295.7431317883815
103,428,147,296.05573799539843
106,430,147,296.952858211535
22,134,162,297.89931184881914
313,297,710,298.00167784762556
21,135,161,298.197920851236
29,206,127,298.8728826775691
343,507,624,299.1070042643602
223,585,327,301.24076749337894
347,485,647,301.57254516948325
305,277,713,301.5990716166083
278,597,432,301.66372005927394
279,598,431,302.59709185648165
290,599,447,305.0147537415199
292,599,449,305.25071662487545
350,492,647,306.00816982557836
18,131,153,307.09281984442424
311,274,719,307.7872641939559
17,129,152,309.01294471267704
354,511,638,311.93108213193506
16,109,162,312.200256245891
97,425,127,312.835419989489
236,597,324,313.6000637755037
15,100,167,313.7530876342096
14,106,162,314.00636936215164
245,600,332,314.350123270216
322,280,726,314.40737904826597
319,275,726,314.701445818096
325,289,727,315.07776817795315
283,611,423,315.1920049747455
324,285,727,315.1920049747455
286,611,426,315.3109576275458
13,110,157,315.62794553081005
356,499,654,315.86864358463947
331,303,729,317.0772776469484
174,521,187,318.1980515339464
10,114,150,319.0109715981568
327,286,731,319.15670132397344
362,490,666,319.6122650963195
252,606,331,320.4075529696515
359,516,645,320.45124434147544
248,606,327,321.4420632089086
7,109,150,321.88973267254113
307,616,453,322.61587065735
212,579,257,322.6670110191
357,554,608,324.0061727807049
254,611,328,326.0076686214605
262,614,337,326.72465471708745
310,621,451,327.33163611236847
332,278,740,328.4935311387425
315,622,454,328.69438693108225
255,615,327,330.13027731488063
284,628,400,332.2167966855379
367,528,650,332.3672667396716
348,602,543,332.8618331981004
364,424,721,334.46225497057213
303,632,423,336.1800113034682
368,424,723,336.3108680967655
336,624,490,337.146852276571
11,161,101,339.0368711512068
8,158,99,342.0716299256634
308,638,422,342.1461675950792
201,573,210,342.8308620879981
4,149,102,343.0874524082745
12,167,94,343.16905454892054
177,536,164,345.1144737619679
358,612,551,345.2202195700594
9,164,93,345.23180618245476
370,382,748,346.8313711301214
196,571,200,347.23047101312983
6,157,93,347.96838936891953
35,260,65,348.8624370722649
19,190,79,349.4638751001311
198,574,200,349.6112126348353
23,200,75,350.4069063246328
2,143,96,351.0911562543266
3,146,94,351.60204777560665
323,649,431,353.5109616405126
5,162,84,354.3162429243119
335,648,455,354.61669447447053
333,651,449,356.9229608753127
20,199,67,358.3768965767743
375,580,634,360.4719129141687
361,652,508,368.7166934110795
181,545,140,368.76144050049487
264,645,292,369.0541965619684
380,485,731,370.78565236535246
376,622,596,374.34208953843273
385,505,725,376.36418533117626
180,547,131,376.7784494898826
179,546,130,376.86071697644473
386,472,748,379.3046269161503
215,614,201,381.63464203345063
0,136,63,383.9283787374932
1,138,62,384.01041652538544
389,484,747,384.14710723888055
241,640,240,384.6036921299638
378,634,596,384.83762809787714
219,618,198,386.62643468857635
363,677,479,386.84622267769396
390,470,758,387.28800652744206
392,541,713,388.10565571761515
377,656,561,389.61647809095547
381,631,613,390.6737769546351
281,673,309,390.8170927684714
384,627,621,391.4613646325778
393,568,695,392.5213369996592
394,482,760,394.58839313897715
383,641,604,394.82781057063346
387,639,611,396.547601177967
382,647,597,396.76945446946894
372,681,508,396.7883566840136
395,465,771,396.7896167996335
373,680,512,396.80725799813695
396,467,771,397.64557082909903
388,638,618,399.2492955535426
374,680,523,399.7211528053025
213,617,171,401.40004982560725
401,557,719,402.9516099980245
190,585,131,403.09056054440174
399,477,773,403.8341243629617
344,700,398,404.2425014765271
402,559,719,404.2499226963439
400,477,774,404.7283039274619
351,701,414,405.0049382414985
352,701,417,405.0308630215727
189,585,123,408.7077195258245
403,480,782,413.2263302356228
404,587,710,416.51530584121394
271,683,243,422.2913686070318
371,720,433,424.51972863460657
391,700,553,427.8983524156175
274,688,240,428.0747598258977
337,720,338,430.40910771032713
405,599,719,431.3444099556641
345,727,350,435.4365625438452
379,726,482,435.6604182158393
276,695,234,436.90387958909224
349,731,353,438.9829153850979
346,731,346,439.9784085611475
338,730,326,442.43869631848435
355,738,361,444.9325791622816
247,669,168,445.7185210421483
339,733,324,445.7723634322792
406,661,669,446.4011648730321
342,735,327,447.15321758878133
224,658,144,450.40870329068906
408,675,660,452.9293543147761
409,675,665,455.6862956025779
239,668,143,459.0697114818184
238,668,142,459.6563934070753
407,702,628,459.8825937127867
365,754,364,460.5084146896775
366,755,364,461.50297940533386
369,756,363,462.60242109180535
411,704,635,464.9655901246887
220,643,99,467.3093194020423
412,710,632,468.8240608159952
360,758,331,469.046905969968
410,722,614,471.46579939588406
295,723,211,471.94279314340633
397,763,492,473.8027015541385
398,765,489,475.27886550950274
258,687,134,479.75514588172996
261,689,134,481.3865390722927
413,688,693,482.3121395942673
414,724,658,493.65980188789933
297,737,165,505.460186364861
415,705,711,506.63793778200227
298,738,164,506.8214675800543
299,741,166,508.46927144125436
353,781,246,512.6216928691176
269,714,114,513.3497832862112
