212,534,291,3.0
197,520,263,34.0147027033899
195,515,265,34.66987164671943
204,543,258,37.107950630558946
225,579,257,58.25804665451803
243,585,326,60.207972893961475
253,596,325,69.31810730249349
261,600,332,76.15773105863909
263,606,327,79.20227269466452
264,605,330,79.60527620704548
269,611,328,84.17244204607586
210,485,363,84.62860036654276
270,615,326,87.09190547921202
277,614,336,90.35485598461214
217,485,372,92.11405973031478
213,573,209,93.5200513259055
271,587,375,96.79876032264049
162,470,219,98.59513172565875
203,567,200,99.62429422585637
208,573,199,102.69371937952194
245,539,403,109.1146186356347
179,520,185,109.89540481748998
279,644,294,110.0
227,497,399,111.32834320154055
257,640,240,118.96217886370441
142,470,189,122.96747537458837
231,613,199,123.5556554755791
233,616,198,126.25371281669304
242,507,418,126.90547663517127
230,487,414,128.87590930814028
228,486,414,129.24395537122808
182,535,162,132.00378782444085
241,496,422,133.52153384379613
126,443,194,135.20724832641184
289,591,421,139.20488497175666
127,451,182,139.40229553346674
120,421,212,139.61733416735902
299,673,309,139.8070098385628
123,435,195,140.0071426749364
185,417,374,141.73566946961517
133,392,305,142.42541907960108
291,589,426,143.0
306,629,401,143.0873858870865
223,603,165,146.2942240828393
229,617,172,147.5567687366459
258,653,204,149.20120642943877
130,385,304,149.33519344079613
124,385,282,149.4824404403407
295,597,430,149.88328792764054
222,602,160,150.2664300500947
301,613,422,150.41608956491322
297,598,431,151.21177202850313
113,421,192,152.22680447279973
304,611,426,152.81688388394784
187,546,139,155.46382215808282
117,438,170,156.81836627130127
288,683,243,157.48650735856708
317,626,423,158.4455742518547
224,614,156,159.51175505272332
285,682,233,160.0781059358212
221,604,150,160.11246047700348
112,376,266,160.46183346827368
322,631,422,160.60199251565965
107,414,187,160.77624202599088
226,617,155,161.89502771858065
109,376,256,162.50538452617502
290,687,238,162.92636373527768
186,547,131,163.51758315239374
110,427,170,163.783393541592
326,638,421,164.14932226482082
184,546,130,164.43843832875572
234,628,159,164.50227961946302
294,692,245,165.42369842317032
310,600,446,165.71059109181888
238,631,159,166.23477373883
311,600,448,167.547008329006
293,693,234,169.94410845922255
122,362,306,172.41809649801846
201,586,129,173.0
119,361,302,173.18487231857176
108,360,277,174.82848738120455
121,359,305,175.34537347760278
118,357,304,177.28226081590904
346,648,430,177.45985461506498
327,616,453,178.89941307897016
251,490,468,179.47701802737865
330,621,451,179.49373248110922
200,583,121,179.8054504179448
282,534,474,180.0
235,457,457,180.2720166858961
333,621,453,181.24568960391858
236,456,458,181.60396471443016
105,430,145,181.70580618131055
239,458,460,182.5705343148231
103,428,145,182.8578683021324
91,354,250,185.29975715040752
262,669,166,186.03494295427404
90,405,157,188.1754500459611
302,570,479,188.47015678881365
363,719,338,190.16045856065872
316,717,241,190.5203401214684
307,569,482,191.23022773609824
358,651,447,192.60841103129428
98,341,284,193.25889371514057
370,699,396,193.98195792392653
360,651,449,194.20092687729377
244,658,144,194.6175737183053
367,722,350,196.16319736382766
361,648,454,196.45864704817652
366,724,344,196.468827043885
125,341,335,197.3068675946177
364,730,326,198.59506539690256
373,725,352,199.6121238802894
365,732,323,200.11246837716035
320,578,491,201.8539075668341
252,666,139,203.59027481684876
371,735,327,203.69094236121546
95,424,122,204.16659863944446
376,700,413,204.2473990042468
255,667,138,205.0
378,700,416,206.00970850908945
314,725,210,208.65521800328887
254,467,492,209.0287061625747
265,478,496,209.61870145576228
85,351,188,211.482859825566
249,462,493,211.62466774929618
83,350,187,212.8497122384712
298,536,507,213.00938946440834
381,737,360,213.45959805077868
284,508,507,214.5809870421888
278,492,506,216.1203368496357
362,623,491,216.1712284278368
99,318,310,216.59178193089414
205,390,457,217.4971264177989
92,316,299,218.05733191066977
97,316,311,218.66183937761065
280,491,509,219.25783908448975
104,316,321,219.66565503054863
272,687,132,222.82953125651906
276,689,132,224.20749318432692
237,642,97,224.66196829904254
274,475,511,224.8777445635739
385,756,330,224.89997776789573
273,474,511,225.14217730136662
348,749,224,226.10838109190027
256,453,506,226.947130407062
275,473,514,228.3002409109548
390,753,363,229.61271741782946
391,754,364,230.8679276123039
397,720,433,232.2003445303215
140,322,389,232.31228981696168
394,756,363,232.47580519271247
158,327,400,232.56181973832247
389,677,479,233.82472067769055
147,322,394,234.4013651837378
268,455,518,237.52263050075882
157,321,404,239.7269279826528
313,737,165,240.52026941611388
161,321,406,240.65119987234635
315,738,164,241.9008061168875
387,652,508,244.37675830569486
318,741,164,244.43608571567333
111,296,352,244.96530366564158
321,534,539,245.0
134,307,392,247.25088473046966
379,780,245,250.83261350948763
88,283,319,252.24194734421155
128,297,388,254.9607812978302
143,304,405,255.38402455909414
79,280,267,255.43100829773977
170,314,424,255.53864678361276
286,714,112,255.97656142701817
68,322,150,256.28109567426156
160,308,416,256.82678987987214
131,297,393,256.8462575160479
150,305,412,257.6140524117425
159,307,416,257.7071981920567
375,602,543,258.11818998280614
137,300,403,258.14143410154054
136,299,401,258.21309029559285
163,307,418,258.6600085053737
308,504,551,258.74504826179765
146,302,409,258.9382165691268
63,316,153,259.6247291765559
399,681,508,259.6247291765559
398,679,510,260.155722597063
64,321,144,260.51679408437377
135,296,402,261.357992033915
334,530,557,263.0304164920856
62,325,132,264.43335644354704
144,296,412,265.64638149238925
382,611,549,266.3719204420766
58,320,133,267.8002987302292
59,323,129,267.8544380815819
168,301,427,268.28715958837836
141,293,412,268.337474088134
408,726,482,268.71546289709494
400,680,521,269.89812893015767
405,712,497,269.98703672583986
406,714,497,271.309786038027
132,284,407,274.3519637254306
164,294,429,275.3633962602873
145,287,419,276.8284667443
176,307,455,278.29840100151495
151,288,425,278.7059382216317
287,452,563,281.2205540141047
138,281,417,281.31477031965454
266,415,550,282.3065709472594
219,350,509,282.98586537139977
423,790,415,283.15543434657934
156,285,430,283.7199323276389
152,283,429,285.00175438056516
155,283,431,285.9545418418809
220,348,512,286.5658737533135
166,284,438,288.5064990602465
167,283,439,289.8723857148176
165,282,438,290.24127893874777
153,279,433,290.423828223512
148,277,431,291.23530005821755
429,800,415,292.227650984639
149,276,432,292.5884481656786
61,245,248,292.6380016334174
403,656,561,293.5523803344132
60,243,248,294.61330587738223
431,803,416,295.3726459914662
65,239,258,297.18849237478895
47,292,119,298.6452745315084
432,763,488,300.1283058959951
51,243,215,301.53275112332324
433,763,491,302.0761493398643
52,241,220,302.2002647252315
50,240,217,303.9161068452937
424,700,553,307.631272792608
57,227,257,309.2216033850158
359,510,604,310.92764431616564
53,227,236,312.4307923364789
114,239,397,312.464397971993
283,413,583,313.3081550167502
402,620,596,314.00636936215164
384,554,608,314.6362979695763
355,501,607,314.7348090059312
281,403,582,316.39374203672236
352,494,608,316.53751752359466
46,228,213,316.5390971112415
407,634,596,318.1257612957492
216,314,524,318.27660925679095
404,625,600,319.2444204680796
209,308,522,321.02959365142647
199,297,512,322.0139748520241
296,429,599,322.56782232578627
412,647,597,323.3852192045889
41,219,215,324.7552924895913
202,298,521,327.4522866006588
413,641,604,327.9466420014085
207,300,524,328.10973774028713
40,215,217,328.16154558387854
55,208,255,328.3245345690754
54,208,253,328.5681055732586
38,277,89,328.7461026384952
56,207,257,329.0866147384302
218,307,533,329.6209944769902
344,470,618,330.26050323948823
154,245,454,330.3346787729075
372,507,624,331.1027030998086
49,206,242,332.0963715550051
37,274,87,332.3386826717588
48,206,238,332.74614948936676
411,631,613,333.42165496560057
42,206,228,334.5743564590687
81,202,336,334.64608170423867
76,197,318,337.85351855500926
215,295,534,338.7048862948393
415,627,621,339.9676455193935
419,638,618,340.28223579846184
93,206,385,340.3894827987492
194,269,509,341.2477106150311
94,205,387,341.891795748304
368,492,634,342.58429619584143
247,345,580,342.8075261717572
305,418,617,343.1981934684389
246,344,580,343.3598695246723
198,272,516,343.4064647032726
193,266,509,343.582595601116
101,206,398,344.0930106817051
328,442,626,344.5112480021516
401,577,636,344.6926166891307
380,511,638,344.7680379617577
196,268,514,345.18980286213554
340,450,631,347.3110997362451
337,443,631,349.07019351414124
386,517,643,349.4137948049561
35,220,138,350.6165997211199
169,230,474,353.2930794680247
36,262,66,354.91970923012997
377,492,647,355.48980294798895
393,528,650,356.0505582076793
374,485,647,356.384623686264
34,215,135,356.4295161739555
33,217,128,357.8337602854152
100,192,405,359.5622338344226
383,499,654,361.69738732813653
102,190,407,362.0842443410097
369,470,651,362.6913288183218
32,206,136,364.07142156450567
240,301,576,365.8045926447616
30,206,127,368.06657006579667
232,295,574,368.13176988681647
89,177,392,370.20669902096586
446,722,614,371.1387880564358
443,702,628,373.87163572541846
388,490,666,374.59311259018097
206,255,546,375.9587743356976
86,161,365,379.6972478172577
45,155,270,379.75913418902775
44,154,270,380.7571404451924
447,704,635,381.02624581516693
448,710,632,381.0774199555781
28,177,157,382.38462312179865
444,675,660,392.22060119274715
73,143,334,393.04071035962676
174,204,508,393.31412382471086
177,204,511,394.95442775084825
27,160,166,395.2973564293088
442,661,669,395.9217094325594
173,201,509,396.37608404140633
445,675,665,396.8904130865345
259,299,615,397.8265953905043
260,299,616,398.63391727247694
25,201,72,400.2161915765028
441,649,679,401.8084120572888
426,568,695,402.4388152253706
267,299,622,403.49597271843993
248,283,614,406.69521757699584
21,198,64,407.1805496336975
309,353,659,407.4137945627271
66,128,329,407.50582817918075
67,128,331,407.6824744822863
20,188,78,407.8872393198885
183,197,524,408.0061274049693
192,204,536,409.22365523024206
43,124,283,410.1475344312093
449,670,681,410.20117015922807
450,724,658,410.6044325138247
303,346,660,411.4608122288197
312,351,664,412.7820248024373
190,198,537,414.6625133768424
175,185,518,414.701097177232
178,185,519,415.24209805847
87,133,402,415.2890559598218
24,138,161,417.7379561399706
13,167,94,417.95813187447374
31,123,214,418.7135058724521
439,587,710,419.36261159049457
181,183,524,419.64389665524743
26,129,183,419.935709365136
12,161,101,419.9738087071621
425,542,714,420.07618356674305
23,135,161,420.58292880239446
171,168,502,420.97505864362086
10,164,93,421.07125287770475
319,350,673,421.3039282987995
329,360,678,421.58273209418815
29,121,208,421.8589811773598
336,363,680,422.1812407011946
22,133,161,422.48076879308957
191,190,540,422.9089736574527
9,158,99,423.55755216971403
172,166,504,423.7027259765979
250,266,624,425.11645463331575
189,184,538,426.65677071857186
323,350,679,426.7095030579938
19,131,153,426.9543301103761
7,157,93,427.23529816718093
6,162,83,427.6739412215806
440,598,717,427.8142120126446
18,130,152,428.2289107475113
188,180,536,428.81231325604443
414,505,722,428.981351576033
436,550,723,429.29826461331055
437,552,723,429.3774563248518
350,368,690,429.385607583673
342,361,687,429.3925942537901
324,347,681,429.81158662837373
5,149,102,430.21971131039544
417,506,724,430.9106635951355
351,368,692,431.2307966738925
418,505,726,432.97228548718914
354,368,694,433.0773602949016
180,167,528,435.2528001058695
338,351,689,435.332057170156
300,316,671,435.4916761546654
4,146,94,436.51345912812354
211,199,574,436.6062299143245
339,349,691,437.98858432612144
3,143,95,438.72770598629853
410,484,730,438.8576078866584
2,146,84,441.184768549414
392,424,722,441.9094929960206
96,111,428,443.71725231277634
395,424,724,443.8468204234429
11,114,150,444.0
14,110,157,445.58388660273613
16,107,162,446.9373557893768
39,87,278,447.286261805569
15,107,160,447.532121752171
8,109,150,448.73265983210985
452,705,711,450.6994564008259
17,100,167,452.2001769128358
292,285,672,452.642242836437
420,483,746,454.8681127535761
416,471,747,457.3598145880331
1,139,62,458.09278536121917
0,136,62,460.6821029734062
71,71,353,466.74404120459855
421,470,757,467.4023962283463
70,70,353,467.736036670257
427,482,759,467.89849326536626
409,438,754,469.9106298010293
72,68,357,470.2393007820593
451,645,752,471.2589521696113
422,461,763,474.6472374300729
139,102,495,476.47140522805773
69,61,352,476.5427577877981
129,96,482,476.64242362592944
396,382,748,478.76925548744254
332,297,710,478.77447718106276
74,59,367,480.5767368485495
434,477,772,481.3865390722927
430,467,771,481.6824680222439
335,294,712,482.0
428,463,771,482.2551192055923
435,477,773,482.3795186365192
75,57,372,483.335287352372
80,59,386,483.8274485805864
77,56,380,485.6747883100378
345,292,721,490.80851663352377
438,480,782,490.9786146055651
325,277,713,491.5384013482568
356,302,729,493.0
349,289,727,497.507788883752
78,45,387,497.76500479644005
84,47,397,497.77304065206266
331,273,719,498.7444235277223
347,283,727,500.48976013501016
82,43,397,501.6871535130235
343,278,726,502.1553544472069
353,286,732,503.33686532977094
341,275,726,503.6913737597657
106,48,454,511.6600433881856
116,49,464,513.9309292113095
357,278,740,514.2489669411111
115,47,464,515.8187666225416
