254,611,328,9.486832980505138
252,606,331,10.0
255,615,327,10.04987562112089
248,606,327,12.806248474865697
245,600,332,14.866068747318506
236,597,324,21.400934559032695
223,585,327,30.675723300355934
257,588,375,46.04345773288535
264,645,292,54.644304369257
284,628,400,64.53681120105021
281,673,309,65.30696746902278
283,611,423,86.05230967266364
272,591,421,87.09190547921202
212,579,257,87.32124598286491
303,632,423,87.86353054595519
308,638,422,88.32326986700618
203,535,296,89.00561780022652
286,611,426,89.05054744357274
202,535,292,90.91754506144565
273,589,426,92.44457799135652
279,598,431,95.35197952848173
278,597,432,96.5090669315583
323,649,431,100.30453628824571
241,640,240,100.42410069301094
226,539,404,100.56838469419701
192,543,260,104.7377677822093
344,700,398,105.43718509140881
337,720,338,106.00471687618433
290,599,447,111.01801655587259
292,599,449,113.0
345,727,350,113.7453295744489
310,621,451,114.21471008587291
307,616,453,116.01724009818541
351,701,414,116.18089343777659
338,730,326,116.52038448271615
271,683,243,116.60617479361889
315,622,454,117.27318534089538
346,731,346,117.34564329364768
333,651,449,117.95338062132852
349,731,353,118.0889495253472
352,701,417,118.1905241548577
187,520,263,119.63277142990545
339,733,324,119.70797801316336
342,735,327,121.41251994749142
274,688,240,122.00409829181969
185,515,265,122.41323457861898
335,648,455,122.80065146407001
355,738,361,126.30122723077555
235,524,431,130.13838787997952
199,486,364,130.8166656049603
276,695,234,131.03434664239754
206,486,372,132.69890730522238
201,573,210,133.4541119636259
246,527,439,134.06341782902598
208,486,380,135.02962637880623
215,614,201,136.0
219,618,198,139.05754204644924
243,521,443,141.01418368376991
365,754,364,142.57980221616245
198,574,200,142.72000560538106
371,720,433,143.01048912579805
366,755,364,143.56183336806478
233,515,441,143.58621103713267
196,571,200,143.58969322343438
360,758,331,144.12494579357175
369,756,363,144.3606594609487
231,512,441,145.67086187704115
225,509,441,147.78700890132393
289,571,480,149.3251485852266
214,487,417,150.0966355385756
288,569,482,151.82226450688975
336,624,490,153.32644912082193
363,677,479,155.3479964466874
300,578,491,158.15182578775372
213,617,171,166.02710622064097
295,723,211,166.6043216726385
361,652,508,175.17134468856486
211,459,421,176.2980430974774
174,521,187,176.49079296099274
247,669,168,177.72450590731714
237,493,468,178.33115263464205
379,726,482,183.2184488527288
372,681,508,183.65728953678914
155,470,218,186.80738743422327
373,680,512,187.0320828093405
280,536,507,187.040102651811
177,536,164,189.77091452590938
353,781,246,190.18412131405714
374,680,523,197.36261044078233
217,457,457,197.60819821049935
224,658,144,197.9520143873257
218,456,458,199.01004999748127
222,458,461,199.2786993132984
268,509,507,199.81241202688085
178,417,372,200.08498194517247
239,668,143,201.37527157027003
238,668,142,202.33882474700698
139,470,190,205.7790076757102
348,602,543,206.3492185592182
190,585,131,208.03124765284662
181,545,140,208.73428084528905
250,478,496,209.2295390235327
263,492,507,209.24626639440905
297,737,165,211.45448682872635
266,491,510,212.26869764522513
298,738,164,212.8497122384712
299,741,166,213.00234740490538
234,467,492,213.62116000059544
358,612,551,214.00934559032697
398,765,489,214.2545215392198
397,763,492,215.00232556881798
258,687,134,215.72667892497674
189,585,123,215.95601403989656
261,689,134,216.41164478835236
180,547,131,216.6217902243447
301,534,539,217.26481537515457
230,462,493,217.8072542409917
179,546,130,217.88299612406655
125,443,196,221.63483480716653
259,475,511,222.70383921252906
256,474,511,223.32935319836486
126,451,184,223.55759884199867
260,473,514,226.29626598775332
122,435,197,227.24656213021134
377,656,561,227.90348834539589
119,421,214,228.86240407720967
129,384,307,231.94827009486403
391,700,553,232.4908600354001
240,455,507,232.76812496559748
314,530,557,235.49097647256042
123,385,282,235.51220775153035
220,643,99,239.7602969634464
251,455,518,240.91907354960503
291,505,552,241.05186163977245
113,422,191,241.20530674095875
118,438,170,242.62110378118388
269,714,114,244.3951718017359
112,376,266,248.3646512690564
107,414,187,250.0
111,426,172,250.13796193301008
109,376,256,251.40604606890423
194,392,458,252.83393759541065
121,363,303,253.2923212416831
120,360,306,255.88473967784793
376,622,596,259.12352266824405
117,357,303,259.2392717163046
378,634,596,259.77105304479176
382,647,597,262.08586379276545
105,358,277,262.9372548727167
106,430,147,264.4919658515169
103,428,147,265.88719412562915
383,641,604,268.3616962235855
104,344,292,273.72431386341987
92,354,251,273.85397568777415
124,340,336,274.00182481144174
387,639,611,275.138147118861
91,405,157,275.8278448597966
381,631,613,276.52305509667724
357,554,608,277.5626055505316
270,452,563,278.0647406630334
388,638,618,282.02304870347035
97,425,127,282.5261049885479
384,627,621,284.29737951659
334,511,604,286.1782661209617
330,502,606,291.38462553813645
249,414,550,292.17973920174546
156,327,401,294.0493155917898
326,494,608,296.37982387470305
410,722,614,297.30960293942746
95,319,300,297.3112846832424
145,322,394,297.5113443215233
98,317,311,298.1358750637031
375,580,634,298.93979326948096
99,316,313,298.9648808806814
102,315,321,299.42778762165676
159,321,408,301.4796842243271
82,350,188,303.14517974066484
81,350,187,303.63794229311986
407,702,628,304.0148022712052
343,507,624,306.2972412543084
132,309,390,309.57067044537666
412,710,632,310.22733599732953
411,704,635,311.2940731848263
133,307,392,311.8878003385192
209,350,509,315.08728949292765
321,470,618,315.74831749353785
157,308,416,316.03322610130726
143,305,406,316.61017039886764
154,307,416,317.00157728314224
158,307,418,317.5059054568907
148,305,412,317.9716968536665
354,511,638,318.1351913888182
110,296,349,318.2263345482269
267,412,583,318.30802691732424
210,348,512,318.40383163523643
144,302,409,320.199937539032
277,429,599,320.73197533142843
136,300,403,320.8613407688748
127,297,388,321.0763149159402
341,490,634,321.846236578898
359,516,645,323.2150986572255
265,403,582,323.3357388226671
134,297,402,323.5954264200902
130,295,394,324.05246488801777
367,528,650,324.59975354272837
135,296,403,324.7768464653846
164,301,429,326.24070867995613
141,296,412,326.72465471708745
140,294,412,328.6715685908959
408,675,660,328.70959827787203
171,307,455,328.89664029904594
89,283,320,331.436268383531
350,492,647,333.14261210478617
161,294,430,333.24015364298464
409,675,665,333.6240399012038
406,661,669,335.31030404686345
347,485,647,335.769266014625
142,287,419,337.12460604352214
356,499,654,337.2150649066557
152,289,427,337.23137457834497
131,284,407,337.34255586866
414,724,658,339.32432862970495
79,280,269,340.8518739863403
287,418,617,341.7835572405437
137,281,418,342.70978976387585
149,283,429,343.5476677260377
151,283,431,344.0886513676381
162,284,438,345.1101273506763
340,468,650,345.37660604042077
163,283,439,346.3596396810691
65,322,150,346.7463049550781
160,282,438,347.02305398921266
67,331,135,347.6967069156681
150,279,433,348.4838590236282
60,316,153,350.2284968417048
61,321,144,350.85324567402824
147,276,432,351.0968527343986
64,328,133,351.30044121805486
362,490,666,351.5920931989228
146,275,431,351.7911312128263
205,315,524,352.66131060835124
56,321,135,355.88340787398334
57,323,131,356.534710792652
197,308,522,357.57656522764466
393,568,695,360.9432088293115
188,297,512,362.0966721747108
227,344,580,363.2478492709902
413,688,693,363.6096808392208
228,344,581,363.91757308489514
207,307,533,364.2320688791694
195,300,524,365.4654566439898
191,298,521,365.6665147371304
404,587,710,373.9759350546503
204,296,535,374.6037906909112
59,245,248,379.5813483299726
114,239,397,379.7696670351649
58,244,248,380.5535441958201
405,599,719,382.29438918194967
392,541,713,383.020887158912
62,239,258,383.2310008337008
415,705,711,384.9116781808523
184,269,509,385.4983787255142
402,559,719,385.9391143690932
401,557,719,386.22920656004254
153,245,455,387.40805360756247
43,293,118,388.58975797105103
186,268,514,388.6450823051798
46,243,216,390.2332635744934
47,241,221,390.6212999824766
45,240,217,392.77983654968847
221,301,576,393.8146772277539
54,228,258,394.0012690334893
216,295,574,397.404076476324
48,227,237,399.7111457039946
385,505,725,403.01985062773275
42,227,214,406.07634750130427
165,230,475,408.0441152620633
93,206,385,410.81382644696856
80,203,337,411.0
100,207,399,411.6952756590729
38,219,215,413.411417355641
49,209,254,413.417464556107
50,208,257,413.80671816682724
380,485,731,414.58051087816466
51,207,258,414.59618908041114
94,202,388,415.1445531378197
193,255,546,415.40582566930857
293,353,661,416.0492759277439
74,198,317,416.48049174000937
37,215,215,417.2349458039199
44,206,242,418.9140723346496
285,346,660,419.7058493754882
242,299,615,420.12974186553373
244,299,616,420.79211019219457
39,207,230,420.8301320010249
296,350,666,421.82579342662297
294,347,665,422.93380096653425
316,364,681,425.2481628414166
312,361,679,425.4092147568033
253,299,623,425.46562728380303
364,424,721,428.4343590329795
302,350,675,428.8822682275405
101,191,408,428.9172414347551
389,484,747,430.11626335213134
368,424,723,430.22784661153673
320,361,687,431.86687763707926
306,350,680,432.83368630456664
232,283,616,432.89952644926746
328,368,694,433.54930515455794
329,368,695,434.37311150668614
386,472,748,434.8390506842733
304,347,681,435.4595273960601
317,351,689,439.4007282652135
309,345,685,439.8465641561839
90,177,392,440.44749970910266
34,220,138,441.4034435751493
318,349,691,442.20018091357673
394,482,760,443.1173659427037
169,205,508,443.3080193274198
390,470,758,444.94606414710535
35,260,65,446.4302857109943
168,201,508,447.0011185668331
33,215,135,447.21918563496354
282,316,671,447.6159067772279
32,217,128,448.65354116511776
229,265,622,450.58406540844294
86,161,365,453.86451722953626
30,206,136,454.82414183945866
176,197,521,455.7905220602991
399,477,773,457.0175051351972
400,477,774,457.97161484092004
396,467,771,458.21937977348796
395,465,771,458.8649038660508
29,206,127,458.87253131997346
41,155,270,463.8642042667229
403,480,782,464.7375603499248
40,154,270,464.85374043886105
170,185,518,465.62001675185746
172,185,519,466.00965655230794
183,190,538,469.23022068063773
275,285,672,469.53807087391755
175,183,524,469.81911412798013
72,143,334,471.00955404322747
27,177,159,471.8612084077266
370,382,748,471.9586846324581
200,203,574,474.43650787012587
166,168,503,475.89074376373406
182,180,536,477.4484265342174
167,166,504,478.1140031415102
26,160,166,485.1360633884065
88,133,402,485.3720222674562
63,128,330,486.0504089083765
173,167,528,486.09669819903115
313,297,710,489.50791617705227
23,200,75,489.9387716847892
20,199,67,495.1009997970111
19,190,79,496.32650543770075
331,303,729,500.38485188902354
305,277,713,504.92078586645647
31,122,216,506.66063592902105
24,138,162,507.14987922703875
325,289,727,507.66622893393253
25,129,184,508.56071417285074
12,167,94,508.78089586775957
28,121,209,509.3456586641335
324,285,727,510.23621980412173
21,135,161,510.31068967835665
11,161,101,510.78860598098703
22,134,162,510.9060579010588
96,111,428,511.1653352879086
311,274,719,511.39417282561993
9,164,93,511.8945203848152
327,286,731,512.659731205797
322,280,726,512.7153206214927
8,158,99,514.3734052223151
319,275,726,515.9864339301955
18,131,153,516.8607162476173
5,162,84,517.9893821305607
6,157,93,518.0588769628409
17,129,152,519.0857347298229
4,149,102,521.0086371644908
332,278,740,524.6951495868816
3,146,94,527.3262747104491
2,143,96,529.0765540070737
36,87,280,530.0735797981257
138,105,496,533.2560360652283
10,114,150,533.8248776518382
16,109,162,534.4623466625128
13,110,157,535.1784749034662
14,106,162,537.2978689702761
128,96,482,537.9117027914525
7,109,150,538.51090982449
15,100,167,541.3834131186511
55,72,341,542.0147599466272
52,71,336,543.0009208095323
69,71,353,543.235676295289
71,71,357,543.3681992903155
53,70,339,544.0036764581652
68,70,353,544.2352432542384
70,68,357,546.3661775769067
1,138,62,549.7281146166712
0,136,63,550.9627936621492
66,62,352,552.20376673833
73,59,368,555.865091546501
78,59,386,557.1588642389171
75,57,372,558.0985576042998
76,56,382,559.8115754430235
84,53,397,564.1994328249542
85,47,398,570.2718649907252
77,46,388,570.2850164610675
83,44,398,573.2547426755403
87,41,402,576.6749517709261
116,50,465,578.3424591018716
108,47,455,579.148512904937
115,47,465,581.268440567695
