329,360,678,3.605551275463989
342,361,687,7.280109889280518
350,368,690,11.180339887498949
351,368,692,13.0
323,350,679,13.038404810405298
319,350,673,14.7648230602334
354,368,694,14.866068747318506
338,351,689,15.0
324,347,681,16.0312195418814
339,349,691,17.804493814764857
312,351,664,20.0
309,353,659,23.259406699226016
303,346,660,26.248809496813376
300,316,671,47.853944456021594
396,382,748,70.60453243241541
332,297,710,72.49827584156743
392,424,722,74.06078584514209
395,424,724,75.21303078589507
335,294,712,76.05918747922567
356,302,729,78.24321056807422
292,285,672,78.40918313565064
345,292,721,81.98780397107853
305,418,617,83.6301381082203
267,299,622,86.37129152675674
349,289,727,87.66413177577246
260,299,616,90.50966799187809
259,299,615,91.21951545584969
325,277,713,92.11405973031478
347,283,727,92.78469701410896
353,286,732,92.91393867445294
337,443,631,93.81364506296512
328,442,626,95.69221493935649
343,278,726,96.64884893261792
331,273,719,98.08669634563088
341,275,726,99.29753269845128
340,450,631,99.84988733093293
247,345,580,101.6070863670443
246,344,580,101.78899744078434
248,283,614,103.71113729971339
357,278,740,104.04326023342406
296,429,599,104.48444860360799
409,438,754,105.3612832116238
281,403,582,105.84894897919393
283,413,583,109.12836478203089
369,470,651,110.86027241532469
250,266,624,112.0044641967453
240,301,576,121.07848694132248
344,470,618,123.664869708418
232,295,574,125.93649193144932
374,485,647,126.38433447227548
416,471,747,127.09445306542689
388,490,666,127.76932339180638
422,461,763,128.42507543311004
410,484,730,130.92364186807515
421,470,757,131.8256424221024
377,492,647,133.15404612703287
428,463,771,135.20724832641184
420,483,746,136.95254652615992
368,492,634,136.95619737711763
430,467,771,138.19189556555045
383,499,654,138.4629914453678
266,415,550,140.0142849854971
427,482,759,142.8355697996826
434,477,772,146.4923206178399
287,452,563,147.00340132119393
435,477,773,147.12239802287073
414,505,722,148.08105888330215
418,505,726,149.26486525636233
352,494,608,149.4824404403407
417,506,724,149.61617559608987
380,511,638,153.8440769090575
372,507,624,154.50566332662373
438,480,782,155.21919984331836
355,501,607,156.11854470241516
218,307,533,157.30543537970962
386,517,643,158.38244852255568
215,295,534,161.05899540230592
216,314,524,163.5145253486674
359,510,604,165.4841382127
209,308,522,167.29913329123974
393,528,650,167.70509831248424
207,300,524,168.24089871371942
220,348,512,168.66831356244717
219,350,509,171.49344010777787
202,298,521,171.77310616042314
206,255,546,172.10461934532728
199,297,512,180.49930747789588
425,542,714,182.20043907740728
268,455,518,186.30083198955393
198,272,516,187.55532517100121
308,504,551,191.10729970359583
196,268,514,191.26160095534075
436,550,723,191.88017094009479
437,552,723,193.82982226685345
194,269,509,195.13328778042973
211,199,574,195.27416623813812
256,453,506,195.8979326077741
193,266,509,196.596032513375
275,473,514,199.13814300630605
273,474,511,202.19297712828703
274,475,511,202.74368054269902
384,554,608,204.12006270820123
426,568,695,205.54804791094466
334,530,557,207.40781084616847
249,462,493,211.5892246783848
280,491,509,213.60009363293827
192,204,536,214.51573368869705
254,467,492,214.84878403193255
278,492,506,216.60332407421637
265,478,496,216.9815660373019
190,198,537,218.3437656540713
401,577,636,218.47654336335515
321,534,539,221.63483480716653
191,190,540,222.55111772354684
205,390,457,224.62858233092243
284,508,507,225.72992712531496
439,587,710,226.0
183,197,524,227.7981562699751
189,184,538,228.4841351166422
176,307,455,231.8641843838759
177,204,511,232.038789860661
188,180,536,232.86262044390037
174,204,508,234.23279018958897
173,201,509,235.55254190944322
440,598,717,237.8949347926517
181,183,524,238.1931988953505
239,458,460,239.63513932643517
178,185,519,240.01041644062033
175,185,518,240.68236329236922
236,456,458,240.69275020241054
235,457,457,242.00206610688264
298,536,507,244.65894629054543
169,230,474,245.20399670478457
251,490,468,247.12952069714376
180,167,528,248.03225596683993
167,283,439,253.9310930154084
166,284,438,254.568261965234
154,245,454,254.95097567963924
165,282,438,255.1960031034969
164,294,429,260.3113520382851
168,301,427,260.48608408128064
170,314,424,260.64727123068064
153,279,433,260.8926982496827
155,283,431,261.53584840323515
156,285,430,261.8854711510358
149,276,432,262.8174271238496
148,277,431,263.4331034627197
152,283,429,263.4406954135978
171,168,502,264.02462006411446
172,166,504,264.1685068285014
151,288,425,265.80067720004024
282,534,474,267.72560579817537
163,307,418,267.9178978717174
160,308,416,269.6683147868878
159,307,416,269.874044694928
402,620,596,270.37936311782374
415,627,621,270.51247660690257
145,287,419,271.84002648616706
404,625,600,273.94159961568454
150,305,412,274.20430339438514
375,602,543,275.4813968310746
138,281,417,275.48684179103725
144,296,412,276.24807691638324
411,631,613,276.24807691638324
141,293,412,276.99097458220547
161,321,406,277.2002886001384
146,302,409,277.7804888756588
157,321,404,279.1773629791642
382,611,549,280.4728150819612
143,304,405,281.2578887782528
419,638,618,281.9024654024863
158,327,400,282.3047998175022
407,634,596,283.7199323276389
137,300,403,284.0739340383063
132,284,407,284.20063335608523
307,569,482,285.72714256787015
135,296,402,285.9597873827717
441,649,679,286.00174824640493
136,299,401,286.24639735724185
320,578,491,286.2621176474456
413,641,604,288.2013185257833
302,570,479,288.5307609250702
147,322,394,288.9238654040195
241,496,422,290.26367323521555
451,645,752,291.0463880552377
228,486,414,293.0614270080592
134,307,392,293.393933134276
230,487,414,293.48253781102545
140,322,389,293.87412271242937
131,297,393,294.49108645254444
412,647,597,295.8800432607782
442,661,669,298.2029510249689
242,507,418,298.9648808806814
128,297,388,299.3659967330959
449,670,681,307.001628660175
114,239,397,308.97410894765926
185,417,374,310.72817702937726
227,497,399,311.3149530620076
445,675,665,312.360368805007
444,675,660,312.6403684747061
403,656,561,316.24357700987383
139,102,495,319.9156138734088
362,623,491,321.43584118763107
101,206,398,322.75842359263066
102,190,407,323.199628712658
100,192,405,323.8302024209601
245,539,403,328.18439938546743
217,485,372,331.2823569102345
311,600,448,331.6519259705874
129,96,482,332.4048736104812
94,205,387,332.8858663265835
310,600,446,333.0540496676178
93,206,385,334.17660001861293
111,296,352,334.7730574583325
387,652,508,336.3108680967655
210,485,363,339.66601242985735
327,616,453,339.90881130091344
291,589,426,339.988235090569
297,598,431,342.3828266721332
295,597,430,342.42663447810247
89,177,392,342.8410710518797
443,702,628,342.96501279285036
452,705,711,343.4020966738555
333,621,453,343.64662081853794
447,704,635,343.95639258487404
330,621,451,344.97101327502867
289,591,421,345.05796614482034
125,341,335,345.70073763299956
448,710,632,350.30415355801875
400,680,521,354.6406632071399
304,611,426,354.9929576766277
96,111,428,356.38181771801993
398,679,510,358.82586305894955
301,613,422,359.25478424093393
424,700,553,360.1360853899537
87,133,402,360.81019941237804
399,681,508,361.53561373673824
450,724,658,361.6697388502389
104,316,321,362.0635303368733
361,648,454,363.73204423036475
446,722,614,365.0164379860173
317,626,423,367.72000217556837
360,651,449,369.1950703896248
88,283,319,369.7580289865252
358,651,447,370.44972668366216
97,316,311,371.9811823197512
322,631,422,372.0053763052357
99,318,310,372.7264412407577
389,677,479,372.8230143110803
122,362,306,374.0013368960063
86,161,365,374.20448955083367
121,359,305,375.02133272655306
118,357,304,376.047869293259
133,392,305,376.11966180990856
130,385,304,376.64306710730784
326,638,421,377.76447689003265
119,361,302,378.0052909682614
271,587,375,378.41907985723975
346,648,430,379.11080174534726
81,202,336,379.81179549877066
116,49,464,381.11940386183437
115,47,464,382.76885975742596
92,316,299,383.8880045013129
306,629,401,385.48281414351015
106,48,454,387.6867292028449
405,712,497,394.06852196033117
406,714,497,395.8408771210977
98,341,284,396.6106403010388
76,197,318,398.24615503479754
124,385,282,398.6075764458072
108,360,277,403.0111660984097
73,143,334,410.01951173084433
408,726,482,413.488814842675
112,376,266,414.2040559917298
243,585,326,417.85164831552356
67,128,331,420.74457809934995
261,600,332,421.0380030353555
79,280,267,421.2576408802575
214,534,294,422.1812407011946
66,128,329,422.4050189095769
80,59,386,422.9089736574527
84,47,397,424.19924563817887
109,376,256,424.19924563817887
253,596,325,424.6339600173307
212,534,291,424.9258758889602
264,605,330,425.5161571550486
277,614,336,425.8368232081392
82,43,397,427.18731254567945
378,700,416,428.0946157101255
263,606,327,428.5533805723623
77,56,380,429.24235578516715
376,700,413,429.95116001704196
91,354,250,430.0941757336409
269,611,328,430.59029250553243
78,45,387,432.40374651475906
397,720,433,434.1174956161062
75,57,372,434.1658669218482
270,615,326,434.53423340399775
74,59,367,436.3312961500699
72,68,357,437.4402816385341
71,71,353,438.39822079930934
70,70,353,439.0649154737828
65,239,258,439.84088031923545
370,699,396,439.94545116411877
195,515,265,441.96040546637204
433,763,491,442.4036618293298
432,763,488,443.6935879635855
57,227,257,444.3253312607779
197,520,263,445.5760316713636
69,61,352,445.85647914996144
61,245,248,447.82585901218346
60,243,248,448.35700061446573
56,207,257,450.8491987350094
55,208,255,452.38258145070085
54,208,253,454.26203891586624
204,543,258,458.7853528612264
45,155,270,459.7434066955175
44,154,270,460.19669707636973
43,124,283,463.38968482261237
53,227,236,464.3619278106249
49,206,242,465.2880828046212
48,206,238,469.05543382419097
120,421,212,471.58032189649305
162,470,219,473.2546883021868
225,579,257,474.9578928705154
52,241,220,475.9033515326405
279,644,294,477.4484265342174
42,206,228,478.49033428064143
50,240,217,479.05949526128796
51,243,215,480.23431780746364
299,673,309,483.4676824773296
40,215,217,486.0792116517636
46,228,213,486.1213840184363
41,219,215,486.7864007960781
39,87,278,487.62690655869267
367,722,350,487.6279319317137
373,725,352,488.4956499294543
123,435,195,490.3152047407871
113,421,192,491.4346345140928
85,351,188,492.1463197058371
381,737,360,492.2154000028849
126,443,194,492.54035367673174
366,724,344,493.1703559623186
83,350,187,493.17136980972447
363,719,338,493.65980188789933
107,414,187,495.63091106185055
142,470,189,502.5236312851367
423,790,415,502.54751019182254
390,753,363,502.58233156369516
391,754,364,502.72954955920386
394,756,363,504.9138540384884
127,451,182,505.7153349464499
364,730,326,509.90685423908553
429,800,415,511.0714235799141
371,735,327,512.8284313491209
431,803,416,513.1237667463864
365,732,323,513.4296446447166
110,427,170,514.0
117,438,170,515.4852083231875
213,573,209,515.6946771104002
179,520,185,519.3014538781882
257,640,240,519.9317262872116
203,567,200,521.5515314904176
31,123,214,524.1717275855309
90,405,157,524.6837142507856
208,573,199,524.8437862831187
385,756,330,526.2594417205263
63,316,153,529.0916744761724
29,121,208,530.4224731287316
68,322,150,531.583483565846
64,321,144,537.6430042323624
103,428,145,538.9341332667657
105,430,145,539.1790055259942
288,683,243,541.6354862820567
231,613,199,542.0894760092655
233,616,198,544.3647674124401
294,692,245,545.4044370923287
182,535,162,545.8094905734051
290,687,238,548.0328457309836
58,320,133,548.687524917416
285,682,233,549.1538946415659
62,325,132,549.3159382359117
26,129,183,549.3314118089371
59,323,129,552.4499977373517
27,160,166,552.6345989892417
293,693,234,554.8116797617008
28,177,157,555.0900827793629
258,653,204,557.3831716153619
35,220,138,560.54705422471
95,424,122,561.3243269269558
316,717,241,563.9476926098731
34,215,135,564.7379923468935
47,292,119,565.4750215526766
24,138,161,565.6730504452196
32,206,136,566.202260680757
23,135,161,566.8730016502815
22,133,161,567.6803678127332
229,617,172,567.9612662849465
223,603,165,568.1769090697017
33,217,128,570.9816109122955
187,546,139,571.1129485487087
222,602,160,572.2945046040544
30,206,127,574.8547642665928
19,131,153,575.8063910725549
17,100,167,576.4876408042066
18,130,152,577.1247698721655
16,107,162,577.8061958823217
186,547,131,579.0138167608783
15,107,160,579.5998619737586
184,546,130,579.6455813684772
14,110,157,580.9802062032751
224,614,156,581.0137692000079
221,604,150,582.2207485138262
226,617,155,583.2160834544945
234,628,159,584.5220269587794
11,114,150,585.5774927368708
238,631,159,585.8882145938762
8,109,150,587.7210222546067
314,725,210,593.2486831000975
201,586,129,594.4156794701836
38,277,89,597.2244134326727
348,749,224,597.4378628778059
262,669,166,598.1906050750046
37,274,87,599.6415596004
200,583,121,600.7337180481882
379,780,245,602.5894124526252
244,658,144,611.8177833309522
12,161,101,613.2250810265347
9,158,99,616.1055104444367
5,149,102,616.344059758833
13,167,94,617.9093784690438
10,164,93,619.8144883753525
252,666,139,620.0725763973118
255,667,138,621.4338259219561
7,157,93,622.0972592770362
36,262,66,622.251556848193
4,146,94,624.8879899630012
3,143,95,625.0
20,188,78,626.9202501116071
25,201,72,629.2122058574515
6,162,83,629.9285673788735
2,146,84,634.2751768751477
313,737,165,636.4754512155201
272,687,132,636.6160538346485
276,689,132,637.6362599476288
21,198,64,637.7154537879727
315,738,164,637.8722442621249
318,741,164,639.6405240445605
237,642,97,646.3203540041116
1,139,62,657.3431371817918
0,136,62,658.3714756883078
286,714,112,667.7012805139735
