325,289,727,18.788294228055936
331,303,729,19.924858845171276
305,277,713,20.223748416156685
324,285,727,20.808652046684813
322,280,726,23.345235059857504
327,286,731,23.706539182259394
311,274,719,24.698178070456937
319,275,726,27.202941017470888
332,278,740,35.510561809129406
275,285,672,39.84971769034255
282,316,671,43.382023926967726
309,345,685,54.120236510939236
318,349,691,55.362442142665635
304,347,681,57.8013840664737
317,351,689,57.9396237474839
306,350,680,60.90155991434045
302,350,675,63.51377803280167
294,347,665,67.26812023536856
320,361,687,68.00735254367721
296,350,666,68.8839603971781
285,346,660,70.00714249274856
312,361,679,71.11258679024411
329,368,695,72.56721022610694
328,368,694,72.78049189171504
316,364,681,73.00684899377592
293,353,661,74.41102068914255
253,299,623,87.02298546935747
370,382,748,93.1074647920348
229,265,622,93.637599285757
244,299,616,94.02127418834527
242,299,615,95.02105029939419
232,283,616,95.03683496413377
364,424,721,127.47548783981962
368,424,723,127.66362050325849
221,301,576,134.05968819895114
216,295,574,136.01470508735443
228,344,581,137.2953021774598
227,344,580,138.23530663329106
287,418,617,152.6106156202772
200,203,574,165.32392446346051
265,403,582,166.19265928433782
193,255,546,169.29264603047588
267,412,583,171.3300907604966
277,429,599,172.46738822165773
204,296,535,175.0028571195339
207,307,533,177.28226081590904
395,465,771,178.7316424139833
386,472,748,179.07819521091898
390,470,758,179.53551180755298
396,467,771,180.61284561182242
340,468,650,181.22085972646747
195,300,524,186.02419197512995
205,315,524,186.86893802876924
197,308,522,188.32153355365392
191,298,521,189.0026454841307
380,485,731,189.16923639957952
389,484,747,190.62528688503002
399,477,773,190.7065809037538
400,477,774,191.03926298015284
394,482,760,191.637678967368
321,470,618,195.94131774590065
403,480,782,196.65451939886864
362,490,666,197.9520143873257
188,297,512,198.0
186,268,514,198.13379318026495
249,414,550,198.2145302443794
347,485,647,198.27506146764904
183,190,538,202.5660386145713
184,269,509,202.94087809014724
210,348,512,204.46271053666484
350,492,647,204.9243762952568
341,490,634,207.4246851269154
209,350,509,207.87015177749788
385,505,725,208.54016399725018
356,499,654,209.61870145576228
182,180,536,209.67832506007863
270,452,563,213.62116000059544
176,197,521,213.82469455140114
175,183,524,218.15590755237412
172,185,519,221.41589825484527
326,494,608,221.84003245582164
169,205,508,221.96396103872357
170,185,518,222.27910383119686
168,201,508,223.6515146382872
173,167,528,223.6604569431083
354,511,638,225.78751072634643
343,507,624,226.92730113408567
359,516,645,228.44255295369118
330,502,606,229.87170334775874
367,528,650,238.66503723838562
334,511,604,238.81373494839028
166,168,503,243.90571949013415
392,541,713,244.0184419260151
167,166,504,244.12496799794977
165,230,475,244.36448187083164
251,455,518,248.65236777477105
171,307,455,255.1960031034969
240,455,507,257.2411320143029
401,557,719,260.155722597063
153,245,455,260.24795868555816
291,505,552,261.20490041344937
402,559,719,262.15453457836657
260,473,514,263.4236132164313
256,474,511,266.32686683847726
259,475,511,266.9925092582187
194,392,458,269.3120866207085
163,283,439,271.3613826615718
393,568,695,271.4148116813082
162,284,438,272.31048455760936
160,282,438,272.4132889563209
230,462,493,272.6059427085184
234,467,492,276.4489102890442
357,554,608,276.5013562353718
150,279,433,277.58422145359776
266,491,510,278.6323742855449
314,530,557,278.7436097922247
147,276,432,278.792037189013
151,283,431,279.35103364763125
146,275,431,279.8660393831306
161,294,430,280.0160709673643
250,478,496,280.28021692584724
164,301,429,281.0284683088174
149,283,429,281.3485382936972
263,492,507,281.48534597737057
152,289,427,283.1130516242584
138,105,496,287.50652166516153
404,587,710,290.0
142,287,419,291.171770609721
158,307,418,292.1711826994579
301,534,539,292.2498930709813
137,281,418,292.43802762294786
375,580,634,293.027302482209
268,509,507,293.51831288694746
154,307,416,294.17001886664116
157,308,416,294.20571034566956
222,458,461,296.5164413653988
218,456,458,297.9681191000138
141,296,412,298.00167784762556
140,294,412,298.0151002885592
148,305,412,298.10736320996836
217,457,457,299.34762400927787
144,302,409,301.04152537482264
405,599,719,302.1340761979688
159,321,408,302.95214143491376
131,284,407,303.27874966769434
128,96,482,303.94900888142405
143,305,406,304.1052449399714
135,296,403,307.001628660175
136,300,403,307.01465763054375
134,297,402,308.0
156,327,401,310.4528949776439
237,493,468,311.4161203277698
280,536,507,313.5761470520358
130,295,394,316.0063290505429
145,322,394,316.98738145232215
133,307,392,318.1571938523471
114,239,397,318.3284467338727
101,191,408,320.0624938976762
132,309,390,320.22492095400696
127,297,388,322.0
100,207,399,323.76071410842917
211,459,421,331.30801378777426
94,202,388,335.72161086233336
93,206,385,337.4996296294264
96,111,428,337.81651824622196
90,177,392,339.8882169184451
384,627,621,341.79087173299405
225,509,441,342.49817517762045
231,512,441,344.363180377926
376,622,596,344.41399506988677
233,515,441,346.2441335243097
348,602,543,347.7269043372974
381,631,613,347.80023001717524
116,50,465,347.89941074971654
243,521,443,348.5182922028627
88,133,402,348.9412558010302
214,487,417,349.21197001248396
115,47,465,350.03571246374275
358,612,551,352.85407748813105
388,638,618,353.1925820285585
288,569,482,354.91970923012997
246,527,439,355.44479177503786
378,634,596,355.75975039343615
387,639,611,356.0407280073447
300,578,491,356.2611401766968
108,47,455,357.1064267133819
289,571,480,357.7373338079211
178,417,372,358.6697645467206
235,524,431,359.6804137008297
383,641,604,359.9611090104041
110,296,349,361.0013850388943
406,661,669,366.3017881474236
382,647,597,367.78934187928826
86,161,365,370.8382396679177
124,340,336,376.46380968162134
208,486,380,380.290678297536
409,675,665,380.6691476860188
408,675,660,381.29253861044805
80,203,337,384.6621894597908
206,486,372,387.25314717894804
377,656,561,388.69268066172793
102,315,321,389.41622975936684
226,539,404,390.1281840626232
89,283,320,390.25120115125844
413,688,693,391.3693907295255
336,624,490,394.11800263372896
199,486,364,394.2549936272209
84,53,397,396.86899601757756
99,316,313,397.4543999001647
292,599,449,399.15535822534065
98,317,311,399.50093867223893
85,47,398,399.80495244556437
290,599,447,400.4659785799538
87,41,402,400.4996878900157
83,44,398,401.6876896296425
78,59,386,402.01990000496244
74,198,317,405.2776825831889
72,143,334,406.31514862234707
76,56,382,407.0196555450363
273,589,426,407.33278777923096
415,705,711,408.0012254883556
77,46,388,408.27074350239695
361,652,508,408.4470589929618
120,360,306,408.8826237442721
278,597,432,409.0036674652197
307,616,453,409.6461888019953
279,598,431,410.41686125206894
95,319,300,410.58981964973265
117,357,303,411.3988332506547
272,591,421,412.25841410455166
129,384,307,412.2838827798147
121,363,303,412.3166259078089
407,702,628,413.2178602141974
315,622,454,413.7160862233906
411,704,635,413.8526307757388
75,57,372,414.5407097017131
310,621,451,414.79754097631775
63,128,330,415.88580163309257
73,59,368,416.66293331660785
71,71,357,419.1479452412954
412,710,632,420.30108255868197
104,344,292,420.63404522220975
70,68,357,420.77309799938496
69,71,353,422.5221887664599
68,70,353,423.0579156569464
286,611,426,423.38162454220895
283,611,423,425.39981194166035
374,680,523,426.21356149235794
66,62,352,428.23941901697935
414,724,658,430.15462336234395
373,680,512,431.1531050566608
55,72,341,432.1874593275469
391,700,553,432.5020231166555
335,648,455,433.8502045637411
372,681,508,433.8893868257208
53,70,339,434.93677701477486
410,722,614,435.70747067269804
123,385,282,436.9530867267103
52,71,336,436.9805487661894
105,358,277,437.27565676584373
333,651,449,439.8147337231894
303,632,423,441.1280993090329
79,280,269,441.3275427616092
257,588,375,443.74091539996624
363,677,479,444.7032718566393
308,638,422,446.3462781294362
323,649,431,449.1603277227409
112,376,266,450.9733916762717
284,628,400,453.49862182811535
62,239,258,455.7060456039617
54,228,258,457.23626277888326
109,376,256,460.82209148433844
51,207,258,460.8730844820513
50,208,257,461.6600480873345
41,155,270,462.3461906407362
92,354,251,462.525674963023
40,154,270,462.654298585888
49,209,254,464.41360875839973
59,245,248,464.9171969286574
58,244,248,465.03010655225324
44,206,242,476.7651413431985
203,535,296,477.53533900644464
48,227,237,478.15164958410423
36,87,280,478.53944456021594
223,585,327,479.2003756258962
202,535,292,481.0072764522383
245,600,332,484.4512359360847
379,726,482,485.8240422210494
39,207,230,488.3646178829912
236,597,324,488.87217143134666
252,606,331,489.00102249381854
262,614,337,489.50791617705227
248,606,327,492.1077117867591
47,241,221,492.1960991312304
254,611,328,494.48963588734597
185,515,265,495.5290102506613
45,240,217,496.2841927766791
46,243,216,496.94265262704107
255,615,327,497.8081959952046
352,701,417,499.06412413636787
187,520,263,499.5377863585497
351,701,414,500.8313089254704
42,227,214,500.9151624776395
38,219,215,501.1077728393364
37,215,215,501.745951652826
371,720,433,505.62634425037623
344,700,398,509.65969038172915
119,421,214,511.2650975765899
192,543,260,512.8508555125944
397,763,492,514.4706016868214
398,765,489,517.5567601722539
155,470,218,521.5294814293819
31,122,216,524.0811005941733
82,350,188,524.6837142507856
81,350,187,525.6786090378797
28,121,209,531.0150656996466
122,435,197,531.2372351407608
212,579,257,533.6037855937681
113,422,191,533.8408002391724
125,443,196,534.3332293616036
107,414,187,535.9272338666883
264,645,292,543.9007262359556
139,470,190,548.022809744266
126,451,184,548.0802860895473
281,673,309,549.7062852105659
25,129,184,552.1775076911409
111,426,172,553.2494916400738
60,316,153,557.3239632386176
118,438,170,558.1048288628222
65,322,150,560.5577579518457
345,727,350,560.8029957123981
26,160,166,560.985739569198
349,731,353,561.9653014199364
355,738,361,562.3895447107814
337,720,338,563.3054233717264
91,405,157,563.4474243440998
27,177,159,563.915773852798
346,731,346,566.4379930760294
61,321,144,566.5086054068375
174,521,187,568.9507887330855
24,138,162,570.6005608129035
201,573,210,571.1182014259394
22,134,162,571.7280822209103
21,135,161,572.4028301816825
365,754,364,573.2058966898369
366,755,364,574.0034843099822
369,756,363,575.4042057545287
56,321,135,575.5006516069291
67,331,135,576.0043402614255
34,220,138,577.1594233831759
15,100,167,577.6313703392502
64,328,133,577.8321555607649
103,428,147,578.0397910178849
106,430,147,578.4963266953387
338,730,326,578.7443304257935
196,571,200,578.943866018114
16,109,162,579.3513614379447
57,323,131,579.5834711238753
14,106,162,580.331801644542
198,574,200,580.3697097540498
33,215,135,580.8175272837417
30,206,136,581.1686502212589
18,131,153,581.2099448564176
342,735,327,581.835887514684
241,640,240,581.8496369338044
339,733,324,582.3160653803053
17,129,152,582.7417953090373
13,110,157,583.7619377794342
32,217,128,587.4725525503297
10,114,150,589.1425973395575
29,206,127,590.0593190519069
7,109,150,590.714821212402
43,293,118,592.0135133592813
177,536,164,596.0176171892908
360,758,331,596.7930964748168
97,425,127,596.8860862844768
215,614,201,599.6415596004
219,618,198,604.3053863734792
271,683,243,605.875399731661
274,688,240,611.3763161915908
276,695,234,620.4675656309522
181,545,140,621.6140281557359
11,161,101,624.0008012815368
4,149,102,625.7539452532441
8,158,99,626.6115223964526
213,617,171,626.8341088358227
12,167,94,629.5681059265947
180,547,131,630.6671071175347
9,164,93,631.1719258648945
179,546,130,631.190145677196
6,157,93,632.6839653413069
2,143,96,633.0181671958554
3,146,94,634.2373372799807
19,190,79,640.0078124523169
5,162,84,640.3912866365375
23,200,75,642.3659393211941
35,260,65,646.0603686963007
190,585,131,646.672250834996
20,199,67,650.4252455125031
189,585,123,653.8447828039924
295,723,211,656.107460710515
247,669,168,657.3796467795455
0,136,63,666.7308302456097
1,138,62,667.2218521601342
353,781,246,670.486390615052
224,658,144,671.324809611562
239,668,143,677.5913222584835
238,668,142,678.4283307763613
258,687,134,695.6119607942347
261,689,134,696.7352438336961
297,737,165,700.446286306095
298,738,164,701.8525486168729
220,643,99,702.1659348045873
299,741,166,702.1908572460909
269,714,114,727.3960406821033
