50,208,257,1.4142135623730951
49,209,254,4.47213595499958
44,206,242,16.0312195418814
54,228,258,21.0
39,207,230,28.0
48,227,237,29.0
62,239,258,32.0
58,244,248,38.3275357934736
59,245,248,39.293765408777
37,215,215,43.73785545725808
38,219,215,44.64302857109943
42,227,214,48.33218389437829
47,241,221,50.24937810560445
45,240,217,52.630789467763066
41,155,270,53.36665625650534
40,154,270,54.3415126767741
46,243,216,55.31726674375732
74,198,317,59.682493245507096
79,280,269,73.824115301167
80,203,337,79.1012010022604
31,122,216,94.81033698917012
89,283,320,98.08159868191383
28,121,209,98.97979591815695
72,143,334,99.35793878699377
26,160,166,103.31021246711285
27,177,159,103.4456378974
63,128,330,106.88779163215975
25,129,184,107.5174404457249
86,161,365,116.46887996370532
24,138,162,118.22436297142819
95,319,300,119.61605243444544
22,134,162,120.60265337047937
34,220,138,120.70211265756701
21,135,161,120.80149005703531
36,87,280,122.0
30,206,136,122.00409829181969
99,316,313,122.09013064126027
98,317,311,122.10241602851272
33,215,135,123.25988804148737
102,315,321,125.03199590504823
93,206,385,127.00393694685216
110,296,349,127.28707711311466
18,131,153,129.61867149450345
94,202,388,130.09611831257686
32,217,128,130.38404810405297
29,206,127,131.00381673829202
17,129,152,131.60547101089682
16,109,162,137.18600511714013
90,177,392,137.31715115017496
14,106,162,139.34489585198304
13,110,157,140.03570973148243
15,100,167,140.46351839534705
100,207,399,141.0
104,344,292,141.15594213493105
10,114,150,142.52368224263643
114,239,397,142.63590010933433
7,109,150,145.83552379307312
92,354,251,147.16657229140046
101,191,408,150.8509197850646
60,316,153,151.34728276384746
105,358,277,152.190669884852
124,340,336,154.18495387034366
117,357,303,156.60459763365824
52,71,336,156.7801007781281
65,322,150,157.76247969653622
127,297,388,158.11388300841898
55,72,341,158.47397262642215
53,70,339,159.15401345866212
82,350,188,159.21369287847074
81,350,187,159.65587994182988
120,360,306,160.3527361787132
61,321,144,161.22034611053283
88,133,402,161.90120444270946
130,295,394,161.9876538505327
121,363,303,162.3607095328177
11,161,101,163.6001222493431
43,293,118,164.30459518832697
69,71,353,165.89454481688057
8,158,99,166.37908522407497
4,149,102,166.43316977093238
68,70,353,166.715326230074
132,309,390,166.81726529349413
133,307,392,167.20047846821492
56,321,135,167.70509831248424
131,284,407,167.72000476985446
71,71,357,168.21712160181556
12,167,94,168.80758276807353
109,376,256,169.01183390520322
112,376,266,169.1892431568863
134,297,402,169.81166037701888
135,296,403,170.13524032369074
9,164,93,170.51099671282202
70,68,357,170.65169205138284
57,323,131,172.00290695217916
136,300,403,172.2614292289484
6,157,93,172.40939649566667
66,62,352,172.80335644888382
64,328,133,173.97126199461795
2,143,96,174.18381095842403
67,331,135,174.6568063374571
3,146,94,174.9771413642365
137,281,418,176.28386199536246
140,294,412,176.87566254292872
143,305,406,177.50492950901392
141,296,412,177.867928531256
145,322,394,178.10390225932727
144,302,409,178.39843048636948
123,385,282,179.61069010501575
5,162,84,179.7247896090019
142,287,419,179.7804216259379
19,190,79,179.8054504179448
148,305,412,182.53766734567415
23,200,75,183.13383084509536
129,384,307,183.65728953678914
73,59,368,184.40173534975207
146,275,431,185.88437266214714
156,327,401,186.67886864881092
154,307,416,186.98663053812163
149,283,429,187.128298234126
147,276,432,187.18172987767795
157,308,416,187.52333188166213
152,289,427,187.8430195668713
75,57,372,188.403821617291
159,321,408,188.403821617291
158,307,418,188.67962264113208
151,283,431,188.95766721676048
150,279,433,189.2326610286924
20,199,67,191.1674658512792
161,294,430,192.75113488641253
160,282,438,195.0
164,301,429,195.13328778042973
96,111,428,195.2331938989884
76,56,382,195.38935487891862
78,59,386,195.67319693816015
162,284,438,195.77793542685038
163,283,439,196.30843079195554
35,260,65,200.1449474755733
153,245,455,200.6315030098713
77,46,388,206.93235609734887
84,53,397,207.45360927204905
0,136,63,207.52349264601347
1,138,62,207.79076014106113
85,47,398,212.60291625469299
83,44,398,214.8697279748825
165,230,475,218.21548982599745
119,421,214,218.47654336335515
107,414,187,218.83783950679097
87,41,402,219.75440837443966
171,307,455,220.92758994747578
91,405,157,222.27235545609355
113,422,191,225.1976909295475
111,426,172,235.28068344001383
122,435,197,236.01906702637396
178,417,372,238.94769302087852
125,443,196,244.00819658363937
118,438,170,247.19425559668656
103,428,147,247.3095226634025
166,168,503,248.08466296810852
106,430,147,249.09837414162303
167,166,504,249.39326374222702
128,96,482,249.99399992799826
169,205,508,250.0079998720041
168,201,508,250.0719896349849
108,47,455,253.78928267363852
97,425,127,254.33245958783948
126,451,184,254.9745085297744
184,269,509,258.54400012377005
138,105,496,258.93628559937287
116,50,465,259.8037721050255
170,185,518,260.9291091465266
115,47,465,261.627597932634
172,185,519,261.92556194461054
186,268,514,263.16724720223067
176,197,521,263.1900454044567
155,470,218,266.02443496791795
175,183,524,267.0805122055894
188,297,512,269.47356085523495
139,470,190,271.64867016055865
194,392,458,272.44265451650557
173,167,528,272.9468812791236
191,298,521,278.29840100151495
182,180,536,279.30807363912703
183,190,538,280.515596714336
195,300,524,281.78892810044897
197,308,522,282.66057383370605
205,315,524,287.08883642524313
209,350,509,288.87713651308576
210,348,512,290.5116176678654
204,296,535,290.9467305195231
193,255,546,291.97260145431454
207,307,533,292.61749776799064
199,486,364,298.45770219580527
211,459,421,300.12164200537086
206,486,372,301.39177161959816
208,486,380,304.50779957170226
185,515,265,308.0795351853154
187,520,263,313.0399335548102
200,203,574,316.0253154416589
218,456,458,319.37595401031683
217,457,457,319.53247096343745
174,521,187,321.92701036104444
214,487,417,321.99534158120986
222,458,461,322.8157369150395
216,295,574,328.0243893371345
202,535,292,329.75748664738455
203,535,296,330.1938824387878
221,301,576,331.602171283603
192,543,260,336.00595232822883
177,536,164,342.16516479618434
230,462,493,346.77081768799405
234,467,492,349.79422522391644
227,344,580,349.93285070138813
228,344,581,350.85324567402824
240,455,507,351.4327816240255
225,509,441,353.11896012533794
237,493,468,354.81826334054455
231,512,441,355.6880655855633
249,414,550,357.92876386230824
181,545,140,358.00558654859003
233,515,441,358.2638692360702
251,455,518,359.310450724718
250,478,496,360.672982076562
235,524,431,361.13432404023854
179,546,130,362.36031791574527
226,539,404,362.6844358392017
180,547,131,362.9448993993441
243,521,443,364.44615514503647
232,283,616,365.9781414237741
246,527,439,367.6424893833682
256,474,511,367.8287645087045
259,475,511,368.5552875756906
196,571,200,368.59191526673504
229,265,622,368.59191526673504
242,299,615,368.6638034849638
201,573,210,369.1341219665286
260,473,514,369.17746410093883
244,299,616,369.63224967526844
198,574,200,371.5548411742202
212,579,257,372.0013440835933
253,299,623,376.4159932840261
263,492,507,378.4521105767545
265,403,582,378.67136147324373
266,491,510,379.68407920269715
223,585,327,384.2460149435515
267,412,583,384.252521136817
270,452,563,391.21605284037105
268,509,507,391.41410296513334
236,597,324,395.5451933723882
257,588,375,398.55990766759265
190,585,131,398.7643414348881
245,600,332,399.9062390110962
189,585,123,401.3838561775996
248,606,327,404.9222147524139
252,606,331,405.62297765289384
277,429,599,406.8967928111501
254,611,328,410.01951173084433
215,614,201,410.9720185122097
280,536,507,412.60392630221054
255,615,327,413.7934267240116
262,614,337,414.59618908041114
219,618,198,415.35647340567596
287,418,617,416.41565772674784
272,591,421,417.163037672323
273,589,426,417.31043600657773
291,505,552,418.6167698504206
213,617,171,419.1288584671783
275,285,672,421.283752357007
285,346,660,425.3527947480773
288,569,482,425.6994244769424
289,571,480,426.35665821000146
278,597,432,427.0550315825819
282,316,671,427.1416626834709
279,598,431,427.56286087545067
293,353,661,428.6315434029558
294,347,665,430.4056226398535
301,534,539,431.1496260000697
296,350,666,432.3343613454753
241,640,240,433.3739724533535
290,599,447,435.18386918634747
292,599,449,436.05618903989887
283,611,423,436.3954628545077
286,611,426,437.53856972842976
300,578,491,438.0981625161192
264,645,292,439.31765272977594
314,530,557,440.1477024817919
302,350,675,440.83783866632865
284,628,400,444.30282465903815
304,347,681,445.5659322704105
306,350,680,445.57042092131746
321,470,618,445.83517133577516
312,361,679,448.2822771424273
309,345,685,448.74603062311314
316,364,681,451.1961879271588
326,494,608,452.6245684891619
307,616,453,453.10705136865835
317,351,689,454.41940979672074
318,349,691,455.68958732891844
320,361,687,455.80368581221455
303,632,423,455.90569200219466
330,502,606,456.21157372429735
310,621,451,456.77675072183786
315,622,454,458.956424946857
305,277,713,460.3531253288067
334,511,604,460.5778978631085
313,297,710,460.8730844820513
308,638,422,461.14748183200567
220,643,99,464.08727627462486
328,368,694,464.7762902730732
224,658,144,465.1849094714918
329,368,695,465.7145048202815
311,274,719,465.8433213001985
281,673,309,468.7824655423878
341,490,634,470.6006799825092
247,669,168,470.6846077789245
340,468,650,470.9405482648526
319,275,726,472.9143685700404
343,507,624,473.2398968810639
322,280,726,473.65916015633013
323,649,431,474.6503976612682
239,668,143,475.1273513490883
238,668,142,475.37038191288275
324,285,727,475.44189971015385
325,289,727,476.11448203137024
271,683,243,476.2362858917829
336,624,490,477.1928331398115
347,485,647,478.12655228506185
327,286,731,479.5518741491894
331,303,729,480.6838878098578
274,688,240,481.3366805054441
350,492,647,482.23023546849487
335,648,455,483.001035195578
333,651,449,483.3394252489652
354,511,638,486.6374420448965
348,602,543,487.08315511830216
332,278,740,487.201190474736
276,695,234,488.58980750727903
356,499,654,492.0162598939186
357,554,608,492.8579917176955
359,516,645,495.22722057657535
258,687,134,495.7580054825136
362,490,666,496.54103556503765
261,689,134,497.69468552517213
358,612,551,499.873984119998
367,528,650,506.66063592902105
361,652,508,510.4164965986111
364,424,721,511.3296392739228
344,700,398,512.4929267804581
368,424,723,513.1413060746523
351,701,414,518.0463299744531
295,723,211,518.1360825111489
352,701,417,518.9576090587747
337,720,338,519.2003466870954
363,677,479,519.3659596084441
370,382,748,520.3124061561477
269,714,114,527.0531282517921
338,730,326,527.4021236210564
345,727,350,528.075752141679
375,580,634,529.6272273967795
339,733,324,530.1245136757967
346,731,346,531.3379338989454
342,735,327,532.4894365149415
349,731,353,532.542017121654
376,622,596,535.2279888047709
372,681,508,535.8880480100298
373,680,512,536.8845313472907
297,737,165,538.0975747947579
298,738,164,539.2559689053056
355,738,361,540.8974024711156
377,656,561,541.6733332923081
299,741,166,541.8671423882427
371,720,433,542.0276745702197
374,680,523,542.175248420656
378,634,596,544.5851632205931
380,485,731,548.6465164384077
381,631,613,552.9927666796375
385,505,725,553.9792414883432
383,641,604,555.0423407272638
384,627,621,555.1297145712883
382,647,597,555.4466671067529
360,758,331,555.8147173294352
386,472,748,557.0682184436661
365,754,364,557.1759147701918
387,639,611,557.8826041381825
366,755,364,558.1576838134542
369,756,363,558.9508028440428
388,638,618,561.5701202877518
389,484,747,562.0053380529406
392,541,713,564.4298007724256
390,470,758,564.9504403042802
379,726,482,565.2760387633638
393,568,695,566.8244878266993
394,482,760,572.3888538397651
353,781,246,574.1254218374239
395,465,771,574.2238239571744
391,700,553,574.5206697761187
396,467,771,575.1252037600161
401,557,719,578.8099860921544
402,559,719,580.0215513237417
399,477,773,581.4851674806504
400,477,774,582.3710157622887
404,587,710,590.5116425609236
403,480,782,590.8510810686564
397,763,492,603.2346143914489
398,765,489,603.9246641759219
405,599,719,605.1322169575835
406,661,669,612.4026453241364
408,675,660,616.950565280558
407,702,628,618.0008090609591
409,675,665,620.220122214686
411,704,635,623.8092657215024
410,722,614,626.0678876927007
412,710,632,626.8053924464913
413,688,693,648.5260210662329
414,724,658,653.6734658833874
415,705,711,673.2109624775877
