383,641,604,10.63014581273465
376,622,596,12.0
382,647,597,13.038404810405298
387,639,611,15.811388300841896
381,631,613,17.26267650163207
388,638,618,22.360679774997898
384,627,621,25.96150997149434
377,656,561,41.340053217188775
358,612,551,50.08991914547278
348,602,543,61.91122676865643
375,580,634,66.03029607687671
407,702,628,75.15317691222374
408,675,660,76.00657866263946
406,661,669,77.83315488916018
391,700,553,78.77182237323191
411,704,635,80.1311425102625
409,675,665,80.26207074328447
357,554,608,80.89499366462674
412,710,632,84.09518416651456
374,680,523,86.28441342444185
361,652,508,89.82204629154248
410,722,614,89.82204629154248
373,680,512,95.77055915050303
372,681,508,99.76472322419383
336,624,490,106.47065323364932
414,724,658,109.288608738514
413,688,693,111.01801655587259
314,530,557,111.07204868912791
301,534,539,115.10430052782563
367,528,650,118.96217886370441
393,568,695,118.98319209031165
300,578,491,119.0
334,511,604,123.25988804148737
404,587,710,123.30855606972291
363,677,479,124.65151423067431
359,516,645,127.76932339180638
405,599,719,127.88275880665071
354,511,638,129.9730741346068
343,507,624,130.04999038831184
288,569,482,131.2288078129189
289,571,480,132.00378782444085
330,502,606,132.3782459469833
280,536,507,132.38202294873727
415,705,711,135.15176654413364
291,505,552,136.2974687952788
326,494,608,140.51334456200237
335,648,455,141.69333082400175
315,622,454,142.50614021858848
402,559,719,144.06248644251562
307,616,453,144.12841496387864
401,557,719,145.11374848717816
310,621,451,145.58159224297555
379,726,482,146.4923206178399
356,499,654,146.93195704134618
333,651,449,147.97972834141845
341,490,634,148.92951352905172
392,541,713,149.4590244849738
350,492,647,150.88074761214565
292,599,449,151.10923201446033
290,599,447,153.05554547287727
268,509,507,153.44705927452634
347,485,647,157.48650735856708
362,490,666,160.11246047700348
321,470,618,165.46903033498444
323,649,431,165.6804152578089
397,763,492,165.7015389186232
266,491,510,166.86821147240718
263,492,507,167.5857989210303
278,597,432,168.12197952677099
279,598,431,168.88161534045085
398,765,489,169.14490828872147
286,611,426,171.5488268686207
303,632,423,173.0115603073968
308,638,422,174.04597093871493
283,611,423,174.52220489095365
340,468,650,174.56230979223437
273,589,426,175.85505395068975
272,591,421,180.20543831971332
259,475,511,180.29420401111068
260,473,514,180.6792738528689
256,474,511,181.1767093199344
385,505,725,182.43354954612926
371,720,433,184.29595763336752
270,452,563,184.967564724197
250,478,496,185.29975715040752
246,527,439,189.99473676920633
243,521,443,190.20515240129538
237,493,468,190.4337155022713
352,701,417,191.12822920751398
351,701,414,193.94071259021402
251,455,518,195.25624189766637
233,515,441,195.41238445912276
284,628,400,196.09181522949905
234,467,492,196.73586353280888
231,512,441,197.25364381932212
235,524,431,198.3053201505194
225,509,441,199.12307751739877
240,455,507,199.90497742677644
230,462,493,200.48191938426766
380,485,731,201.06217943710845
277,429,599,205.0219500443794
344,700,398,208.71032557111303
389,484,747,212.84031572989173
226,539,404,214.21717951648975
287,418,617,217.0184323968819
222,458,461,221.812984290821
386,472,748,222.14409737825582
267,412,583,222.3803048833237
394,482,760,223.60679774997897
249,414,550,224.75764725588314
217,457,457,225.055548698538
218,456,458,225.22877258467668
257,588,375,225.73657213663896
390,470,758,230.52114870440846
265,403,582,231.42385356743154
214,487,417,231.62469643800938
399,477,773,236.59670327373541
400,477,774,237.34573937612615
403,480,782,241.4787775354182
396,467,771,241.89667215569543
395,465,771,243.28172968803062
364,424,721,244.38698819699874
368,424,723,245.41597340026587
211,459,421,247.48737341529164
355,738,361,256.9844353263442
262,614,337,259.77105304479176
365,754,364,261.19724347703215
349,731,353,261.6447973876033
366,755,364,261.658173959844
208,486,380,261.83964558485025
345,727,350,262.9923953273174
369,756,363,263.00760445279906
245,600,332,266.18038996139444
252,606,331,266.47513955339247
346,731,346,268.15853519886326
206,486,372,268.47718711279737
254,611,328,268.9851297005097
255,615,327,269.67016891009655
248,606,327,270.4533231446787
337,720,338,271.9558787744806
223,585,327,273.4264069178396
236,597,324,274.5050090617656
199,486,364,275.18720900506986
194,392,458,278.5821243367923
316,364,681,283.0635970943632
328,368,694,283.4783942384322
329,368,695,283.82565070831777
312,361,679,285.3383955937231
338,730,326,286.5588944702293
342,735,327,287.3360402038004
320,361,687,287.76726707532254
293,353,661,288.41983288255335
339,733,324,289.4563870430224
281,673,309,289.6377047278203
228,344,581,290.38767191463205
227,344,580,290.4410439314664
296,350,666,292.4995726492605
360,758,331,292.5764857263823
370,382,748,294.29237163066256
302,350,675,294.7829710142701
285,346,660,295.0254226333724
294,347,665,295.1779124528121
306,350,680,296.1621177666043
209,350,509,297.0269348055829
317,351,689,297.88924116187883
210,348,512,298.0805260328155
304,347,681,299.322568477554
318,349,691,300.416377715996
309,345,685,302.39378300487596
264,645,292,304.19894805866767
178,417,372,311.8733717392365
203,535,296,315.91296269700615
202,535,292,319.71393463532365
282,316,671,326.72465471708745
205,315,524,327.0244639166923
207,307,533,333.0135132393279
221,301,576,333.600059952033
197,308,522,334.2932844075693
242,299,615,335.538373364359
244,299,616,335.5964838909967
253,299,623,336.0862984413378
216,295,574,339.7131142596647
195,300,524,341.67235767618075
212,579,257,343.43267171310305
204,296,535,343.4603324985289
191,298,521,344.26879033685293
188,297,512,347.3110997362451
192,543,260,348.104869256378
232,283,616,351.5693388223723
185,515,265,351.7413822682796
187,520,263,351.9730103289171
313,297,710,355.75975039343615
241,640,240,356.0505582076793
171,307,455,356.10391741737413
271,683,243,356.384623686264
331,303,729,356.72117963473937
275,285,672,357.179226719584
274,688,240,360.0722149791622
156,327,401,363.69492710237245
159,321,408,365.1205280451922
276,695,234,367.1035276321926
325,289,727,369.0338737839658
229,265,622,369.9148550680278
145,322,394,371.68266034347096
158,307,418,372.307668467895
157,308,416,372.3922662999327
164,301,429,372.52919348689977
324,285,727,372.77607219348187
154,307,416,373.26800023575555
327,286,731,373.26800023575555
186,268,514,375.0733261643648
184,269,509,375.22526567383494
305,277,713,375.68337732723813
148,305,412,376.95755729259497
322,280,726,377.11536696347974
161,294,430,378.35961729550365
353,781,246,379.61691216277495
143,305,406,379.9223604896137
311,274,719,380.4326484412188
144,302,409,381.04199243652926
319,275,726,381.812781347089
129,384,307,382.12694225872116
193,255,546,382.28392589801626
162,284,438,384.01041652538544
332,278,740,384.02083276822367
152,289,427,384.16923354167756
163,283,439,384.5126785946076
132,309,390,384.78695404080423
141,296,412,384.83762809787714
133,307,392,385.4153603581466
136,300,403,385.75251133336775
160,282,438,385.83416126621034
140,294,412,386.5953957304717
151,283,431,387.8479083352133
149,283,429,388.7029714319148
134,297,402,388.8508711575686
135,296,403,389.2210169042777
142,287,419,389.5356209642451
150,279,433,390.6328199217265
201,573,210,390.7902250568711
124,340,336,392.4742029739025
147,276,432,393.77658640401665
130,295,394,394.62007044751283
146,275,431,395.102518341759
295,723,211,395.15313487305144
137,281,418,395.33909495520425
215,614,201,395.50600501130197
127,297,388,396.02146406476504
131,284,407,397.7700340649104
219,618,198,398.3214782057327
120,360,306,398.9686704491971
121,363,303,399.1115132390946
198,574,200,400.51966243868725
123,385,282,400.7455551843339
196,571,200,400.98004937901834
117,357,303,403.20962290104137
155,470,218,412.0436870041816
153,245,455,413.76563414570813
110,296,349,418.63229689072006
112,376,266,418.88423221696945
104,344,292,420.1380725428249
102,315,321,421.17217381968624
165,230,475,421.7309568907647
105,358,277,421.82579342662297
174,521,187,424.3229901855425
213,617,171,425.3398641086913
99,316,313,425.69120263402203
98,317,311,426.27925119573905
109,376,256,426.8067478379413
247,669,168,429.42869023855405
200,203,574,431.5611196574594
95,319,300,432.2510844405136
119,421,214,437.3705522780426
139,470,190,437.87212745275303
169,205,508,437.9326432226764
168,201,508,441.85178510446235
114,239,397,442.2962807892465
177,536,164,442.97629733429306
299,741,166,443.11285244280606
297,737,165,443.13654780439856
125,443,196,443.2617736733002
176,197,521,443.3892195351619
92,354,251,444.3253312607779
298,738,164,444.3422104639621
122,435,197,445.8721789930383
89,283,320,446.51651705172117
183,190,538,447.7722635447622
126,451,184,450.81370875340514
224,658,144,452.6367196770496
239,668,143,454.27414630374903
238,668,142,455.27134765983243
172,185,519,455.554607045083
170,185,518,455.7246975971348
175,183,524,456.71106840101874
113,422,191,457.1312721746348
182,180,536,457.94759525517765
107,414,187,464.4146853836558
181,545,140,464.60413256879235
258,687,134,465.03010655225324
261,689,134,465.2622916162452
190,585,131,467.5745929795587
118,438,170,468.9264334626488
100,207,399,470.2531233282773
173,167,528,471.9247821422393
111,426,172,472.27110858065413
180,547,131,473.06870536952664
179,546,130,474.23622805517505
166,168,503,475.18943590951176
189,585,123,475.53128183117457
167,166,504,476.95702112454535
93,206,385,477.18445071062405
94,202,388,479.4663700406943
101,191,408,481.2411038138783
79,280,269,481.918042824711
269,714,114,488.5939009033985
106,430,147,493.1703559623186
103,428,147,494.0010121447121
91,405,157,495.13836450026776
220,643,99,497.08148225416727
82,350,188,497.11165747747253
81,350,187,497.9327263797791
90,177,392,500.46478397585577
80,203,337,502.8339686218504
97,425,127,513.4608066834313
74,198,317,517.6263130869604
62,239,258,519.8740232017753
59,245,248,521.9434835305448
58,244,248,522.6892001945324
86,161,365,526.3933890162375
54,228,258,528.2802286665667
88,133,402,537.2494765004429
138,105,496,538.3688326788615
48,227,237,542.7061820174891
47,241,221,543.2071428101807
65,322,150,544.2977126536542
50,208,257,544.4235483518324
51,207,258,544.5851632205931
46,243,216,545.2348118013009
60,316,153,545.3191725952793
49,209,254,545.5171857971112
45,240,217,546.6964422785281
96,111,428,549.3204893320474
61,321,144,549.7935976346032
128,96,482,549.945451840453
67,331,135,551.6611278674618
64,328,133,554.9819816894959
44,206,242,555.4277630799527
72,143,334,556.5294241996554
56,321,135,557.2162955262526
42,227,214,558.1872445694187
57,323,131,559.4157666709082
39,207,230,562.3922118948661
38,219,215,563.3702157551462
37,215,215,566.3232292604639
63,128,330,571.6572399611501
41,155,270,579.4109077330181
40,154,270,580.2378822517537
43,293,118,587.1669268615186
116,50,465,598.5123223459982
115,47,465,601.4399388135112
108,47,455,603.6969438385455
71,71,357,611.6289724988508
78,59,386,612.1478579559026
69,71,353,613.2030658762234
68,70,353,614.121323518407
84,53,397,614.135164275748
70,68,357,614.3915689525695
76,56,382,616.344059758833
55,72,341,617.1458498604685
34,220,138,617.3815675900926
73,59,368,618.5539588427189
75,57,372,618.9547640983144
85,47,398,619.4941484792249
53,70,339,619.7943207226087
52,71,336,620.136275345992
66,62,352,621.8681532286406
83,44,398,622.3375289985331
33,215,135,622.9622781517353
77,46,388,623.7050585012117
87,41,402,623.9270790725467
32,217,128,626.8277275296618
30,206,136,628.3183906269178
36,87,280,631.715917165303
27,177,159,632.3116320296504
29,206,127,634.93700474929
31,122,216,637.6080300623573
26,160,166,639.9812497253338
28,121,209,642.6025210034583
35,260,65,649.4897997659393
25,129,184,651.7430475271677
24,138,162,659.0690403895483
21,135,161,661.9864046942354
22,134,162,662.0845867409994
18,131,153,670.267110934141
17,129,152,672.4291784269924
23,200,75,678.083328212691
16,109,162,681.1615080140685
19,190,79,681.4873439763941
14,106,162,683.4764077859601
13,110,157,683.5912521382935
11,161,101,684.6561180621992
20,199,67,684.8839317723844
15,100,167,684.9795617388887
10,114,150,685.066420137493
12,167,94,685.6332839062001
8,158,99,688.1751230609837
9,164,93,688.4104880084266
7,109,150,688.8693635225768
4,149,102,692.2867902827555
6,157,93,693.2084823485644
5,162,84,696.3677189531404
3,146,94,700.1057063044123
2,143,96,700.7717174658235
1,138,62,728.8154773329118
0,136,63,729.4470508542755
