330,621,451,2.0
327,616,453,5.0
311,600,448,21.587033144922902
310,600,446,22.135943621178654
361,648,454,27.018512172212592
304,611,426,28.792360097775937
360,651,449,30.265491900843113
317,626,423,30.4138126514911
358,651,447,30.59411708155671
297,598,431,31.827660925679098
301,613,422,32.01562118716424
322,631,422,32.57299494980466
295,597,430,33.24154027718932
346,648,430,35.4682957019364
326,638,421,36.235341863986875
362,623,491,38.05259518088089
291,589,426,41.86884283091664
289,591,421,43.86342439892262
306,629,401,52.61178575186362
302,570,479,57.245087125446844
320,578,491,57.38466694161429
307,569,482,59.53990258641679
389,677,479,61.741396161732524
387,652,508,63.13477647065839
398,679,510,81.32035415564789
399,681,508,81.39410298049853
271,587,375,85.0881895447306
378,700,416,87.23531395025755
376,700,413,88.54942122905152
282,534,474,89.49860334105779
400,680,521,90.02777349240623
375,602,543,91.98369420718001
245,539,403,96.04165762834376
382,611,549,96.51942809610924
370,699,396,96.60745312862771
298,536,507,100.70253224224304
397,720,433,101.0
405,712,497,101.07917688624102
406,714,497,102.88342918079665
408,726,482,108.93117092916977
403,656,561,113.52973178863765
277,614,336,117.2092146548214
242,507,418,119.25183436744275
321,534,539,122.3315167894194
261,600,332,122.8087944733601
264,605,330,124.03628501370073
284,508,507,125.23977004130916
269,611,328,125.39936203984452
263,606,327,126.8897158953396
270,615,326,127.1416532848303
424,700,553,127.4401820463232
241,496,422,128.7866452703851
253,596,325,130.41855696180662
251,490,468,131.85598204101322
243,585,326,132.00378782444085
227,497,399,135.2479205015737
334,530,557,138.19189556555045
278,492,506,139.46325680981354
230,487,414,139.5600229292042
228,486,414,140.52046114356443
280,491,509,141.54857823376398
402,620,596,143.0034964607509
407,634,596,143.58969322343438
367,722,350,144.25671561490648
373,725,352,144.97241116847025
432,763,488,146.24978632463024
412,647,597,146.32839779072276
433,763,491,146.99659860010368
404,625,600,147.05441169852742
381,737,360,148.67750334196495
265,478,496,149.3251485852266
366,724,344,149.96666296213968
363,719,338,151.09268678529745
413,641,604,152.31874474272692
308,504,551,152.620444239951
299,673,309,153.1012736720371
274,475,511,157.09869509324386
273,474,511,158.02847844613325
217,485,372,158.2940302096071
254,467,492,158.86157496386593
390,753,363,159.76232346833217
391,754,364,160.0312469488381
275,473,514,160.0781059358212
411,631,613,160.31219541881399
279,644,294,160.65490966665163
394,756,363,162.24980739587951
210,485,363,163.0828010551695
239,458,460,163.1502375113196
249,462,493,163.95426191471816
235,457,457,164.04877323527901
236,456,458,165.07574019219177
419,638,618,165.873445734994
364,730,326,167.36188335460378
415,627,621,168.1071087134628
384,554,608,168.86088949191284
371,735,327,169.91762710207556
365,732,323,170.94151046483705
423,790,415,173.21951391226105
256,453,506,176.16185739256952
268,455,518,178.27226368675525
214,534,294,181.24568960391858
385,756,330,182.6307750626931
429,800,415,182.98907071188705
212,534,291,183.88311504866346
431,803,416,185.72291188757515
359,510,604,187.40864441108366
401,577,636,188.2153022471871
446,722,614,190.057885919001
443,702,628,192.83671849520775
355,501,607,195.2331938989884
448,710,632,199.90497742677644
447,704,635,200.032497359804
352,494,608,200.38463014912097
225,579,257,200.44949488586894
287,452,563,201.64572894063488
372,507,624,205.5164227014474
204,543,258,210.02142747824567
257,640,240,213.84573879317773
444,675,660,213.92755783208483
197,520,263,215.17667159801502
380,511,638,215.23243250030885
195,515,265,215.82400237230334
386,517,643,216.60101569475614
393,528,650,217.84857125994654
185,417,374,218.76242821837573
445,675,665,218.76928486421488
288,683,243,218.96118377465902
442,661,669,219.6724834839357
294,692,245,219.78398485785993
368,492,634,222.26560687609768
344,470,618,223.66492796144863
290,687,238,224.90220096744272
266,415,550,227.69497139814047
441,649,679,227.72790781983662
285,682,233,228.3002409109548
450,724,658,229.42101037176172
293,693,234,230.53199344125753
205,390,457,231.03462943896528
316,717,241,232.7230113246217
377,492,647,232.97424750388186
449,670,681,233.20591759215716
383,499,654,235.1276249188938
374,485,647,236.92192806914264
296,429,599,241.20530674095875
283,413,583,245.2835094334717
340,450,631,246.82990094394967
426,568,695,247.7357463104588
213,573,209,248.67649667791284
328,442,626,248.93774322107123
369,470,651,249.00803199896987
388,490,666,250.05999280172747
258,653,204,251.04780421266383
337,443,631,251.7300141024109
281,403,582,253.3081127796739
231,613,199,254.12595302329905
233,616,198,255.04901489713697
208,573,199,258.49564793241683
203,567,200,258.69866640553056
439,587,710,259.2392717163046
305,418,617,260.969346858975
379,780,245,261.8110005328271
348,749,224,262.3451924468981
314,725,210,264.31988196123274
440,598,717,265.0
452,705,711,271.3300573102803
133,392,305,272.66279540854123
425,542,714,272.69396766338633
219,350,509,276.72549575346324
162,470,219,278.4905743467811
437,552,723,278.6772326545532
130,385,304,279.1003403795846
436,550,723,279.17915394957413
220,348,512,279.3027031734566
229,617,172,281.0284683088174
179,520,185,286.40006983239374
223,603,165,288.5619517538652
262,669,166,290.98625397087056
124,385,282,291.4395306062649
414,505,722,292.9453874018159
222,602,160,293.6153946917634
234,628,159,294.0833215264001
238,631,159,294.17001886664116
417,506,724,294.3908965983833
418,505,726,296.6226559115133
224,614,156,297.0824801296771
122,362,306,297.80866340655706
226,617,155,298.0268444284843
158,327,400,298.73901653449957
451,645,752,299.96166421727963
119,361,302,300.66759053812234
121,359,305,300.9119472536775
118,357,304,303.14517974066484
182,535,162,303.4419219554213
221,604,150,303.4765229799498
161,321,406,303.65934861288235
247,345,580,303.8173793580611
125,341,335,303.84864653310535
157,321,404,303.97532794620025
142,470,189,304.13319450530224
246,344,580,304.72610652846924
147,322,394,304.765483609939
140,322,389,305.77279146451207
112,376,266,308.21096670949265
170,314,424,308.36666486505965
410,484,730,309.0275068662982
313,737,165,310.4834939252005
244,658,144,311.20732639190874
315,738,164,311.7851824574093
318,741,164,312.92331328937445
120,421,212,313.1788626328412
176,307,455,314.00636936215164
126,443,194,314.2689930616764
109,376,256,314.37875246269425
108,360,277,314.79675983084707
216,314,524,315.1031577118833
160,308,416,315.1793140420227
163,307,418,315.94461539959815
159,307,416,316.17242131469976
252,666,139,317.2081335653296
123,435,195,318.0565987367657
255,667,138,318.34101212379153
150,305,412,318.64870939641355
134,307,392,319.8702862098948
127,451,182,319.90779921721196
209,308,522,320.5152102475014
143,304,405,320.6134744517142
168,301,427,321.05451250527534
146,302,409,322.02018570269786
187,546,139,322.8327740487325
420,483,746,323.87188825212974
218,307,533,324.0308627276112
137,300,403,324.87074352732964
201,586,129,325.8849490234245
136,299,401,326.1717339071551
98,341,284,327.04892600343453
144,296,412,327.5759453928203
272,687,132,327.7148150450327
164,294,429,327.8795510549568
276,689,132,328.12345237730267
207,300,524,328.7582698579611
113,421,192,328.8175786055241
135,296,402,328.977202857584
199,297,512,329.3281038721111
131,297,393,329.50872522590356
416,471,747,330.0545409474016
202,298,521,330.0802932621092
186,547,131,330.39370454050726
128,297,388,330.4557459025338
141,293,412,330.55256768024054
184,546,130,331.59312417479345
104,316,321,332.3386826717588
392,424,722,333.42165496560057
200,583,121,334.16762260877397
151,288,425,334.17510380038783
395,424,724,335.0373113550191
99,318,310,335.0492501110844
91,354,250,335.40721518774757
145,287,419,335.72607882021913
215,295,534,335.9121909070881
427,482,759,336.09076155110245
97,316,311,336.43572937486886
156,285,430,336.7862823809782
117,438,170,337.013352851189
107,414,187,337.0534082308025
166,284,438,337.3336627139367
309,353,659,338.02366781040644
167,283,439,338.28981657744293
155,283,431,338.7152196167158
152,283,429,338.85099970340946
165,282,438,339.3316961322653
421,470,757,339.43629741086914
132,284,407,340.1249770305027
111,296,352,340.3321906608307
92,316,299,341.6738210633059
138,281,417,341.90057034172963
153,279,433,342.58429619584143
312,351,664,342.6674773012461
240,301,576,342.82502825785633
110,427,170,343.11076928595526
336,363,680,343.64662081853794
303,346,660,344.200522951375
329,360,678,344.59541494337964
148,277,431,344.70277051396033
149,276,432,345.63853951780317
350,368,690,346.666987179339
232,295,574,347.731218040601
351,368,692,348.037354317033
422,461,763,348.85527085024813
319,350,673,349.05730188609436
354,368,694,349.4137948049561
342,361,687,349.79422522391644
434,477,772,349.9957142594749
435,477,773,350.90739519138094
409,438,754,352.264105466339
323,350,679,352.86966432381234
430,467,771,353.3270439691816
286,714,112,353.4543817807328
198,272,516,354.6406632071399
428,463,771,355.0887213077881
194,269,509,356.4267105591274
324,347,681,356.4547657136877
237,642,97,356.61884414595926
438,480,782,357.9413359756037
196,268,514,358.23176855214837
338,351,689,358.60284438358826
193,266,509,359.3897605664357
259,299,615,360.45526768241297
260,299,616,360.9058048854299
339,349,691,361.4249576329781
105,430,145,362.41550739448223
103,428,145,363.4735203560226
88,283,319,363.59317925395686
267,299,622,363.6550563377333
90,405,157,366.43143969916116
248,283,614,374.3861642742691
300,316,671,374.8986529717065
154,245,454,376.00132978488256
206,255,546,377.63077205121937
85,351,188,378.3186487605389
396,382,748,379.6656423749718
83,350,187,379.73280079550676
95,424,122,385.1882656571978
114,239,397,386.0828926538963
79,280,267,388.4288866703917
169,230,474,391.56353252058597
250,266,624,394.03806922681974
292,285,672,401.06981935817606
332,297,710,413.5516896350443
335,294,712,417.1450587026053
101,206,398,418.6287137786896
93,206,385,420.53418410397984
174,204,508,420.61145966319083
177,204,511,421.01425154025367
94,205,387,421.2030389254095
356,302,729,421.82579342662297
173,201,509,423.71688661180355
345,292,721,424.3406650322356
192,204,536,425.17996189848833
68,322,150,425.68767893844426
63,316,153,427.8142120126446
61,245,248,428.2534296418419
65,239,258,428.89276048914604
183,197,524,429.9034775388541
60,243,248,430.01046498893487
349,289,727,430.4648650006177
64,321,144,430.6750515179629
325,277,713,431.20296844989366
190,198,537,431.2597824977423
100,192,405,431.6769625541766
102,190,407,433.44780539299074
81,202,336,435.0287346831241
347,283,727,435.1091817004095
353,286,732,435.96559497281436
62,325,132,436.64287466990686
331,273,719,438.0182644593716
343,278,726,438.3811127318329
211,199,574,439.00455578501686
58,320,133,439.31879085693566
191,190,540,439.6930747692076
57,227,257,440.0590869417424
59,323,129,440.20449793249503
341,275,726,440.732345080322
175,185,518,440.8185567781828
178,185,519,440.9671189555974
181,183,524,443.71725231277634
76,197,318,444.9730328907585
189,184,538,445.18984714388984
52,241,220,445.7454430501786
51,243,215,446.6855717392269
357,278,740,447.23371965897206
50,240,217,448.1707263978762
89,177,392,448.1707263978762
188,180,536,448.7426879627121
53,227,236,449.8055135277913
171,168,502,455.642403645666
172,166,504,457.849320191698
55,208,255,458.00982522212337
56,207,257,458.0523987493134
54,208,253,458.87797942372436
180,167,528,460.15323534666146
46,228,213,460.4877848542782
49,206,242,465.55987799637546
41,219,215,467.17020452935566
48,206,238,467.38634982207174
86,161,365,468.34175555890806
47,292,119,468.825127312946
40,215,217,469.6083474556218
42,206,228,472.0699100768868
87,133,402,490.657721838758
73,143,334,492.590093282437
45,155,270,500.64458451080844
38,277,89,500.8313089254704
44,154,270,501.5755177438389
37,274,87,504.34611131642527
67,128,331,507.8710466250267
66,128,329,508.35519078691425
35,220,138,509.92744581950086
96,111,428,510.6123774449656
34,215,135,515.7130985344468
33,217,128,518.498794598406
139,102,495,520.6966487312934
32,206,136,522.220260043595
43,124,283,525.2704065526631
129,96,482,525.8003423353773
30,206,127,527.7319395299095
36,262,66,527.8730908087663
28,177,157,533.6215887686704
27,160,166,543.037751910491
31,123,214,552.3812089490373
29,121,208,556.7988864931394
71,71,353,559.0169943749474
70,70,353,560.000892856431
26,129,183,561.2165357506851
72,68,357,561.2708793443679
39,87,278,561.9439473826549
24,138,161,564.404996434298
80,59,386,565.9796816141018
23,135,161,566.974426231025
25,201,72,567.0634885090028
74,59,367,568.5419949308933
22,133,161,568.6897220805032
69,61,352,569.0351482992944
77,56,380,569.6964103801251
75,57,372,569.7868022339584
116,49,464,572.1057594536171
20,188,78,572.8123602018378
106,48,454,573.0008725996846
115,47,464,574.105391021544
19,131,153,574.543296888929
21,198,64,574.6738205277843
18,130,152,575.9183969973524
84,47,397,576.7252378732875
13,167,94,578.7892535284324
12,161,101,579.2270711905651
78,45,387,579.7689194843063
82,43,397,580.706466297733
10,164,93,581.7636977330229
9,158,99,582.8250166216271
7,157,93,587.2784688714545
5,149,102,588.204896273399
6,162,83,589.5600054277767
14,110,157,590.5395837706394
11,114,150,590.642023564189
16,107,162,590.6581075376855
15,107,160,591.6460090290477
17,100,167,594.3374462374047
8,109,150,594.9394927217389
4,146,94,595.4040644805845
3,143,95,597.2001339584579
2,146,84,601.4864919513986
1,139,62,620.6488540229491
0,136,62,622.9815406575061
