21,198,64,8.54400374531753
20,188,78,14.317821063276353
13,167,94,40.496913462633174
6,162,83,40.52159917870962
10,164,93,42.5440947723653
7,157,93,48.75448697299562
12,161,101,49.4064773081425
9,158,99,50.774009099144415
30,206,127,55.226805085936306
2,146,84,56.293871780150276
33,217,128,58.240879114244144
4,146,94,59.23681287847955
5,149,102,60.03332407921454
36,262,66,61.29437168288782
3,143,95,62.39390995922599
1,139,62,62.80127387243033
32,206,136,64.19501538281614
34,215,135,64.53681120105021
0,136,62,65.76473218982953
35,220,138,68.6804193347711
37,274,87,74.52516353554684
38,277,89,77.87810988975015
28,177,157,88.32326986700618
47,292,119,102.42070103255493
27,160,166,102.55242561733974
18,130,152,106.96261028976434
19,131,153,107.05606008068857
24,138,161,109.04127658827184
23,135,161,110.80162453682708
22,133,161,112.0044641967453
11,114,150,116.84605256490268
8,109,150,120.61509026651682
14,110,157,124.52309022827855
15,107,160,128.76334882255898
16,107,162,130.13838787997952
26,129,183,132.30646242719968
58,320,133,133.7235955244997
59,323,129,134.65882815471105
62,325,132,137.7534028617805
17,100,167,138.6578522839583
64,321,144,139.9428454762872
63,316,153,140.6627171641441
46,228,213,143.56183336806478
68,322,150,143.96180048887967
41,219,215,144.12841496387864
40,215,217,145.67429423202984
51,243,215,149.04026301640775
50,240,217,150.1532550429727
52,241,220,153.3101431738944
42,206,228,156.08010763707205
29,121,208,157.78466338652817
31,123,214,162.01234520862909
53,227,236,166.04818577750254
48,206,238,166.0752841334315
49,206,242,170.07351351694948
60,243,248,180.94197965093673
54,208,253,181.13530854032848
61,245,248,181.41664752717708
55,208,255,183.13383084509536
56,207,257,185.09727172489605
57,227,257,186.81809334215998
83,350,187,188.2179587605816
85,351,188,189.62067397834025
65,239,258,189.84203960134857
45,155,270,203.2732151563506
44,154,270,203.5018427434995
79,280,267,210.39486685753528
90,405,157,221.0
43,124,283,224.61077445216202
95,424,122,228.53664913969487
91,354,250,234.71898091121648
39,87,278,235.44001359157284
103,428,145,238.4491560060551
105,430,145,240.35390573069537
107,414,187,242.06197553519223
76,197,318,246.03251817595168
110,427,170,246.3331078032346
113,421,192,250.59928172283335
109,376,256,253.9310930154084
98,341,284,254.05511213120667
92,316,299,254.46807265352564
117,438,170,256.46247288833507
108,360,277,259.43399931389104
88,283,319,260.2556435507211
120,421,212,260.76809620810593
112,376,266,261.2680615766114
81,202,336,264.0018939326004
123,435,195,264.35771220072246
99,318,310,265.2036952985384
97,316,311,265.228203628498
66,128,329,267.1666146808018
73,143,334,268.3430640057611
67,128,331,269.09106265351886
126,443,194,271.01291482141585
127,451,182,273.1300056749533
104,316,321,274.2735860413831
124,385,282,279.2060171271386
118,357,304,279.5711000801048
119,361,302,280.178514522438
121,359,305,281.5190934910099
122,362,306,284.0369694247564
142,470,189,293.3428028774526
111,296,352,295.67718883945037
86,161,365,295.7177708559295
130,385,304,296.10808837314795
125,341,335,297.9412693803932
133,392,305,301.2806001056158
162,470,219,306.54526582545685
71,71,353,309.6142761566398
70,70,353,310.0354818403855
93,206,385,313.0399335548102
69,61,352,313.04951684997053
72,68,357,314.5059617876901
94,205,387,315.02539580167183
89,177,392,320.8987379221053
101,206,398,326.03834130359576
114,239,397,327.2139972556186
74,59,367,327.3973121453504
128,297,388,330.26050323948823
75,57,372,332.77019097268914
100,192,405,333.12159941979144
131,297,393,335.04775778984106
102,190,407,335.18054836162554
87,133,402,336.93322780634145
134,307,392,337.0993918712996
179,520,185,338.42281246984516
140,322,389,339.3081195609678
77,56,380,340.42473470651333
136,299,401,343.2855953866984
135,296,402,343.4020966738555
147,322,394,343.98401125633734
80,59,386,344.61572802180694
132,284,407,345.1289614042844
137,300,403,345.48806057518107
182,535,162,345.9132839311032
143,304,405,348.5656322703086
184,546,130,349.84139263386203
186,547,131,350.9943019480516
158,327,400,351.3687521678614
187,546,139,351.44558611540424
78,45,387,351.5124464368225
146,302,409,351.8096076004747
141,293,412,352.22719940402106
157,321,404,353.0212458195682
144,296,412,353.02266216207704
138,281,417,354.1539213392956
161,321,406,354.902803595576
150,305,412,355.5502777386062
145,287,419,357.49825174397705
84,47,397,359.6400978756401
159,307,416,359.9611090104041
160,308,416,360.25685281476603
82,43,397,361.37100049671943
163,307,418,361.87290586613415
151,288,425,363.5629244023653
152,283,429,366.2963281279243
148,277,431,366.9564006799718
96,111,428,367.2002178648591
156,285,430,367.72272162595556
149,276,432,367.7295201639379
155,283,431,368.2458417959394
195,515,265,368.57156699886656
168,301,427,368.81567211820055
164,294,429,368.9146242696269
153,279,433,369.3304753198685
170,314,424,369.69311597594026
185,417,374,371.29503093900945
197,520,263,371.80909079795236
165,282,438,374.85597234137805
166,284,438,375.2932186970609
167,283,439,376.0491989088662
154,245,454,384.5256818471297
200,583,121,385.12984823303424
203,567,200,387.73702428321184
201,586,129,389.1966084127661
204,543,258,389.30707674020005
208,573,199,393.0814165029937
213,573,209,396.42527669158534
176,307,455,397.3977856002723
212,534,291,398.55990766759265
214,534,294,400.2161915765028
169,230,474,403.0446625375406
210,485,363,406.6165269636737
221,604,150,410.47898850002053
222,602,160,410.5423242492788
106,48,454,411.50091129911243
223,603,165,412.6172560618375
217,485,372,413.10531344924624
116,49,464,420.4378669910692
225,579,257,420.8432012044391
115,47,464,421.16505078175703
224,614,156,421.4558102577303
129,96,482,423.2316150761897
226,617,155,424.19924563817887
229,617,172,427.85044115905737
205,390,457,428.88926309713094
231,613,199,431.129910815754
171,168,502,431.26442004876776
172,166,504,433.4155050295271
233,616,198,433.7061216999364
139,102,495,434.4306619012981
234,628,159,435.7728766226737
174,204,508,436.0103209787585
173,201,509,437.0
238,631,159,438.7128901685019
177,204,511,439.0102504498044
227,497,399,441.0725563895355
237,642,97,441.70804837584745
193,266,509,441.80765045435777
194,269,509,442.25897390556133
228,486,414,445.1842315266793
230,487,414,445.82507780518586
175,185,518,446.2869032360237
196,268,514,447.0492142930127
178,185,519,447.286261805569
198,272,516,449.64096788437774
199,297,512,450.3509742412022
183,197,524,452.01769876853274
181,183,524,452.35826509526714
180,167,528,457.2657870429407
241,496,422,457.73900860643283
202,298,521,459.35824799387245
243,585,326,460.40417026782023
219,350,509,461.7033679755867
242,507,418,461.9004221691078
235,457,457,462.34294630717574
209,308,522,462.5462139073241
236,456,458,462.62403742131687
244,658,144,462.63700673422136
207,300,524,462.71481497786516
220,348,512,463.9062405271134
192,204,536,464.00969817451016
188,180,536,464.4749724150915
190,198,537,465.0096773186554
239,458,460,465.39553070479735
216,314,524,465.9109356947956
189,184,538,466.3099827368057
191,190,540,468.12925565488854
253,596,325,469.07781870389056
252,666,139,469.80208598940897
257,640,240,470.0478699026302
255,667,138,470.6506135128265
258,653,204,470.88002718314567
215,295,534,471.46579939588406
218,307,533,473.0295973826585
245,539,403,473.08033144488263
261,600,332,476.2362858917829
206,255,546,477.06603316522126
262,669,166,477.3468340735068
263,606,327,478.5916840063145
264,605,330,479.3537316012049
269,611,328,483.359079774033
270,615,326,485.70773104820967
272,687,132,489.6896976657769
277,614,336,490.1683384307885
251,490,468,490.2417770855519
271,587,375,490.71886044862794
276,689,132,491.6746892000848
249,462,493,495.3402870754609
279,644,294,495.5128656251016
254,467,492,497.1478653278117
256,453,506,501.85655321017776
211,199,574,502.0039840479356
265,478,496,506.4632267006164
285,682,233,507.2297309898149
232,295,574,510.7249749131131
288,683,243,511.43425774971314
268,455,518,513.2562712719641
290,687,238,513.5679117701961
240,301,576,513.8248728895868
286,714,112,514.557091098743
273,474,511,516.9622810225133
274,475,511,517.4910627247585
293,693,234,517.9845557543198
275,473,514,518.9874757641074
294,692,245,520.5862080385918
282,534,474,522.0086206184722
278,492,506,522.5294250087741
289,591,421,523.3555196995633
266,415,550,523.7174810907118
280,491,509,524.4702088774919
291,589,426,525.2237618387044
246,344,580,527.7433088159432
247,345,580,528.0151512977634
299,673,309,528.1600136322324
284,508,507,532.4227643517884
295,597,430,533.8351805566958
297,598,431,535.2476062534049
306,629,401,539.8379386445529
301,613,422,540.5959674285408
304,611,426,541.6788716573686
314,725,210,541.8671423882427
316,717,241,542.9705332704528
313,737,165,544.0082719959321
315,738,164,544.8238247360333
310,600,446,546.8793285542981
318,741,164,547.7809781290329
248,283,614,548.1678575035205
311,600,448,548.2490310068956
281,403,582,548.5471720827662
298,536,507,549.0446247801722
302,570,479,549.3723691632116
307,569,482,550.9301226108444
317,626,423,551.2041364140875
287,452,563,551.4363063854247
259,299,615,551.7725980872917
260,299,616,552.756727684069
283,413,583,553.2314163168971
322,631,422,554.4366510251645
250,266,624,555.8138177483536
267,299,622,558.6626889277644
326,638,421,559.2584375760458
327,616,453,563.3702157551462
320,578,491,563.6399560002822
330,621,451,565.7216630110606
308,504,551,566.7892024377317
333,621,453,567.0634885090028
348,749,224,568.6897220805032
346,648,430,572.689270023457
321,534,539,573.5660380461869
296,429,599,574.2064088809876
363,719,338,582.3057616063918
358,651,447,585.768725692999
334,530,557,586.0597239189876
305,418,617,586.6123080877181
364,730,326,586.819392999243
360,651,449,587.05110510074
365,732,323,587.3346575845835
361,648,454,587.9906461841039
366,724,344,589.5023324805425
367,722,350,590.5294234837075
371,735,327,591.7609314579664
373,725,352,594.1178334303727
370,699,396,594.1211997564134
362,623,491,594.6805865336449
328,442,626,604.1498158569611
379,780,245,604.2929753025431
376,700,413,604.3856384792742
303,346,660,605.6145638935708
292,285,672,605.8514669454883
378,700,416,606.0833276043815
309,353,659,606.3604538556253
381,737,360,608.4734998338054
344,470,618,608.668218325879
337,443,631,609.1346320806264
300,316,671,609.9393412463243
312,351,664,610.7077860974101
352,494,608,610.8559568343425
340,450,631,611.9493443088243
385,756,330,612.0367636016647
355,501,607,613.3718285020922
359,510,604,615.2276001611111
375,602,543,618.5806333858181
319,350,673,619.1946382196796
390,753,363,624.0072114967903
323,350,679,625.0199996800102
391,754,364,625.3582972984367
324,347,681,626.2563372932844
389,677,479,626.2786919575022
329,360,678,626.5117716372135
394,756,363,626.6625886392134
387,652,508,627.2933922814747
382,611,549,628.9904609769532
336,363,680,629.2122058574515
372,507,624,631.1418224139484
397,720,433,632.2040809738577
368,492,634,632.8704448779387
338,351,689,634.9716529105847
342,361,687,635.4722653271344
339,349,691,636.4471698420851
369,470,651,638.4371543072975
350,368,690,640.1663846219981
374,485,647,641.3119365800078
384,554,608,641.7982549056985
351,368,692,642.0973446448755
354,368,694,644.0287260674014
377,492,647,644.4423946327554
332,297,710,645.1821448242349
380,511,638,645.3340220382
325,277,713,645.4897365566706
335,294,712,646.721733050622
398,679,510,648.3270779475434
399,681,508,648.4566292359112
331,273,719,650.9938555777619
386,517,643,652.6078454937544
383,499,654,653.8562533156658
345,292,721,655.3487621106796
400,680,521,656.5378892341248
341,275,726,658.1732294768605
343,278,726,658.5172738812552
347,283,727,660.1128691367863
388,490,666,660.5732359095394
349,289,727,660.8850126913153
393,528,650,664.0880965655084
405,712,497,664.6397520461743
356,302,729,664.7179853140728
353,286,732,665.450974903486
408,726,482,666.1268647937868
406,714,497,666.1786547165858
403,656,561,667.9416142148953
402,620,596,670.9224992500997
357,278,740,672.4232298188397
404,625,600,677.1705841219035
401,577,636,677.84363978723
407,634,596,679.7536318402425
423,790,415,681.593720628352
392,424,722,687.1892024762903
412,647,597,688.8693635225768
395,424,724,689.0812724200244
429,800,415,690.253576593414
413,641,604,690.3796057242711
411,631,613,691.0723551119665
424,700,553,693.0815247862259
431,803,416,693.3541663536753
415,627,621,694.8935170225723
432,763,488,699.2138442565335
419,638,618,699.3461231750699
396,382,748,699.8121176430143
433,763,491,701.0028530612411
410,484,730,716.2771809851267
414,505,722,717.5764767604913
417,506,724,719.8117809538824
418,505,726,721.201774817561
409,438,754,722.0062326600789
426,568,695,723.061546481349
425,542,714,726.9422260400065
416,471,747,726.9972489631581
420,483,746,730.6161783043132
421,470,757,735.9252679450543
422,461,763,738.2960110958205
436,550,723,738.6487663294375
437,552,723,739.5958355750795
427,482,759,742.246589753028
439,587,710,745.6808968989349
428,463,771,746.4884459923006
430,467,771,747.901731512904
443,702,628,748.4230087323612
446,722,614,751.8011705231643
434,477,772,752.4466758515184
435,477,773,753.3770636275038
442,661,669,753.6637181130587
441,649,679,754.422295534802
447,704,635,754.9688735305582
444,675,660,755.2615441024387
448,710,632,756.7568962355084
440,598,717,757.3862950964983
445,675,665,759.1607207963278
438,480,782,762.8505751456179
449,670,681,768.662474692241
450,724,658,785.4457333259886
451,645,752,812.1182179953852
452,705,711,813.8408935412376
