265,403,582,9.055385138137417
277,429,599,23.345235059857504
249,414,550,33.06055050963308
287,418,617,34.52535300326414
270,452,563,44.721359549995796
321,470,618,67.7421582177598
228,344,581,68.0294054067798
227,344,580,68.06614430096654
251,455,518,77.93587107359485
326,494,608,85.72630868059116
240,455,507,87.32124598286491
340,468,650,87.32124598286491
260,473,514,92.09777413162601
330,502,606,92.89241088485109
341,490,634,93.1933474020544
256,474,511,95.01578816175763
210,348,512,95.58765610684259
259,475,511,95.67131231461184
209,350,509,96.54014708917737
347,485,647,97.082439194738
293,353,661,97.8008179924892
291,505,552,98.03060746521976
334,511,604,101.20276676059801
285,346,660,101.41498903022176
350,492,647,102.44998779892558
230,462,493,102.95630140987001
343,507,624,103.46980235798269
296,350,666,103.60019305001319
294,347,665,104.63746938836012
234,467,492,106.3296760081587
266,491,510,107.56393447619885
312,361,679,108.70602559196064
316,364,681,109.12378292562992
250,478,496,109.20164833920778
263,492,507,110.34491379306978
302,350,675,110.9414259868693
221,301,576,111.22050170719426
356,499,654,112.29425630903836
354,511,638,113.25193155085701
205,315,524,113.53413583587978
362,490,666,113.89907813498755
306,350,680,115.12167476196652
320,361,687,115.83177456984762
207,307,533,116.29703349613007
216,295,574,117.34564329364768
242,299,615,117.44360348695028
304,347,681,117.5967686630887
244,299,616,117.72000679578642
328,368,694,119.4026800369238
253,299,623,119.87076374162301
329,368,695,120.33287165193059
197,308,522,120.56948204251356
314,530,557,120.83045973594572
359,516,645,121.07848694132248
309,345,685,122.03687967167957
317,351,689,122.29881438509533
268,509,507,123.22743201089601
318,349,691,125.03199590504823
204,296,535,125.53883861180172
194,392,458,126.58988901172162
195,300,524,126.58988901172162
301,534,539,129.6919426949878
191,298,521,129.76902558006668
282,316,671,130.23056476879765
222,458,461,130.38404810405297
218,456,458,132.51792331605563
232,283,616,133.15404612703287
217,457,457,133.79461872586654
367,528,650,133.9589489358587
188,297,512,135.15176654413364
364,424,721,138.52075656738234
368,424,723,140.51334456200237
237,493,468,140.6627171641441
357,554,608,144.183910336764
280,536,507,145.43727170158274
229,265,622,152.0855022676389
275,285,672,155.08062419270823
186,268,514,159.67780058605516
184,269,509,161.01242188104618
193,255,546,161.3009609394811
380,485,731,165.0242406436097
171,307,455,165.55663683464942
370,382,748,167.70509831248424
211,459,421,168.6801707374047
385,505,725,169.7439247808298
313,297,710,171.3300907604966
225,509,441,171.96802028284213
231,512,441,173.67786272291585
233,515,441,175.4223474931287
375,580,634,175.57049866079439
386,472,748,175.57049866079439
243,521,443,177.4288589829738
389,484,747,179.10890541790488
214,487,417,182.15652609774924
331,303,729,182.20043907740728
392,541,713,183.14202139323461
246,527,439,184.28510520386612
390,470,758,184.36105879496353
288,569,482,186.6815470259447
305,277,713,187.41664813991312
235,524,431,188.80677953929515
325,289,727,189.38056922503955
289,571,480,189.44656238633627
300,578,491,189.7893569197177
164,301,429,189.8341381311591
394,482,760,190.33917095542893
324,285,727,192.00260414900626
393,568,695,192.04166214652486
161,294,430,193.2174940319846
163,283,439,193.33132182861627
162,284,438,193.4140636044856
311,274,719,193.75241933973368
348,602,543,194.164878389476
327,286,731,194.3707796969493
322,280,726,194.60986614249546
160,282,438,194.74342094150447
395,465,771,195.3279293905508
158,307,418,195.57607215607945
396,467,771,195.88006534611938
157,308,416,196.73586353280888
159,321,408,197.24603925047518
154,307,416,197.2663174492797
319,275,726,198.0353503796734
152,289,427,198.65799757371965
401,557,719,198.79889335708083
151,283,431,199.36148073286373
402,559,719,200.26232796010336
150,279,433,200.47194317410106
399,477,773,200.81085628023203
156,327,401,200.8706051168264
149,283,429,200.89051744669283
148,305,412,201.71762441591463
400,477,774,201.75727991822254
358,612,551,202.54382241875462
147,276,432,203.21663317750347
146,275,431,204.62893246068603
144,302,409,205.854317418897
142,287,419,206.20620747203515
332,278,740,206.4097865896867
141,296,412,206.6325240614362
143,305,406,206.82843131445927
140,294,412,207.76188293332345
200,203,574,209.19369015340783
145,322,394,209.33466029303412
403,480,782,210.2974084481309
376,622,596,210.40199618824911
153,245,455,210.41150158677164
137,281,418,210.67985190805504
178,417,372,211.05923339195564
165,230,475,211.6317556511782
136,300,403,212.0
135,296,403,214.14014102918676
134,297,402,214.44346574330496
208,486,380,216.0671192014185
404,587,710,216.22673285234646
131,284,407,217.6235281397671
133,307,392,217.9587116864109
384,627,621,218.3323155192561
132,309,390,218.7647137908671
226,539,404,219.4766502386985
169,205,508,220.16811758290527
381,631,613,221.04524423746375
130,295,394,222.28360263411244
378,634,596,222.3803048833237
206,486,372,223.6000894454204
176,197,521,223.76103324752503
168,201,508,223.93302570188257
127,297,388,226.38462845343543
183,190,538,226.51490017215204
388,638,618,228.69411885748178
387,639,611,228.72035327010144
383,641,604,229.96086623597503
292,599,449,230.05434140654683
199,486,364,231.16444363266598
290,599,447,231.22499864850255
405,599,719,231.22499864850255
336,624,490,231.50161986474308
382,647,597,235.41665191740367
172,185,519,235.8495283014151
170,185,518,236.1228493814184
175,183,524,236.47832881682837
273,589,426,236.59670327373541
182,180,536,236.7129062810053
278,597,432,238.80117252643464
279,598,431,240.20824298928628
272,591,421,241.42286552851616
307,616,453,241.9008061168875
377,656,561,244.989795705862
315,622,454,246.45689278249046
310,621,451,247.19425559668656
173,167,528,251.09759058979438
361,652,508,251.44581921360316
286,611,426,253.4758371127315
114,239,397,254.01771591761076
283,611,423,255.34486483969087
166,168,503,256.78006153126455
124,340,336,257.2800031094527
167,166,504,258.3737602776257
110,296,349,261.1742713208941
406,661,669,263.4331034627197
335,648,455,268.47718711279737
303,632,423,272.02941017470886
257,588,375,272.47018185482244
333,651,449,274.00182481144174
408,675,660,274.04014304477363
374,680,523,274.63430230034993
100,207,399,275.4650613054222
409,675,665,275.48684179103725
373,680,512,277.24537868105216
129,384,307,277.41665415039523
308,638,422,277.4833328328028
372,681,508,279.2597357300189
102,315,321,279.3796699833401
323,649,431,281.55461281960913
120,360,306,281.8386062980017
101,191,408,281.89714436297504
284,628,400,283.0989226401259
121,363,303,284.25516705945734
363,677,479,284.6770099604111
117,357,303,285.3506614676055
93,206,385,285.72714256787015
99,316,313,286.5588944702293
94,202,388,286.574597618142
98,317,311,288.11282512238154
391,700,553,289.5582842883277
89,283,320,292.93343953874574
407,702,628,293.47061181658376
411,704,635,296.59399859066605
413,688,693,297.112773202365
95,319,300,297.88924116187883
104,344,292,298.8394217635953
412,710,632,302.00165562460086
123,385,282,302.20853727186466
90,177,392,302.8299853052864
223,585,327,308.97410894765926
105,358,277,310.72817702937726
410,722,614,311.5461442547476
203,535,296,312.2466973404202
245,600,332,313.6000637755037
202,535,292,315.9272068056184
252,606,331,318.0251562376788
236,597,324,318.2860348805772
262,614,337,318.30802691732424
112,376,266,319.03761533712606
138,105,496,319.0893291854179
415,705,711,319.7389560250674
414,724,658,320.887830869293
248,606,327,321.2039850313193
80,203,337,322.7956009613514
254,611,328,323.45942558534296
255,615,327,326.71853329739344
109,376,256,328.97568299191965
379,726,482,329.84390247509504
128,96,482,331.748398639692
86,161,365,332.4530041975858
88,133,402,332.5687898766209
352,701,417,333.28216273902206
185,515,265,334.26486503968675
351,701,414,334.78649913041596
92,354,251,337.02818873204063
187,520,263,337.7336228449871
96,111,428,338.5646171707847
79,280,269,340.61708706405204
74,198,317,341.397129454833
344,700,398,342.29957639471303
371,720,433,342.58429619584143
192,543,260,348.5541564807397
397,763,492,362.60446770551516
398,765,489,365.301245549478
212,579,257,366.28540784475706
72,143,334,366.55422518366913
62,239,258,368.17658806610723
119,421,214,369.10973977937783
155,470,218,369.57949077295945
264,645,292,372.7868023414992
54,228,258,373.47155179477863
59,245,248,374.31804658605495
58,244,248,374.76525986275726
281,673,309,378.41379467455994
63,128,330,380.34852438257207
116,50,465,380.74663491618674
115,47,465,383.6000521376398
51,207,258,384.252521136817
50,208,257,384.56728930058523
49,209,254,386.58763560155415
122,435,197,386.6846260197061
108,47,455,386.79322641432077
125,443,196,388.2396167317292
345,727,350,391.8086267554608
113,422,191,392.127530275547
48,227,237,392.35315724484747
349,731,353,393.269627609354
337,720,338,393.55939831237674
355,738,361,394.4109531947611
107,414,187,396.00505047284435
139,470,190,397.25684386804465
346,731,346,397.404076476324
44,206,242,398.39302202724383
82,350,188,399.8362164686936
47,241,221,400.3560914985558
81,350,187,400.8241509689754
126,451,184,400.90148415789133
46,243,216,404.04207701673846
78,59,386,404.2499226963439
84,53,397,404.32289076924644
45,240,217,404.40079129497263
41,155,270,404.99135793248723
40,154,270,405.62667565139253
365,754,364,406.1095911204265
201,573,210,406.2634613154375
366,755,364,406.95208563171167
39,207,230,408.20828017079714
369,756,363,408.3331972788889
76,56,382,408.8239229790742
338,730,326,408.8679493430611
71,71,357,409.0928989850594
85,47,398,409.20654931220247
174,521,187,410.7274035172233
111,426,172,411.2383736958408
69,71,353,411.316180085345
70,68,357,411.5968901728972
241,640,240,411.8652692325489
83,44,398,411.8846926021893
68,70,353,412.1456053386958
342,735,327,412.146818500398
339,733,324,412.4584827591742
42,227,214,412.77839090727605
87,41,402,412.79777131181316
75,57,372,412.9721540249415
73,59,368,413.3206987316266
118,438,170,413.81759266614074
196,571,200,414.69265727765185
77,46,388,414.70591989987315
38,219,215,415.53940848011035
198,574,200,415.8521371833984
55,72,341,417.3296059471458
37,215,215,417.41226623088113
66,62,352,419.3578424210045
53,70,339,420.11903075200007
52,71,336,421.0581907527747
91,405,157,426.0575078554537
360,758,331,428.04205400871535
215,614,201,432.12035360533525
271,683,243,434.7884543085292
103,428,147,436.2934792086629
106,430,147,436.3714014460618
219,618,198,436.64745504812004
177,536,164,436.9633851937711
274,688,240,440.25560757360034
60,316,153,440.5859734489967
65,322,150,442.2544516452039
36,87,280,444.3354588596323
61,321,144,448.33246592233314
276,695,234,449.32171102674306
67,331,135,455.2636598719472
97,425,127,456.18526938076377
56,321,135,457.1487722831595
64,328,133,457.7728694450994
213,617,171,460.1836589884521
57,323,131,460.6788469204984
181,545,140,462.5343230507332
31,122,216,467.748864242341
180,547,131,471.7297955397772
179,546,130,472.40342928475866
28,121,209,473.8744559479863
43,293,118,479.98541644512494
190,585,131,483.97623908617663
34,220,138,484.65348446080526
27,177,159,484.7690171617819
295,723,211,484.87627287793737
26,160,166,487.2299251893299
247,669,168,488.1331785486416
25,129,184,489.17277111466456
33,215,135,489.4006538614349
189,585,123,491.4560000651126
30,206,136,492.1839087170567
32,217,128,495.025251881154
353,781,246,499.7299270606074
29,206,127,500.371861718862
24,138,162,502.31165624540307
224,658,144,503.2265891226337
22,134,162,504.5047076093542
21,135,161,504.79005536955657
239,668,143,509.0540246378571
238,668,142,509.9186209582858
18,131,153,513.6740211457068
17,129,152,515.6064390598706
16,109,162,518.700298823897
15,100,167,520.0
14,106,162,520.4584517519146
13,110,157,522.1877057151002
10,114,150,525.6358054775188
258,687,134,526.522554122803
261,689,134,527.5699005819039
7,109,150,528.4865182764836
297,737,165,529.4799335196755
298,738,164,530.8832263313657
299,741,166,531.1591098719855
220,643,99,536.2993567029519
35,260,65,539.8407172490789
11,161,101,543.4381289530576
8,158,99,546.6004024879601
12,167,94,546.942410131085
4,149,102,548.2061655983084
9,164,93,549.184850482968
23,200,75,550.461624457146
19,190,79,550.7267925205746
6,157,93,552.3812089490373
2,143,96,556.3542037227722
3,146,94,556.6659680634339
269,714,114,557.8216560873198
5,162,84,558.1227463560323
20,199,67,558.2338219778519
1,138,62,588.6569459371052
0,136,63,588.7070578819316
