54,228,258,11.0
58,244,248,11.180339887498949
59,245,248,11.661903789690601
48,227,237,24.186773244895647
49,209,254,30.265491900843113
50,208,257,31.016124838541646
51,207,258,32.0
44,206,242,36.6742416417845
47,241,221,37.05401462729781
45,240,217,41.012193308819754
46,243,216,42.190046219457976
79,280,269,42.44997055358225
39,207,230,42.5205832509386
42,227,214,45.60701700396552
38,219,215,47.4236228055175
37,215,215,49.24428900898052
74,198,317,71.84705978674423
89,283,320,76.02631123499285
41,155,270,84.8528137423857
40,154,270,85.84287972802403
80,203,337,86.81589716175259
95,319,300,90.35485598461214
98,317,311,94.30270409696638
99,316,313,94.62557793746889
102,315,321,98.71676655968832
110,296,349,107.37783756436893
104,344,292,110.3675676999362
92,354,251,115.2128465059344
27,177,159,116.81181447096864
105,358,277,120.50726119201282
26,160,166,121.26417442921878
34,220,138,121.49485585818027
72,143,334,122.44182292011173
31,122,216,124.31009613060397
33,215,135,125.31959144523253
117,357,303,126.28935030318273
30,206,136,126.38433447227548
124,340,336,127.61269529321916
28,121,209,127.76932339180638
120,360,306,130.17296186228538
60,316,153,130.20752666416791
93,206,385,131.21737689803132
82,350,188,131.2288078129189
81,350,187,131.76494222667878
32,217,128,131.84839779079607
121,363,303,131.91285001848757
63,128,330,132.30646242719968
86,161,365,132.41223508422476
25,129,184,132.5745073534124
29,206,127,135.09256086106296
94,202,388,135.1628647225265
65,322,150,136.20939761998804
109,376,256,137.01459776242822
112,376,266,137.23337786413333
114,239,397,139.0
24,138,162,139.34489585198304
61,321,144,140.42791745233566
21,135,161,142.21462653327893
22,134,162,142.2708684165525
127,297,388,142.35167719419397
100,207,399,144.5856147754679
130,295,394,147.07821048680188
90,177,392,147.648230602334
56,321,135,147.82760229402356
123,385,282,147.95945390545344
132,309,390,149.41218156495808
43,293,118,150.05332385522155
133,307,392,150.2664300500947
18,131,153,150.6286825275983
57,323,131,152.26621424334422
17,129,152,152.7612516314265
129,384,307,153.05554547287727
64,328,133,153.44705927452634
36,87,280,153.5838533179839
67,331,135,153.60013020827813
134,297,402,155.24174696260025
131,284,407,155.64703659241314
135,296,403,155.80115532305913
136,300,403,157.30861387730806
101,191,408,157.49285698088025
145,322,394,159.3267083699403
16,109,162,161.60445538412608
143,305,406,162.04937519163718
140,294,412,163.52675622050356
144,302,409,163.6154026979123
13,110,157,163.835283135227
14,106,162,164.02743672934722
141,296,412,164.21023110634732
10,114,150,165.19382555047267
137,281,418,165.42067585401773
15,100,167,166.13849644197458
148,305,412,167.547008329006
156,327,401,167.90771274721124
142,287,419,168.00297616411441
7,109,150,169.00887550658396
159,321,408,170.95028517086482
154,307,416,172.01162751395617
157,308,416,172.40939649566667
158,307,418,173.85051049680584
11,161,101,175.30829986055994
152,289,427,176.24131184259835
149,283,429,176.57009939398006
146,275,431,176.70597047072292
147,276,432,177.89041570584965
8,158,99,178.4432682955566
151,283,431,178.5077029150283
88,133,402,178.80715869338118
12,167,94,179.10890541790488
150,279,433,179.51323071016242
4,149,102,180.0999722376436
161,294,430,180.5796223276591
9,164,93,181.24568960391858
164,301,429,181.89282558693733
6,157,93,184.25254408012933
160,282,438,185.06485349736184
52,71,336,185.22418848519757
162,284,438,185.53975315279473
19,190,79,185.58555978308226
163,283,439,186.27130750601393
55,72,341,186.48860555004427
23,200,75,187.1095935541521
119,421,214,187.2431574183687
53,70,339,187.40864441108366
2,143,96,188.30825791770258
3,146,94,188.53381659532593
107,414,187,188.85444130334875
5,162,84,190.2761151589973
69,71,353,193.0
68,70,353,193.87109119205988
35,260,65,194.1391253714717
91,405,157,194.31160541768986
113,422,191,194.87944991712183
71,71,357,195.0
20,199,67,195.143536915779
153,245,455,197.0913493789111
70,68,357,197.59048560090133
66,62,352,200.4120754844877
122,435,197,205.27298896834918
111,426,172,205.8275977608445
171,307,455,208.40585404445815
73,59,368,210.95023109728987
178,417,372,211.3764414498456
96,111,428,212.80037593951755
125,443,196,213.21350801485352
75,57,372,214.75567512873786
165,230,475,217.18655575334307
118,438,170,217.5890622251036
103,428,147,219.18485349129398
1,138,62,220.49263026232873
0,136,63,220.53117693423758
78,59,386,220.87100307645636
106,430,147,220.91174708466727
76,56,382,221.05429197371402
126,451,184,224.54398232862977
97,425,127,227.50164834567684
84,53,397,232.2003445303215
77,46,388,232.69937687926884
155,470,218,234.43762496664223
85,47,398,237.62154784446633
83,44,398,240.05207768315609
139,470,190,240.80074750714542
87,41,402,244.82646915723797
194,392,458,251.81143738917024
169,205,508,252.30140705116966
184,269,509,252.7864711569826
168,201,508,252.87150887357794
166,168,503,255.08037948850554
167,166,504,256.6028059082753
186,268,514,257.6373420139247
188,297,512,260.5379051117131
170,185,518,265.5484889808262
128,96,482,265.75364531836624
176,197,521,266.33249895572266
172,185,519,266.5276721092952
199,486,364,268.78430013674534
191,298,521,269.5366394388711
175,183,524,271.8308297452664
206,486,372,272.03860020225073
197,308,522,272.8681000043794
195,300,524,272.90474528670256
138,105,496,273.1300056749533
211,459,421,273.80467490530543
209,350,509,274.4485379811669
108,47,455,275.0872588834314
208,486,380,275.48684179103725
185,515,265,276.08875384557047
210,348,512,276.40007235889067
205,315,524,276.64417579265967
173,167,528,279.43514453268045
116,50,465,280.30340704315387
187,520,263,281.04448046528154
115,47,465,282.3349075123372
204,296,535,282.80381892753854
207,307,533,283.28254446753334
182,180,536,284.1918366174511
183,190,538,284.25516705945734
193,255,546,288.44410203711914
174,521,187,290.80061898145954
214,487,417,294.5929394944828
218,456,458,295.10845463998487
217,457,457,295.16944286290885
202,535,292,297.9463038871266
203,535,296,298.4292210893565
222,458,461,298.6134625230417
192,543,260,304.00657887618155
177,536,164,311.52046481732145
200,203,574,318.0440221101475
216,295,574,320.92366693654736
230,462,493,323.9660476037574
221,301,576,323.9876540857691
225,509,441,326.17326683834773
234,467,492,326.71088136148757
181,545,140,327.96341259353915
231,512,441,328.6609194899813
237,493,468,329.56941605676946
240,455,507,329.6316125616595
233,515,441,331.15706243412654
179,546,130,332.6153935102824
180,547,131,333.1561195595843
235,524,431,333.3976604596979
226,539,404,333.64052511647924
196,571,200,337.02818873204063
243,521,443,337.26695657890946
250,478,496,337.2906758272455
201,573,210,337.4314745248285
251,455,518,338.0177510131679
227,344,580,338.68717129528244
228,344,581,339.6380426277363
198,574,200,339.98382314457257
212,579,257,340.00147058505496
246,527,439,340.1543767173958
249,414,550,340.42473470651333
256,474,511,345.30276569989996
259,475,511,345.98410368107955
260,473,514,346.8313711301214
223,585,327,352.8129816205747
263,492,507,354.9788726107513
266,491,510,356.38181771801993
232,283,616,360.69377593742865
242,299,615,362.00690601147375
244,299,616,362.9931128823245
265,403,582,363.14184556451215
236,597,324,364.0329655402104
229,265,622,364.9273900380732
268,509,507,367.2887147735416
257,588,375,368.0896629898753
267,412,583,368.17658806610723
245,600,332,368.506444991129
190,585,131,368.57156699886656
253,299,623,369.8986347636336
189,585,123,371.40409259996045
270,452,563,372.01344061740565
248,606,327,373.4300469967568
252,606,331,374.18979141606735
254,611,328,378.5287307457652
215,614,201,379.30726331036686
255,615,327,382.2786941486538
262,614,337,383.2310008337008
219,618,198,383.7199499635118
280,536,507,387.56934863324784
213,617,171,387.88271423202144
272,591,421,387.90849436432813
273,589,426,388.23188946813735
277,429,599,390.3600901731631
291,505,552,396.47446323817627
278,597,432,398.0452235613436
279,598,431,398.5097238462319
288,569,482,398.84332763630385
289,571,480,399.3845264904488
287,418,617,401.15084444632544
241,640,240,401.40378672852603
290,599,447,406.5968519307546
283,611,423,406.9508569839852
301,534,539,407.4137945627271
264,645,292,407.42115801710645
292,599,449,407.53036696668386
286,611,426,408.17643244067875
300,578,491,411.3514312604248
284,628,400,414.1074739726391
285,346,660,415.99639421514223
275,285,672,416.54771635432115
314,530,557,417.23135069167563
293,353,661,418.8138011097533
282,316,671,420.1166504674624
294,347,665,421.0855020064215
296,350,666,422.8297529739363
307,616,453,424.4455206501772
303,632,423,426.2323310120902
321,470,618,427.7394066484873
310,621,451,427.98714933979034
315,622,454,430.2383060583983
308,638,422,431.38961508130905
302,350,675,431.52056729662377
326,494,608,433.0415684434925
220,643,99,434.162412007304
224,658,144,434.23150507534575
330,502,606,436.2029344238757
306,350,680,436.3542139134215
304,347,681,436.5695820828565
281,673,309,436.9862698071874
312,361,679,438.32065887886233
247,669,168,439.31765272977594
309,345,685,439.9602254749854
334,511,604,440.1136216933077
316,364,681,441.0827586746052
239,668,143,444.14637226932297
271,683,243,444.25330612163145
238,668,142,444.4063455892591
323,649,431,445.00449435932666
317,351,689,445.31449560956355
320,361,687,446.0100895719737
318,349,691,446.75384721342914
274,688,240,449.36065693382636
336,624,490,449.49860956403415
341,490,634,452.08074500027095
343,507,624,453.6298050172629
335,648,455,453.97136473570663
340,468,650,453.98788530091855
333,651,449,454.1200281863816
328,368,694,454.6834063389602
329,368,695,455.642403645666
313,297,710,455.7060456039617
305,277,713,456.58405578819765
276,695,234,456.63114217057074
347,485,647,460.25753660315
348,602,543,461.5127300519456
311,274,719,462.3267242978714
350,492,647,464.0366364846638
258,687,134,464.8440598738463
261,689,134,466.7718928984478
354,511,638,467.3157390886808
319,275,726,469.38257317459073
322,280,726,469.79250739023075
357,554,608,470.87684164757985
324,285,727,471.25046419075284
325,289,727,471.6577148738267
356,499,654,473.7256590052939
358,612,551,474.31845842218706
331,303,729,475.3283075938146
327,286,731,475.32935949718063
359,516,645,475.9180601742279
362,490,666,479.02505153697336
344,700,398,481.78937306669604
361,652,508,482.77220301090244
332,278,740,483.57522682618884
295,723,211,486.2766702197423
367,528,650,487.01642682767897
337,720,338,487.60742406161125
351,701,414,487.62690655869267
352,701,417,488.5949242470699
363,677,479,490.5965756097366
338,730,326,495.68639279286253
269,714,114,496.3476604155599
345,727,350,496.5964156133228
339,733,324,498.38940598692506
364,424,721,498.5920175855205
346,731,346,499.8079631218374
368,424,723,500.44979768204524
342,735,327,500.77639720737636
349,731,353,501.0878166549253
297,737,165,506.60931692972247
375,580,634,507.59925137848654
298,738,164,507.77652564883306
372,681,508,507.80311145167275
373,680,512,508.91747857584926
355,738,361,509.51938137817683
299,741,166,510.360656790862
370,382,748,510.4400062691011
376,622,596,510.8160138445153
371,720,433,511.8456798684541
374,680,523,514.4958697599039
377,656,561,515.4590187396084
378,634,596,519.8740232017753
360,758,331,524.1087673374678
365,754,364,525.795587657409
366,755,364,526.7750943239439
369,756,363,527.5547364966028
381,631,613,528.8563131891308
383,641,604,530.3960784168752
382,647,597,530.4573498406822
384,627,621,531.331346713141
380,485,731,533.1463213790375
387,639,611,533.4875818610964
379,726,482,536.0457070064082
388,638,618,537.4020841046301
385,505,725,537.4430202356339
353,781,246,542.1328250530491
386,472,748,542.5762619208474
392,541,713,546.1034700494038
389,484,747,546.942410131085
393,568,695,547.0009140760187
391,700,553,547.3079571868109
390,470,758,550.7821710985206
394,482,760,557.7212565430871
401,557,719,560.040177130177
395,465,771,560.5755970428966
402,559,719,561.1782248091955
396,467,771,561.384894702378
399,477,773,567.3349980390774
400,477,774,568.242905807015
404,587,710,570.4454399852802
397,763,492,573.8745507512945
398,765,489,574.4884681175071
403,480,782,576.7642499323272
405,599,719,584.9111043568929
406,661,669,589.0713029846218
407,702,628,592.6795086722672
408,675,660,593.0430001273095
409,675,665,596.4436268416321
411,704,635,598.6267618474803
410,722,614,600.0208329716561
412,710,632,601.4291313197258
413,688,693,625.1607793200083
414,724,658,628.6692294044619
415,705,711,649.8961455494255
