146,275,431,1.4142135623730951
150,279,433,3.1622776601683795
151,283,431,7.0710678118654755
149,283,429,7.615773105863909
160,282,438,8.48528137423857
163,283,439,9.899494936611665
162,284,438,10.0
152,289,427,13.92838827718412
137,281,418,14.866068747318506
142,287,419,17.029386365926403
161,294,430,18.110770276274835
164,301,429,25.179356624028344
131,284,407,26.248809496813376
140,294,412,26.90724809414742
141,296,412,28.284271247461902
158,307,418,34.0147027033899
144,302,409,34.713109915419565
154,307,416,34.88552708502482
135,296,403,35.22782990761707
148,305,412,35.22782990761707
157,308,416,35.77708763999664
134,297,402,36.61966684720111
136,300,403,37.64306044943742
153,245,455,38.600518131237564
171,307,455,38.600518131237564
143,305,406,38.948684188300895
130,295,394,42.485291572496
127,297,388,48.75448697299562
133,307,392,50.60632371551998
114,239,397,50.93132631298737
159,321,408,51.0
132,309,390,53.41348144429457
145,322,394,59.665735560705194
156,327,401,59.682493245507096
165,230,475,62.96824596572466
100,207,399,76.48529270389177
184,269,509,77.31752712031083
186,268,514,82.38931969618392
188,297,512,82.71033792700887
93,206,385,84.31488599292535
110,296,349,85.37564055396598
94,202,388,86.09297300012354
101,191,408,88.32326986700618
191,298,521,91.67878707749138
195,300,524,95.0789145920377
197,308,522,95.51963149007642
205,315,524,99.92497185388645
169,205,508,104.00480758118829
204,296,535,104.92378186092989
207,307,533,105.65036677645753
90,177,392,106.77546534667971
168,201,508,106.77546534667971
209,350,509,106.7941945987702
210,348,512,107.62899237658968
89,283,320,112.21853679316978
124,340,336,115.37764081484765
193,255,546,115.91807451816995
102,315,321,117.65202930676547
194,392,458,118.87808881370864
176,197,521,119.00420160649792
80,203,337,119.80818002123227
170,185,518,125.2078272313676
99,316,313,125.54282137979854
172,185,519,125.89678312014172
98,317,311,127.75758294520134
166,168,503,129.24782396620841
175,183,524,130.8166656049603
167,166,504,131.46862743635836
86,161,365,133.09395177843356
183,190,538,136.49908424601244
95,319,300,138.82723075823418
74,198,317,138.95682782792647
182,180,536,141.53444810363305
216,295,574,143.26548781894402
173,167,528,145.24806367039804
88,133,402,146.11296999240005
221,301,576,146.15402833996743
120,360,306,151.43315356948756
117,357,303,152.32202729743324
178,417,372,153.2351134694656
121,363,303,155.59562975867928
104,344,292,155.64061166674975
200,203,574,159.66527487215245
227,344,580,162.87418457201866
79,280,269,163.04907236779974
228,344,581,163.783393541592
96,111,428,165.04847772699995
129,384,307,165.19382555047267
72,143,334,165.20593209688326
105,358,277,175.35392781457733
62,239,258,177.89041570584965
63,128,330,179.74426277353055
54,228,258,180.49930747789588
249,414,550,181.57092278225608
218,456,458,181.86808406094787
138,105,496,182.58422713914803
217,457,457,182.7183625145541
211,459,421,183.3303030052588
232,283,616,184.13310403075272
222,458,461,184.29595763336752
242,299,615,184.43969204051496
123,385,282,185.42114226808118
244,299,616,185.43192821086663
59,245,248,186.59314028120113
58,244,248,186.76188047886004
128,96,482,186.81541692269406
51,207,258,187.18172987767795
50,208,257,187.7471704180918
49,209,254,190.19200824430033
229,265,622,190.31815467789718
253,299,623,192.37983262286096
112,376,266,193.7937047481161
240,455,507,194.07730418572905
230,462,493,195.74728606036916
265,403,582,196.5426162439078
92,354,251,197.0913493789111
251,455,518,198.58751219550538
234,467,492,200.2023975880409
48,227,237,201.06217943710845
41,155,270,202.20039564748632
109,376,256,202.4252948620799
44,206,242,202.48456731316588
40,154,270,202.8003944769339
267,412,583,203.21663317750347
214,487,417,211.53250341259616
250,478,496,211.8962010041709
256,474,511,213.17832910500073
260,473,514,213.3846292496252
39,207,230,213.45959805077868
47,241,221,213.88314566603887
259,475,511,214.1074496602115
208,486,380,216.34232133357543
45,240,217,217.99311915746333
71,71,357,218.28879952943075
206,486,372,218.40329667841556
46,243,216,218.50629281556172
270,452,563,219.40145851839728
69,71,353,219.69524346239268
237,493,468,219.9659064491586
68,70,353,220.62864727863425
199,486,364,220.7351353998724
70,68,357,221.10857061633772
78,59,386,221.82200071228283
55,72,341,223.37636401374252
42,227,214,223.4390297150433
38,219,215,224.36131573869858
37,215,215,225.41073621280776
76,56,382,225.61028345356956
84,53,397,225.72992712531496
53,70,339,226.01991062736045
73,59,368,226.24102192131292
52,71,336,226.3647499059869
277,429,599,226.49061790723252
75,57,372,227.0704736419951
116,50,465,228.39658491317246
66,62,352,228.46443924602357
263,492,507,228.65038814749474
266,491,510,228.7116088002531
108,47,455,230.15212360523637
115,47,465,231.36551169091732
85,47,398,231.51025895195227
225,509,441,233.173754955398
287,418,617,233.21449354617735
77,46,388,234.17087777945403
83,44,398,234.47814397081873
231,512,441,236.17154782064668
87,41,402,236.90715480964266
285,346,660,238.5036687348855
233,515,441,239.1693960355296
275,285,672,240.16869071550522
293,353,661,241.59884105682295
282,316,671,242.32416305436814
36,87,280,242.53865671269807
294,347,665,243.57750306627253
268,509,507,244.77336456403913
243,521,443,245.246814454337
296,350,666,245.42208539575245
235,524,431,248.0020161208372
246,527,439,251.09759058979438
302,350,675,254.01771591761076
82,350,188,254.9745085297744
81,350,187,255.93163149560078
291,505,552,258.5362643808408
306,350,680,258.80494585691366
304,347,681,258.9246994784391
312,361,679,261.21638539724114
119,421,214,261.81863951980193
309,345,685,262.2403477728017
316,364,681,264.09278672466615
226,539,404,264.48629454094595
31,122,216,265.2772134956186
317,351,689,267.7200029881966
321,470,618,268.7601160886786
320,361,687,268.79360111431225
318,349,691,269.09106265351886
280,536,507,270.60118255469615
28,121,209,271.57687677709237
328,368,694,277.68327281274975
329,368,695,278.6269907959385
313,297,710,278.792037189013
301,534,539,279.30807363912703
326,494,608,280.178514522438
305,277,713,281.00177935379696
107,414,187,281.19210515233175
113,422,191,281.774732721016
60,316,153,281.85279846047297
314,530,557,283.09185788362055
122,435,197,283.73579259585847
330,502,606,285.2227199926401
65,322,150,285.72714256787015
311,274,719,287.0069685565143
25,129,184,288.29325347638644
155,470,218,288.84597971929605
125,443,196,289.110705439975
26,160,166,290.1930391997713
27,177,159,290.3962809679215
340,468,650,290.4961273407961
334,511,604,291.2198482246703
61,321,144,291.49442533262965
185,515,265,291.56474409640134
203,535,296,292.53546793508644
319,275,726,294.0017006753532
322,280,726,294.0272096252318
341,490,634,294.27877939124323
202,535,292,294.4163718273833
324,285,727,295.1372562046344
325,289,727,295.28630174798155
187,520,263,296.8113879216901
288,569,482,297.2355967915014
331,303,729,298.22474746405607
289,571,480,298.8795744108319
327,286,731,299.16717734403954
34,220,138,299.2858165700473
347,485,647,299.84329240454923
111,426,172,300.1666203960727
343,507,624,300.3747659175118
56,321,135,300.38974682901545
67,331,135,302.04966479041155
33,215,135,303.19960422137757
24,138,162,303.22269044383864
64,328,133,303.48805577814755
126,451,184,303.52759347380595
91,405,157,303.75318928366823
30,206,136,304.16442921551493
57,323,131,304.64733709651887
350,492,647,304.76384299978895
22,134,162,305.0639277266324
21,135,161,305.486497246605
300,578,491,307.7092783781471
332,278,740,308.00649343804423
118,438,170,308.0389585750478
32,217,128,309.67240755353066
139,470,190,310.16124838541646
354,511,638,312.50759990758627
29,206,127,312.92970456637704
273,589,426,313.05750270517393
18,131,153,314.4296423685273
43,293,118,314.45985435346114
356,499,654,314.66331212901196
272,591,421,315.1920049747455
17,129,152,316.2419959461425
362,490,666,317.0993535155819
257,588,375,317.16399543453855
16,109,162,317.47283348343365
192,543,260,317.60510071470827
15,100,167,318.12104614438823
14,106,162,319.06112267087633
359,516,645,320.887830869293
278,597,432,321.0
13,110,157,321.21799451462863
279,598,431,322.001552791287
103,428,147,323.0
290,599,447,323.34810962799827
292,599,449,323.44705903748763
106,430,147,323.94598315151245
364,424,721,324.6921619010844
10,114,150,325.2199255888237
223,585,327,326.3525700833379
368,424,723,326.47358239220523
7,109,150,327.7392256047481
357,554,608,329.02887411289606
367,528,650,333.208643345277
370,382,748,333.304665433894
286,611,426,335.0537270349339
283,611,423,335.1208737157386
236,597,324,338.6812660895196
245,600,332,339.08111124036384
97,425,127,339.44955442598535
307,616,453,340.64791207344865
348,602,543,344.379151517626
252,606,331,345.1101273506763
310,621,451,345.52279230175253
248,606,327,346.30189141845585
174,521,187,346.4823227814083
315,622,454,346.69871646719434
212,579,257,349.90570158258356
11,161,101,350.4083332342426
254,611,328,350.7720057245162
262,614,337,351.0968527343986
336,624,490,352.80022675729674
8,158,99,353.28883367579
284,628,400,353.45155254999236
4,149,102,353.5944004081513
255,615,327,354.8887149516028
12,167,94,355.1408171415953
303,632,423,356.11374587342175
358,612,551,356.4505575812724
9,164,93,357.0224082603219
6,157,93,359.2798352259698
2,143,96,361.3654659759286
3,146,94,362.1380952067871
308,638,422,362.1380952067871
19,190,79,363.3249234500711
380,485,731,364.80405699498465
375,580,634,364.99315062066574
23,200,75,365.0
5,162,84,366.1966684720111
35,260,65,367.3486082728503
201,573,210,370.80048543657546
386,472,748,371.8494318941472
385,505,725,371.8736344512743
335,648,455,372.71034329623853
323,649,431,373.001340480165
20,199,67,373.0335105590381
177,536,164,373.39523296367884
196,571,200,375.2985478255944
333,651,449,375.38513556079977
389,484,747,377.47715162642623
198,574,200,377.6612238501591
390,470,758,379.3573513193069
376,622,596,382.89946461179596
361,652,508,383.60396244043153
392,541,713,386.24603557836036
394,482,760,387.3241536491108
395,465,771,388.12626811387037
396,467,771,389.1040991816971
393,568,695,392.9796432386797
378,634,596,393.77658640401665
0,136,63,394.66568130507625
264,645,292,394.66568130507625
1,138,62,394.8974550437113
399,477,773,395.8307719215372
400,477,774,396.69257618463195
181,545,140,397.0201506221063
381,631,613,398.4796105197856
384,627,621,398.6502226263018
377,656,561,401.29914029312346
401,557,719,401.6590594023742
402,559,719,403.0607894598531
383,641,604,403.49597271843993
363,677,479,403.74496900890296
387,639,611,404.7344808636892
180,547,131,405.0209871105447
179,546,130,405.0975191234822
403,480,782,405.1123301011708
382,647,597,406.0369441319349
388,638,618,406.9889433387595
215,614,201,409.3958964132396
241,640,240,411.5337167231866
373,680,512,411.8446308985951
372,681,508,412.0691689510391
374,680,523,414.12196271146985
219,618,198,414.3911195959682
281,673,309,415.6176127163044
404,587,710,417.1390655404981
352,701,417,425.26462349929835
344,700,398,425.3610231321154
351,701,414,425.38100568784216
213,617,171,429.4205397975276
190,585,131,431.3722290551398
405,599,719,432.0856396595471
189,585,123,436.9919907732864
391,700,553,440.9274316710177
371,720,433,444.00112612469803
271,683,243,448.7426879627121
406,661,669,452.0995465602681
379,726,482,452.76925690687085
337,720,338,453.8413819827363
274,688,240,454.5415272557613
345,727,350,458.3939353874569
408,675,660,459.54869165301733
349,731,353,461.8073191277938
409,675,665,462.0497808678195
346,731,346,463.0561521025285
276,695,234,463.42744847494737
338,730,326,466.21025299750755
355,738,361,467.4237905798121
407,702,628,468.9264334626488
339,733,324,469.5881173965116
342,735,327,470.8566660885242
247,669,168,473.4395420748039
411,704,635,473.70138272966864
412,710,632,477.866090029414
224,658,144,478.40150501435505
410,722,614,481.7053041019997
365,754,364,482.81259304206225
366,755,364,483.8026457141383
369,756,363,484.9340161300298
239,668,143,487.01642682767897
238,668,142,487.61050029711214
413,688,693,487.71405556944944
397,763,492,490.68217819684463
398,765,489,492.31087739354285
360,758,331,492.4682730897494
220,643,99,495.5582710438804
295,723,211,498.6481725625794
414,724,658,501.77684282955903
258,687,134,507.66622893393253
261,689,134,509.28675616002425
415,705,711,511.7440766633259
297,737,165,532.7382096302085
298,738,164,534.104858618605
299,741,166,535.706076127572
353,781,246,538.1644730005875
269,714,114,541.2651845445077
