378,700,416,3.0
370,699,396,17.029386365926403
397,720,433,28.284271247461902
346,648,430,54.70831746635972
358,651,447,59.64059020499378
360,651,449,60.802960454241045
326,638,421,62.51399843235114
381,737,360,64.63745044476924
373,725,352,65.92419889539804
361,648,454,66.21933252457322
367,722,350,66.73080248281148
322,631,422,69.58448102845921
389,677,479,69.8927750200262
306,629,401,72.00694410957877
390,753,363,72.86288492778748
391,754,364,72.91776189653656
366,724,344,73.05477397131553
408,726,482,73.7360156233031
317,626,423,74.67261881037788
394,756,363,75.07329751649384
363,719,338,77.3692445355388
405,712,497,84.8528137423857
406,714,497,85.15867542417507
301,613,422,87.46427842267951
330,621,451,87.66413177577246
333,621,453,88.54942122905152
304,611,426,89.94442728707543
423,790,415,90.0222194794152
364,730,326,92.02716990106781
371,735,327,92.84934033152847
327,616,453,93.03762679690406
365,732,323,95.51963149007642
399,681,508,96.88137075826292
432,763,488,97.94896630388705
398,679,510,99.24716620639605
429,800,415,100.0199980003999
385,756,330,100.12492197250393
433,763,491,100.26464980241042
431,803,416,103.04368005850722
297,598,431,103.57605900979242
295,597,430,104.39348638684312
310,600,446,105.30432089900205
311,600,448,105.94810050208545
387,652,508,106.4377752492037
299,673,309,107.44766167767449
289,591,421,109.29318368498559
362,623,491,109.60383204979651
400,680,521,109.83624174196785
291,589,426,111.75866856758807
277,614,336,115.43396380615195
271,587,375,119.21828718783037
270,615,326,121.63058825805291
269,611,328,123.0690862889621
264,605,330,126.15070352558483
263,606,327,127.40486646906389
261,600,332,128.68954891520912
279,644,294,131.51805959639154
253,596,325,136.23509092741122
424,700,553,140.0
243,585,326,144.20124826089406
320,578,491,144.80331487918363
302,570,479,145.79437574886077
307,569,482,148.06079832285116
403,656,561,154.40207252495026
245,539,403,161.31026005806325
382,611,549,162.53307355735325
375,602,543,162.80049139974977
294,692,245,168.1903683330291
288,683,243,170.84788555905513
316,717,241,172.8380745090618
290,687,238,175.4821928287882
282,534,474,176.8530463407402
293,693,234,179.13681921927719
285,682,233,180.89776118017602
257,640,240,183.10925700247927
379,780,245,186.07525359380813
298,536,507,189.02909828912584
412,647,597,191.48106956041372
242,507,418,193.06475597581243
407,634,596,194.5379140424817
348,749,224,195.24855953373896
225,579,257,197.4259354796122
402,620,596,199.7223072167954
413,641,604,199.90497742677644
404,625,600,201.47952749597167
446,722,614,202.20039564748632
227,497,399,203.48218595248088
241,496,422,204.1984329028996
214,534,294,204.2473990042468
314,725,210,204.53361581901396
212,534,291,206.00970850908945
321,534,539,208.4034548657963
411,631,613,211.56795598577776
230,487,414,213.00234740490538
284,508,507,213.7755832643195
228,486,414,214.0023364358436
419,638,618,214.17049283222934
258,653,204,214.21951358361358
443,702,628,215.00930212434997
251,490,468,217.0829334609241
217,485,372,218.87439320304236
448,710,632,219.22819161777528
415,627,621,220.43819995635965
204,543,258,220.62184841941652
210,485,363,220.73740054644117
447,704,635,222.03603311174518
334,530,557,222.79138223908032
278,492,506,227.8442450447235
280,491,509,229.99347816840373
233,616,198,230.82677487674604
231,613,199,231.00865784641059
197,520,263,234.30749027719963
195,515,265,236.9155967850154
265,478,496,237.00843866833097
308,504,551,239.70815588961506
213,573,209,240.3018934590404
384,554,608,243.6000821017924
274,475,511,245.41597340026587
254,467,492,246.02845363900494
450,724,658,246.17270360460358
273,474,511,246.3331078032346
239,458,460,246.52180430947686
235,457,457,246.95141222515818
236,456,458,248.114892741246
444,675,660,248.26195842295292
275,473,514,248.4552273549502
208,573,199,248.84734276258607
262,669,166,248.93774322107123
313,737,165,250.7448902769506
249,462,493,251.08564275959708
203,567,200,251.11352014576994
315,738,164,251.88290930509754
318,741,164,252.3529274646918
445,675,665,253.23704310388715
401,577,636,254.67233850577492
229,617,172,254.8921340488953
442,661,669,258.953663808798
238,631,159,263.20524310887123
256,453,506,263.928020490436
234,628,159,264.0075756488817
223,603,165,266.29494925739766
268,455,518,266.5520587052368
359,510,604,269.40861159213154
449,670,681,269.6738771182704
441,649,679,270.84497410880635
224,614,156,271.0073799733136
226,617,155,271.0221393170676
222,602,160,271.31715758499314
244,658,144,272.2590678012396
252,666,139,276.1014306373656
255,667,138,276.9729228643118
355,501,607,277.91545476997135
221,604,150,279.9732130043873
276,689,132,281.215220071745
272,687,132,281.30055101261354
352,494,608,283.6564823867066
185,417,374,285.674640106538
372,507,624,285.9545418418809
287,452,563,289.83443549723347
179,520,185,290.4892424858449
393,528,650,292.8361316504505
380,511,638,293.8468989116611
386,517,643,293.9200571584049
452,705,711,298.04194335697116
182,535,162,300.37643050013094
162,470,219,300.892007205243
286,714,112,301.3254055004324
368,492,634,303.48805577814755
201,586,129,306.0261426741186
344,470,618,308.09901006007794
426,568,695,311.3647378878989
377,492,647,313.0814590485997
205,390,457,313.10701046127986
383,499,654,313.8184188348415
187,546,139,314.3119469571591
200,583,121,314.56795768164307
266,415,550,316.21827904155066
439,587,710,317.77035733371986
374,485,647,317.77507768860664
440,598,717,320.6555784638714
186,547,131,320.8317315977333
142,470,189,321.05451250527534
237,642,97,321.27869521647403
184,546,130,322.18783341398847
133,392,305,326.38627422120555
296,429,599,328.68982338977276
388,490,666,328.7993308995625
369,470,651,330.9743192454665
340,450,631,331.6986584235758
130,385,304,333.325666578498
283,413,583,333.5700825913499
328,442,626,334.5638952427473
337,443,631,337.0059346658453
126,443,194,337.6536687198882
127,451,182,339.6498196672567
425,542,714,339.94852551526094
124,385,282,341.1539242043099
281,403,582,341.71625656383395
123,435,195,343.14574163174456
451,645,752,343.43267171310305
437,552,723,343.5171029221107
120,421,212,343.86334494970527
436,550,723,344.3835071544513
305,418,617,348.0517202945562
122,362,306,354.53208599504785
112,376,266,355.78785814021256
113,421,192,355.92414922283655
119,361,302,356.7099662190559
117,438,170,357.34157328807964
121,359,305,357.6940033045005
118,357,304,359.90276464623054
109,376,256,360.0347205478938
219,350,509,362.92698990292797
107,414,187,364.51611761347397
414,505,722,365.3847287449217
110,427,170,365.48324174987835
220,348,512,365.65694304908254
108,360,277,366.1912068851463
417,506,724,366.5474048469038
125,341,335,367.375829362793
418,505,726,368.77364330982226
158,327,400,373.2264728017025
147,322,394,378.4772119956497
140,322,389,378.7611384500791
161,321,406,379.0646382874562
157,321,404,379.1068450977903
105,430,145,380.4260769190251
98,341,284,381.47345910298924
103,428,145,381.8481373530582
91,354,250,382.47222121351507
410,484,730,383.59483833857826
170,314,424,386.15670394284234
90,405,157,390.59057848340376
160,308,416,392.0114794237536
247,345,580,392.3187479588504
159,307,416,393.01145021487605
163,307,418,393.03180532877997
246,344,580,393.2238548206352
134,307,392,393.5606687665829
104,316,321,394.8670662387533
150,305,412,395.0012658207566
176,307,455,395.2379030406876
99,318,310,395.6425154100605
143,304,405,396.0807998376089
97,316,311,397.3159951474393
420,483,746,397.46446382035214
146,302,409,398.02009999496255
168,301,427,399.24553848477757
137,300,403,400.12498047485116
92,316,299,400.56460153138846
95,424,122,401.06981935817606
136,299,401,401.1795109424209
216,314,524,401.64287619725064
131,297,393,403.49597271843993
128,297,388,403.77468964758054
144,296,412,404.0012376218667
135,296,402,404.149724730823
416,471,747,404.9654306234052
164,294,429,406.31514862234707
209,308,522,406.8722158122867
141,293,412,407.0012284993744
111,296,352,408.57924567946424
427,482,759,408.9498746790369
218,307,533,410.9123994235268
151,288,425,412.1747202340289
145,287,419,413.0435812356851
421,470,757,413.80671816682724
392,424,722,414.3150974801667
199,297,512,414.9819273173231
207,300,524,415.1156465372029
85,351,188,415.24209805847
156,285,430,415.34804682338404
395,424,724,415.8088503146608
132,284,407,416.04326698073123
202,298,521,416.25472970285875
83,350,187,416.6245312028566
166,284,438,416.75052489469044
152,283,429,417.306841544684
155,283,431,417.388308413161
167,283,439,417.8097653238852
165,282,438,418.74694028732915
138,281,417,419.0190926437601
153,279,433,421.4747916542578
434,477,772,422.62276322980995
215,295,534,422.6890109761549
148,277,431,423.38280550820673
435,477,773,423.4725492874361
422,461,763,423.8171775659878
149,276,432,424.42549405048703
309,353,659,425.3527947480773
430,467,771,427.14517438454106
88,283,319,427.46344872983
428,463,771,429.3401914566117
438,480,782,429.60563311018166
312,351,664,429.8860314083257
336,363,680,429.95116001704196
409,438,754,430.0290687848904
240,301,576,431.010440708807
329,360,678,431.07423954581185
303,346,660,431.65379646193315
350,368,690,432.3806193621541
351,368,692,433.66461695646785
354,368,694,434.95402055849536
232,295,574,435.82794770413705
342,361,687,435.8864531044754
319,350,673,436.0045871318328
323,350,679,439.6089171070123
198,272,516,440.2192635494271
194,269,509,441.56200017664565
324,347,681,443.2076262881766
196,268,514,443.64963653766245
193,266,509,444.49071981313625
79,280,267,444.6526734429919
338,351,689,444.94606414710535
339,349,691,447.7555136455608
259,299,615,449.0044543208898
260,299,616,449.45522580119143
267,299,622,452.1968597856469
154,245,454,456.8435180671824
68,322,150,460.4921280543241
114,239,397,461.27757370156206
396,382,748,461.8971747045006
300,316,671,462.6229566288296
248,283,614,462.91467896362934
63,316,153,463.7413071961565
206,255,546,464.4502126170253
64,321,144,464.7601531973239
62,325,132,468.6000426803224
59,323,129,472.0010593208452
58,320,133,472.01694884823786
169,230,474,473.9419795713395
250,266,624,482.5733104928204
61,245,248,483.9938016132025
60,243,248,485.8744693848402
65,239,258,486.3599490089619
292,285,672,489.18912498133074
101,206,398,494.2276803255763
93,206,385,494.79288596340996
94,205,387,495.68235796727726
52,241,220,497.92569726817675
51,243,215,498.04919435734456
57,227,257,498.06124121437114
50,240,217,500.0159997440082
332,297,710,500.61761854733
47,292,119,502.8916384272063
81,202,336,503.9176520027851
335,294,712,504.2191983651555
174,204,508,505.01584133569514
53,227,236,505.03267221042245
177,204,511,505.58876569797314
100,192,405,508.06298822094885
173,201,509,508.15056823740736
356,302,729,508.1928767702279
102,190,407,510.03529289648185
192,204,536,511.0234828263766
345,292,721,511.2025039062309
76,197,318,511.8925668536319
46,228,213,512.6246189952254
183,197,524,515.1019316601327
55,208,255,516.7475205552514
190,198,537,517.0880002475401
56,207,257,517.0928349919384
349,289,727,517.2204558986429
54,208,253,517.3625421307577
325,277,713,518.5836480260441
41,219,215,520.1586296506096
347,283,727,522.0009578535273
353,286,732,522.6442384643688
49,206,242,522.759026703509
40,215,217,523.107063611265
89,177,392,523.4214363206765
48,206,238,524.0811005941733
331,273,719,525.3237097257271
343,278,726,525.4074609291345
191,190,540,525.5749232982868
175,185,518,525.594901040716
178,185,519,525.795587657409
211,199,574,526.2337883488668
42,206,228,527.5045023504539
341,275,726,527.8200450911277
181,183,524,528.7816184399757
189,184,538,530.9246650891255
38,277,89,532.8273641621646
357,278,740,533.8660880782745
188,180,536,534.3491368010245
37,274,87,536.4252044786859
171,168,502,539.3931775616003
86,161,365,541.1330705103875
172,166,504,541.6982554891607
180,167,528,545.2650731524989
35,220,138,553.1952638987431
36,262,66,558.7960271870229
34,215,135,559.0250441617084
33,217,128,560.815477675144
73,143,334,562.574439518896
45,155,270,563.4483117376429
44,154,270,564.4156269984027
32,206,136,566.3611921733338
87,133,402,567.1066919019736
30,206,127,570.8169584026039
67,128,331,577.847730808039
66,128,329,578.1349323471122
28,177,157,582.2928816326025
96,111,428,589.1909707386901
43,124,283,590.4879338309971
27,160,166,593.8088918162139
139,102,495,603.5958913047702
25,201,72,604.3856384792742
129,96,482,607.9284497373026
31,123,214,610.3523572494826
21,198,64,611.395943722233
20,188,78,611.857009439297
29,121,208,614.2198303539215
26,129,183,615.5818385885016
24,138,161,615.9123314238805
23,135,161,618.6509516682246
22,133,161,620.4780415131546
13,167,94,621.1682541791716
12,161,101,622.7880859489848
10,164,93,624.256357596781
19,131,153,625.5885229126251
9,158,99,626.386462178103
18,130,152,626.9138696822714
39,87,278,627.6894136434038
7,157,93,630.2769232646868
6,162,83,631.1449912658738
71,71,353,631.8552049322693
5,149,102,632.7100441750549
70,70,353,632.8506932918696
72,68,357,634.4761618847473
4,146,94,639.2784995602465
3,143,95,641.3836605340052
80,59,386,641.5683907425614
69,61,352,641.904977391514
11,114,150,642.3122293713549
74,59,367,642.6484264354812
14,110,157,643.1453956921405
16,107,162,643.9332263519254
75,57,372,644.305828004062
2,146,84,644.3267804460714
15,107,160,644.715441105609
77,56,380,644.8449426024833
8,109,150,646.8771135231173
17,100,167,648.4720502843588
116,49,464,652.9946401005142
84,47,397,653.1959889650273
106,48,454,653.2878385520429
115,47,464,654.988549518234
78,45,387,655.5158274214285
82,43,397,657.1947960840835
1,139,62,661.7567528933876
0,136,62,664.3018892039973
