247,345,580,1.0
240,301,576,43.18564576337837
232,295,574,49.36598018878993
259,299,615,57.0087712549569
260,299,616,57.62811813689564
281,403,582,59.033888572581766
218,307,533,59.81638571495272
267,299,622,61.554853586049575
216,314,524,63.52952069707436
215,295,534,67.20863039818622
220,348,512,68.11754546370561
209,308,522,68.26419266350405
283,413,583,69.06518659932803
248,283,614,69.83552104767315
207,300,524,71.21797525905943
219,350,509,71.25307010929424
202,298,521,74.81310045707235
266,415,550,77.07788269017254
309,353,659,79.51100552753688
303,346,660,80.02499609497022
199,297,512,82.66196223173026
305,418,617,82.73451516749222
312,351,664,84.29116205154607
296,429,599,87.0976463516667
250,266,624,89.55445270895244
319,350,673,93.1933474020544
300,316,671,95.2102935611481
206,255,546,95.2732911156112
198,272,516,96.33275663033837
323,350,679,99.18165152889924
329,360,678,99.29753269845128
196,268,514,100.65783625729296
324,347,681,101.04454463255303
336,363,680,101.78899744078434
194,269,509,103.27632836231156
193,266,509,105.47511554864494
328,442,626,108.25894882179486
342,361,687,108.34205093129813
338,351,689,109.22453936730518
292,285,672,109.29318368498559
287,452,563,109.32977636490436
339,349,691,111.11255554616679
337,443,631,111.36426715962351
350,368,690,112.58774356030055
351,368,692,114.54256850621083
354,368,694,116.49892703368559
340,450,631,117.63077828527702
268,455,518,127.1416532848303
176,307,455,130.36103712382777
205,390,457,131.3202193114221
344,470,618,131.60547101089682
256,453,506,131.7459676802292
332,297,710,138.23530663329106
335,294,712,141.1523999087511
369,470,651,144.62710672622887
275,473,514,144.90341610879986
211,199,574,145.1240848377691
249,462,493,146.60491124106312
192,204,536,146.75149062275312
273,474,511,147.1767644704829
274,475,511,148.06079832285116
325,277,713,148.92279879185725
345,292,721,150.28306624500314
254,467,492,151.23822268196622
190,198,537,152.2005256232711
352,494,608,152.5909564816998
167,283,439,153.62942426501507
166,284,438,154.1557653803451
356,302,729,154.80633061990716
165,282,438,154.94515158597252
169,230,474,155.66630977832037
177,204,511,156.08010763707205
331,273,719,156.0833110873805
374,485,647,156.1089363233252
349,289,727,156.95222202950808
183,197,524,157.30543537970962
174,204,508,157.42934923323543
368,492,634,157.54364474646383
265,478,496,158.15182578775372
170,314,424,158.8584275384847
168,301,427,158.927656498169
164,294,429,159.0628806478746
191,190,540,159.11002482559041
347,283,727,159.15401345866212
355,501,607,159.3047394147456
173,201,509,159.65587994182988
343,278,726,160.22484201895784
154,245,454,160.2404443328837
153,279,433,160.72958657322553
155,283,431,161.00310556011024
156,285,430,161.1862276995153
341,275,726,161.48374531202822
377,492,647,162.45922565370057
308,504,551,162.60688792299052
353,286,732,162.68988905276197
152,283,429,162.85576440519384
149,276,432,162.87418457201866
392,424,722,162.9846618550347
280,491,509,163.24827717314508
148,277,431,163.37074401495514
395,424,724,164.730082255792
151,288,425,164.80594649465777
189,184,538,165.42067585401773
278,492,506,165.46903033498444
239,458,460,165.51737068960466
236,456,458,165.61400906928134
163,307,418,166.1715980545412
235,457,457,167.0269439342048
359,510,604,167.72596698186004
160,308,416,167.90473489452285
159,307,416,168.12197952677099
372,507,624,168.8342382338369
388,490,666,169.44615663980107
188,180,536,169.799882214329
178,185,519,170.29973576021777
181,183,524,170.46113926640288
175,185,518,170.66048165876012
145,287,419,170.79227148791014
383,499,654,171.75855146105536
396,382,748,172.2440129583609
150,305,412,172.46738822165773
357,278,740,173.07801709055948
144,296,412,174.72263734273244
138,281,417,174.7512517837855
161,321,406,175.5135322418189
141,293,412,175.57049866079439
146,302,409,176.08236708995025
380,511,638,176.78518037437414
157,321,404,177.49647883831386
143,304,405,179.51323071016242
284,508,507,179.51323071016242
158,327,400,180.8009955724802
137,300,403,182.3869512876401
132,284,407,183.10925700247927
251,490,468,184.0108692441835
386,517,643,184.1140950606444
135,296,402,184.35834670553976
180,167,528,184.48035125725448
136,299,401,184.5697700058165
147,322,394,187.29655629509048
334,530,557,187.41664813991312
134,307,392,191.60636732634956
140,322,389,192.26284092356485
171,168,502,192.50974001333023
131,297,393,192.81597444195333
172,166,504,193.54586019855861
321,534,539,194.3733520830466
393,528,650,196.8654362756449
128,297,388,197.6689151080665
409,438,754,197.76754030932378
410,484,730,205.1828452868319
298,536,507,205.4093474017188
416,471,747,209.80467106334882
114,239,397,210.98341167020692
384,554,608,211.85844330590177
414,505,722,214.67417171145672
420,483,746,216.510969698997
417,506,724,216.74870241826133
422,461,763,217.20497231877542
421,470,757,217.26711670199887
418,505,726,217.3407462948446
282,534,474,217.56838005555863
228,486,414,218.44907873461037
185,417,374,218.55205329623422
230,487,414,219.10043359153812
241,496,422,219.24415613648634
428,463,771,225.0377746068424
427,482,759,226.01991062736045
430,467,771,227.17834403833479
101,206,398,228.40315234251912
242,507,418,229.8107917396396
102,190,407,231.6139028642279
100,192,405,231.79516819813134
111,296,352,232.99785406737118
434,477,772,233.5658365429328
435,477,773,234.3885662740399
227,497,399,237.00210969525145
94,205,387,237.84448700779257
93,206,385,238.89118861942146
425,542,714,239.0815760362977
401,577,636,239.63513932643517
438,480,782,243.51591323771842
125,341,335,245.01836665850175
307,569,482,245.41597340026587
302,570,479,247.54191564258366
320,578,491,250.353749722268
436,550,723,250.76881783826315
217,485,372,251.2866888635369
89,177,392,251.46172671005024
426,568,695,251.79555198613022
437,552,723,252.41434190631878
139,102,495,256.49366463910957
210,485,363,258.7856255668
104,316,321,260.5091169229975
375,602,543,260.63959791251983
245,539,403,263.3514761682569
129,96,482,266.66083326952986
88,283,319,268.0335799857921
382,611,549,268.79360111431225
97,316,311,270.4533231446787
99,318,310,271.2489631316588
122,362,306,274.5906043549196
121,359,305,275.40878707840824
439,587,710,275.5884612969128
87,133,402,276.05253123273474
118,357,304,276.3059898011623
402,620,596,276.4633791300396
96,111,428,278.19597409020855
119,361,302,278.5192991517823
130,385,304,279.0286723618202
133,392,305,279.15766154630256
404,625,600,281.710844661685
81,202,336,282.3118842698621
86,161,365,282.33667845322543
92,316,299,282.39157211220027
415,627,621,285.9545418418809
311,600,448,288.0277764383151
440,598,717,288.59140666346946
411,631,613,288.8909828983937
310,600,446,288.9498226336192
291,589,426,289.38037252032143
407,634,596,290.4410439314664
362,623,491,292.851498203441
289,591,421,293.7515957403466
295,597,430,294.1241234581074
297,598,431,294.47750338523315
98,341,284,296.0152023123137
419,638,618,296.44561052577586
413,641,604,297.9681191000138
327,616,453,300.18827425467504
76,197,318,300.42137074449283
124,385,282,300.8072472531205
108,360,277,303.42214816983943
412,647,597,303.4765229799498
333,621,453,304.72610652846924
330,621,451,305.56505035753025
304,611,426,308.22881111278355
301,613,422,311.96954979612997
403,656,561,312.57799026802894
112,376,266,315.6263613832026
387,652,508,316.30365157550744
116,49,464,316.98738145232215
73,143,334,317.67436157172017
271,587,375,317.9213739275798
115,47,464,318.8494942759044
79,280,267,319.4761336938958
441,649,679,320.66493416025395
106,48,454,321.70172520519685
317,626,423,322.75842359263066
109,376,256,325.5764119219941
322,631,422,327.6171546180084
361,648,454,329.07749847110483
442,661,669,329.2567387313432
67,128,331,329.6316125616595
91,354,250,330.15148038438355
66,128,329,331.14498335321343
360,651,449,333.7813655673426
326,638,421,334.2409310661996
358,651,447,334.57136757349696
306,629,401,336.5501448521453
65,239,258,338.68717129528244
346,648,430,338.9926252885157
444,675,660,340.5304685340212
400,680,521,341.1407334224396
449,670,681,341.287269027135
445,675,665,341.73966699814054
398,679,510,342.23529917295207
214,534,294,343.3598695246723
57,227,257,343.5374797602148
399,681,508,344.6055716322648
80,59,386,344.7622369111791
212,534,291,345.86268951709724
61,245,248,346.44624402640017
451,645,752,346.67708317683764
60,243,248,347.02305398921266
389,677,479,347.97988447610015
84,47,397,348.8524043202225
243,585,326,350.1385440079398
77,56,380,350.63371201297804
56,207,257,350.85324567402824
82,43,397,352.264105466339
55,208,255,352.30810379552724
54,208,253,354.1539213392956
75,57,372,354.44745731913497
72,68,357,354.8309456628607
71,71,353,355.0464758309819
74,59,367,355.8005059018326
70,70,353,355.81596366661233
78,45,387,355.8791929854849
261,600,332,356.4267105591274
424,700,553,357.0224082603219
195,515,265,358.42153953131776
253,596,325,358.50941410233565
443,702,628,361.20354372569494
264,605,330,361.41527361194903
197,520,263,362.58102542742085
45,155,270,363.0716182793692
53,227,236,363.35244598048325
69,61,352,363.4184915493432
44,154,270,363.59317925395686
277,614,336,363.91757308489514
447,704,635,364.17715469260287
263,606,327,364.2155954925599
49,206,242,365.0862911696357
269,611,328,367.14166203251847
48,206,238,368.79262465510345
43,124,283,369.60654756105174
448,710,632,369.67553340733815
270,615,326,371.42563185649965
52,241,220,374.44492251865296
120,421,212,375.969413649568
405,712,497,377.24395290050705
50,240,217,377.60429022986483
42,206,228,378.08464660707926
204,543,258,378.53005164715785
51,243,215,378.7162526219333
406,714,497,379.1952003915661
446,722,614,379.52602018833966
162,470,219,382.35716287262096
452,705,711,384.03385267447453
46,228,213,384.8960898736177
40,215,217,385.24018481980823
41,219,215,385.8108344772085
450,724,658,387.9226727068167
378,700,416,391.95918154828314
85,351,188,392.0624950183325
83,350,187,393.04579885809744
376,700,413,393.2238548206352
408,726,482,394.37038428360717
113,421,192,395.56668211567063
123,435,195,395.60839222645416
39,87,278,396.5513838079499
126,443,194,398.4934127435484
107,414,187,399.18542057545136
225,579,257,399.4421109497595
370,699,396,399.8512223315067
397,720,433,403.71400768365714
142,470,189,410.8004381691918
127,451,182,412.13226032427986
279,644,294,414.48281025876094
110,427,170,418.3168655457248
117,438,170,420.6376112522512
299,673,309,426.2417154620134
90,405,157,427.375712927162
31,123,214,427.54765816222175
63,316,153,427.9170480361819
433,763,491,428.3479893731264
432,763,488,428.981351576033
68,322,150,430.5624228843014
179,520,185,432.43612245047245
29,121,208,433.7199557318063
213,573,209,435.98394465851607
64,321,144,436.6062299143245
203,567,200,440.6007262817437
367,722,350,442.4748580428045
103,428,145,443.0361159093015
105,430,145,443.4196657794961
373,725,352,444.010135019461
208,573,199,444.5244650185184
363,719,338,446.3059488736398
366,724,344,447.3209138862166
58,320,133,447.6438316340347
62,325,132,448.4027207767589
381,737,360,450.387610842039
257,640,240,450.7948535642349
26,129,183,451.47978913789706
59,323,129,451.48864880526065
27,160,166,453.04745888262084
28,177,157,454.7724705828179
35,220,138,459.0642656535139
182,535,162,459.57045161759476
364,730,326,462.07358721311914
390,753,363,463.0010799123475
34,215,135,463.3206233268707
391,754,364,463.4177381154071
47,292,119,463.9234850705448
95,424,122,464.93440397544254
32,206,136,464.95161038542494
365,732,323,465.39553070479735
394,756,363,465.6533045088373
371,735,327,465.7145048202815
231,613,199,466.39253853379773
24,138,161,466.9014885390707
23,135,161,468.23284805745953
233,616,198,468.94349339765876
22,133,161,469.1289801323299
33,217,128,469.50292863836324
30,206,127,473.553587252805
423,790,415,475.5428477014453
19,131,153,477.1771159642927
288,683,243,478.00627610942513
18,130,152,478.51854718495497
17,100,167,479.69260990763655
16,107,162,480.5132672465975
385,756,330,481.91700530278035
15,107,160,482.25408240884803
294,692,245,483.0414060926868
14,110,157,483.40976407184826
290,687,238,484.3686612488467
285,682,233,484.40995035197204
429,800,415,484.9340161300298
187,546,139,485.0618517261484
258,653,204,486.6795660390931
431,803,416,487.41871117141164
11,114,150,487.64741360946437
223,603,165,489.18912498133074
8,109,150,490.02550954006466
229,617,172,490.9103787861894
293,693,234,491.44379129255464
186,547,131,492.75754687269887
222,602,160,492.9137855649809
184,546,130,493.25855289087485
38,277,89,495.5501992734944
37,274,87,497.944776054534
221,604,150,502.4937810560445
224,614,156,502.6688770950515
316,717,241,504.03372903011166
226,617,155,505.12770662477027
234,628,159,507.83560332060216
238,631,159,509.51938137817683
201,586,129,511.825165461801
12,161,101,512.7670036186026
9,158,99,515.7101899322913
5,149,102,516.2450968290159
13,167,94,517.228189487
200,583,121,517.4958937035153
10,164,93,519.2003466870954
36,262,66,520.4997598462462
7,157,93,521.6684771001599
4,146,94,524.7856705360771
3,143,95,525.0009523800885
20,188,78,525.6805113374472
262,669,166,526.3278445987823
25,201,72,527.7433088159432
6,162,83,529.275920480046
314,725,210,531.094153611203
2,146,84,534.0599217316349
21,198,64,536.2574008813305
244,658,144,537.300660710556
348,749,224,539.2225885476238
252,666,139,546.0448699511791
255,667,138,547.4422343955571
379,780,245,549.8372486472701
1,139,62,557.0897593745553
0,136,62,558.2006807591692
272,687,132,564.2277908788258
276,689,132,565.4458417921207
237,642,97,567.5323779309864
313,737,165,571.554021943683
315,738,164,572.967712877436
318,741,164,575.0347815567333
286,714,112,596.593664062903
