422,461,763,24.698178070456937
428,463,771,30.23243291566195
421,470,757,32.14031735997639
395,424,724,33.1058907144937
430,467,771,33.61547262794322
416,471,747,33.734255586866
392,424,722,34.92849839314596
434,477,772,42.95346318982906
435,477,773,43.382023926967726
427,482,759,44.28317965096906
420,483,746,45.70557952810576
438,480,782,50.47771785649585
410,484,730,51.884487084291386
396,382,748,56.32051136131489
418,505,726,72.61542535852834
414,505,722,74.24957912338628
417,506,724,74.32361670424818
354,368,694,92.19544457292888
351,368,692,93.50935782048768
350,368,690,94.847245611035
342,361,687,102.06860437960343
388,490,666,102.2154587134451
336,363,680,105.3612832116238
369,470,651,107.8563859954523
338,351,689,108.60018416190647
329,360,678,108.90362712049586
339,349,691,109.04127658827184
425,542,714,111.42710621747295
323,350,679,115.62439189029277
436,550,723,116.21101496846157
324,347,681,116.66190466471906
374,485,647,116.86744627996283
383,499,654,117.13667231059623
437,552,723,118.1397477566293
319,350,673,119.60351165413162
377,492,647,119.85407794480753
337,443,631,123.10158406779338
340,450,631,123.58397954427588
312,351,664,125.1758762701504
309,353,659,127.47548783981962
328,442,626,128.06248474865697
303,346,660,131.52946437965906
368,492,634,131.59027319676784
386,517,643,136.24243098242192
380,511,638,137.05838172107534
393,528,650,137.53544997563355
356,302,729,138.27870407260838
305,418,617,138.45215780189199
344,470,618,139.71399357258383
426,568,695,142.76203977248295
372,507,624,147.1767644704829
300,316,671,147.5567687366459
332,297,710,147.7057886475679
345,292,721,149.68299836654796
335,294,712,150.0
349,289,727,151.42654985173505
353,286,732,153.5838533179839
296,429,599,155.2610704587599
439,587,710,155.36087023443193
352,494,608,156.37135287513502
347,283,727,157.33403954643762
355,501,607,159.93123522314207
357,278,740,160.61133210331082
343,278,726,162.43152403397562
440,598,717,164.2224101637776
341,275,726,165.38742394752995
325,277,713,166.13849644197458
359,510,604,166.38509548634457
331,273,719,168.67127793433
283,413,583,172.81782315490494
292,285,672,173.5885940953495
281,403,582,175.524927004685
401,577,636,182.33211456021672
384,554,608,186.47251808242416
287,452,563,191.51240168720145
267,299,622,191.68985366993215
260,299,616,195.86985475054604
259,299,615,196.5756851698602
247,345,580,197.29419656948858
246,344,580,197.76754030932378
266,415,550,205.29247428973133
451,645,752,207.00966161027364
248,283,614,208.86598574205422
308,504,551,213.45959805077868
250,266,624,215.60148422494683
334,530,557,217.4235497824465
441,649,679,223.93302570188257
240,301,576,224.61745257214542
232,295,574,229.88910370002316
415,627,621,231.10603626906848
321,534,539,235.4591259645716
268,455,518,236.61149591682988
442,661,669,238.65037188322168
411,631,613,239.0188277102873
402,620,596,241.01452238402564
419,638,618,241.8594633252956
404,625,600,242.24987100099764
275,473,514,242.53865671269807
449,670,681,243.21389762922678
273,474,511,245.65219315121126
274,475,511,245.80073230159425
256,453,506,248.45321491178174
280,491,509,250.6671099286861
407,634,596,251.75384803414624
413,641,604,252.40641830191245
445,675,665,253.16002844051033
278,492,506,253.81095327034254
444,675,660,254.9607812978302
284,508,507,256.72748197261626
218,307,533,256.90854403853524
220,348,512,258.1937257177254
219,350,509,260.3247971285102
265,478,496,261.0823624835657
216,314,524,261.29676614914314
412,647,597,261.4000765110829
249,462,493,262.1011255221923
215,295,534,262.3909297212844
254,467,492,263.60007587252323
298,536,507,265.73106705840775
209,308,522,265.9398428216426
375,602,543,267.23959287500793
207,300,524,268.2237871628838
382,611,549,268.24242766572183
452,705,711,270.44038160008574
202,298,521,271.82531155137116
206,255,546,277.0433179125604
199,297,512,280.0803456153252
198,272,516,290.17236257093816
251,490,468,290.68883707497264
403,656,561,291.15803269015265
447,704,635,291.40521615098106
443,702,628,292.52692183797376
196,268,514,294.10882339705483
239,458,460,294.6794869005985
282,534,474,296.0
236,456,458,296.54679226051326
235,457,457,297.6071235706565
194,269,509,297.63400343374747
320,578,491,297.9412693803932
448,710,632,298.10736320996836
211,199,574,299.20060160367325
193,266,509,299.34762400927787
205,390,457,300.8537850850476
450,724,658,301.6819517306264
307,569,482,301.9023020780067
302,570,479,305.039341724965
446,722,614,316.6322788346128
192,204,536,319.81244503614926
362,623,491,321.54937412472134
190,198,537,323.55679563254427
387,652,508,326.0552100488505
176,307,455,326.4383555895355
191,190,540,327.566787083184
424,700,553,330.2196238868914
183,197,524,333.1381094981479
189,184,538,333.4246541574273
400,680,521,335.93600581063055
241,496,422,337.02818873204063
177,204,511,337.3499666518436
188,180,536,337.76915193664445
174,204,508,339.5173044190826
173,201,509,340.87241014784405
398,679,510,342.95334959728854
242,507,418,343.01166160933946
228,486,414,343.3715189120961
181,183,524,343.4020966738555
230,487,414,343.5127362995439
178,185,519,345.30276569989996
399,681,508,345.7817230566127
175,185,518,345.98410368107955
311,600,448,346.23691311008423
310,600,446,348.0057470789814
169,230,474,348.80366970546623
327,616,453,349.6927222576987
167,283,439,351.0697936308392
166,284,438,351.52809276073515
333,621,453,352.264105466339
165,282,438,352.40885346426813
170,314,424,352.52801307130187
180,167,528,352.86966432381234
330,621,451,353.97457535817455
168,301,427,354.53913747286066
164,294,429,355.4729244260384
154,245,454,356.7197779770558
153,279,433,358.2206024225854
155,283,431,358.2652648527345
156,285,430,358.3085262730989
227,497,399,359.86942076258714
152,283,429,360.06943774777665
149,276,432,360.45526768241297
297,598,431,360.45665481441733
163,307,418,360.6341636617363
148,277,431,360.90164865237176
295,597,430,360.91134645505394
291,589,426,361.08863177895813
151,288,425,361.58124951385406
160,308,416,362.1380952067871
159,307,416,362.49827585796874
389,677,479,364.34324475691875
245,539,403,365.2423852731224
361,648,454,366.1966684720111
289,591,421,366.46691528704196
150,305,412,366.95095040073136
161,321,406,367.14166203251847
145,287,419,367.458841232593
157,321,404,369.0379384290997
171,168,502,369.32912151629745
172,166,504,369.4374101251794
144,296,412,370.3079799302197
304,611,426,370.8274531369003
146,302,409,370.8382396679177
158,327,400,370.994609125254
141,293,412,371.46870662277865
138,281,417,371.7768147692914
360,651,449,372.01344061740565
358,651,447,373.6549210167049
143,304,405,373.84087523972016
301,613,422,375.2985478255944
405,712,497,375.6660751252367
406,714,497,377.12729946266154
137,300,403,377.1538147758816
147,322,394,378.2274448000832
136,299,401,379.38107491017524
135,296,402,379.5629065122144
132,284,407,379.63798545456433
185,417,374,380.5798207997897
317,626,423,380.66389374354907
140,322,389,382.9895559933717
322,631,422,384.022134778713
217,485,372,384.88050093503045
134,307,392,384.974025097798
346,648,430,386.10361303670805
131,297,393,387.5590277622236
326,638,421,388.444333206188
128,297,388,392.22060119274715
210,485,363,393.8146772277539
408,726,482,396.1413889004783
306,629,401,401.3601873629222
271,587,375,407.23703171494606
114,239,397,408.71750635371615
433,763,491,418.08372367266344
432,763,488,419.9773803432752
139,102,495,424.2369620860493
101,206,398,424.92352253081964
111,296,352,426.34258525275186
102,190,407,426.5126023929422
100,192,405,426.9859482465436
397,720,433,427.2762572388033
378,700,416,427.65406580552934
376,700,413,430.0290687848904
125,341,335,430.08138764657093
94,205,387,434.7159992454844
93,206,385,435.872687834418
129,96,482,436.9759718794616
370,699,396,443.0406301909566
89,177,392,446.2790606784056
104,316,321,449.8588667571197
133,392,305,451.3501966322824
261,600,332,452.02654789293075
243,585,326,452.5406059128838
130,385,304,453.1103618325231
277,614,336,453.54161881794266
122,362,306,454.4007042248064
264,605,330,455.7027539965059
121,359,305,455.8969181733959
253,596,325,457.1706464767833
118,357,304,457.23188865169936
119,361,302,458.51172285995045
263,606,327,458.8605452640268
97,316,311,459.4921109224836
269,611,328,459.7879946236091
99,318,310,459.9304295216832
96,111,428,461.74126954388646
88,283,319,461.7899955607527
270,615,326,463.1554814530429
87,133,402,465.7563740841342
214,534,294,469.9106298010293
92,316,299,471.07218130558294
212,534,291,472.84775562542325
124,385,282,474.9663145950458
86,161,365,477.5458093209488
98,341,284,479.9051989716302
81,202,336,480.02083288124066
108,360,277,483.335287352372
116,49,464,485.20201978145144
115,47,464,486.8069432536886
423,790,415,488.6972477925367
112,376,266,491.92275816432806
106,48,454,492.03658400570174
367,722,350,493.8339801998238
373,725,352,493.93623070189943
381,737,360,494.6079255329417
195,515,265,495.025251881154
429,800,415,495.94858604496494
431,803,416,497.46256140537855
197,520,263,497.80016070708535
76,197,318,498.17366449863647
366,724,344,499.8959891817497
109,376,256,501.8445974602098
391,754,364,501.9521889582712
363,719,338,502.0129480401875
390,753,363,502.1015833474338
299,673,309,503.23950560344525
394,756,363,503.9890871834429
279,644,294,504.0198408793051
204,543,258,506.9921103922624
91,354,250,510.95205254505044
79,280,267,511.9892576998076
73,143,334,513.2494520211395
225,579,257,516.6139758078559
364,730,326,518.1196772947346
371,735,327,520.1326753819644
365,732,323,521.7250233600072
67,128,331,524.4320737712368
66,128,329,526.0465758846834
80,59,386,528.2660314652079
84,47,397,529.4619910815129
385,756,330,530.0
82,43,397,532.4227643517884
65,239,258,534.4314736240747
77,56,380,534.6026561849463
162,470,219,535.9561549231429
78,45,387,537.7155381798075
75,57,372,539.5229374178637
57,227,257,539.9351812949402
61,245,248,541.5579378053653
74,59,367,541.6733332923081
120,421,212,542.2665396278845
60,243,248,542.2739160239961
72,68,357,542.6868341870844
71,71,353,543.5899189646548
70,70,353,544.2655601817921
56,207,257,548.0602156697747
55,208,255,549.4551847057228
69,61,352,551.1197691972227
54,208,253,551.2721650872643
257,640,240,552.268050859363
123,435,195,559.0080500314821
53,227,236,559.3254866354653
126,443,194,560.0223209837266
45,155,270,560.6647839841557
44,154,270,561.1702059090451
213,573,209,561.4712815451918
49,206,242,562.1103094589175
113,421,192,562.2570586484442
48,206,238,565.7561312084916
142,470,189,565.905469137735
43,124,283,566.0715502478463
288,683,243,566.6974501442546
107,414,187,567.5077091987386
203,567,200,568.8207098902078
294,692,245,568.855869267427
52,241,220,569.1792336338352
208,573,199,571.1829829397931
127,451,182,572.1477082013
50,240,217,572.3399339553374
85,351,188,572.647360947381
290,687,238,572.9371693301108
51,243,215,573.1893229989547
83,350,187,573.7882884827818
179,520,185,574.8782479795178
42,206,228,574.8912940721924
285,682,233,575.3060055309696
293,693,234,579.1588728492382
46,228,213,580.3283553299804
40,215,217,581.4619506038207
41,219,215,581.7920590726553
231,613,199,581.936422644261
233,616,198,583.7979102394937
316,717,241,583.9606151103001
117,438,170,584.0
110,427,170,584.1035867035914
258,653,204,590.5294234837075
39,87,278,591.4194788811069
90,405,157,597.9113646687107
182,535,162,599.8941573311079
229,617,172,608.9047544567212
105,430,145,609.0525428893635
103,428,145,609.0820962727438
223,603,165,611.6747501736523
379,780,245,613.2250810265347
63,316,153,613.2576946113273
348,749,224,614.5087468864865
68,322,150,615.0382101951064
314,725,210,615.0650372115131
222,602,160,616.2239852521159
64,321,144,621.1191512101361
224,614,156,623.3618531799968
187,546,139,624.4109223900556
234,628,159,624.5998719180144
31,123,214,625.1599795252412
226,617,155,625.1735758971264
238,631,159,625.518984524051
221,604,150,626.3960408559428
29,121,208,631.3517244769353
262,669,166,631.7475761726356
58,320,133,632.1115407900729
95,424,122,632.1550442731593
62,325,132,632.1811449260409
186,547,131,632.4634376784163
184,546,130,633.2771904940206
59,323,129,635.4919354327009
201,586,129,642.2842050058525
244,658,144,648.459713474939
26,129,183,649.2472564439529
200,583,121,649.3951031536964
27,160,166,650.4060270323454
28,177,157,651.5596672600292
47,292,119,651.5681084890512
35,220,138,653.4370665947869
252,666,139,655.9031940766869
255,667,138,657.188709580437
34,215,135,657.943766594076
32,206,136,660.112111690128
313,737,165,660.5467432362376
315,738,164,661.8912297349165
318,741,164,663.2563606932089
33,217,128,663.8651971597849
24,138,161,664.566776178286
23,135,161,665.9264223621105
22,133,161,666.8388111080518
30,206,127,668.5454360026699
272,687,132,669.9888058766355
276,689,132,670.7346718338034
19,131,153,674.8703579206898
18,130,152,676.2159418410661
17,100,167,677.3573650592425
16,107,162,678.2514283066421
15,107,160,679.9977941140692
14,110,157,681.1703164407562
38,277,89,684.2119554640944
11,114,150,685.4137436614471
37,274,87,686.8660713705402
8,109,150,687.791392792902
237,642,97,687.9425848135875
286,714,112,698.8132797822319
12,161,101,709.3222116922605
36,262,66,710.1549126775087
9,158,99,712.3377008133151
5,149,102,713.1795005466716
13,167,94,713.4710926169329
10,164,93,715.5396564831331
7,157,93,718.2492603546488
20,188,78,720.7468348872577
4,146,94,721.7090826641993
25,201,72,722.0062326600789
3,143,95,722.0152352963198
6,162,83,725.5460012983326
21,198,64,730.5477397131552
2,146,84,730.8652406565795
1,139,62,753.833536001152
0,136,62,755.028476284173
