21,135,161,1.4142135623730951
24,138,162,4.0
18,131,153,9.486832980505138
17,129,152,11.180339887498949
25,129,184,22.561028345356956
10,114,150,23.323807579381203
13,110,157,24.515301344262525
16,109,162,25.0
26,160,166,26.30589287593181
7,109,150,27.730849247724095
14,106,162,28.0
15,100,167,34.36568055487916
27,177,159,43.104524124504614
28,121,209,48.76474136094644
31,122,216,55.31726674375732
4,149,102,61.84658438426491
2,143,96,66.61080993352356
11,161,101,66.70832032063167
8,158,99,67.4166151627327
3,146,94,69.05070600652827
6,157,93,72.73238618387272
9,164,93,75.23961722390672
12,167,94,75.58438992278762
30,206,136,76.55063683601855
29,206,127,80.05623023850174
5,162,84,82.87339742040264
33,215,135,85.38149682454625
34,220,138,89.28605714219886
32,217,128,89.69392398596462
37,215,215,96.79876032264049
0,136,63,99.02019995940222
39,207,230,99.76472322419383
1,138,62,100.07996802557443
19,190,79,100.12492197250393
38,219,215,100.16985574512923
42,227,214,106.55045753069294
44,206,242,107.62899237658968
23,200,75,109.20164833920778
40,154,270,109.83624174196785
41,155,270,110.02272492535349
20,199,67,115.10864433221339
49,209,254,118.69709347747316
45,240,217,119.41942890501528
48,227,237,119.47384651043926
50,208,257,120.42009799032718
51,207,258,120.60265337047937
46,243,216,121.64292005702592
47,241,221,122.18837915284743
36,87,280,127.01574705523721
54,228,258,134.35773144854747
58,244,248,139.62807740565648
59,245,248,140.41723540933285
62,239,258,142.2708684165525
35,260,65,159.0125781188394
43,293,118,164.97575579460153
74,198,317,167.69317219254933
63,128,330,168.1071087134628
72,143,334,172.23530416264836
79,280,269,181.01104938649465
60,316,153,182.22239159883728
52,71,336,185.05404615949362
61,321,144,187.8643127366132
80,203,337,188.1116689628796
53,70,339,188.2153022471871
65,322,150,188.38258942906586
56,321,135,188.939143641544
55,72,341,189.4333655932872
57,323,131,191.52545522723605
64,328,133,196.1555505204989
67,331,135,198.84164553734712
69,71,353,201.12185361118767
68,70,353,201.43733516902967
66,62,352,203.18464508914053
86,161,365,204.78769494283586
71,71,357,204.9243762952568
70,68,357,205.86646157157313
89,283,320,217.17504460687928
81,350,187,217.44194627532195
82,350,188,217.55918734909818
73,59,368,219.22819161777528
75,57,372,223.6716343213864
95,319,300,230.8007798946962
76,56,382,233.4180798481557
90,177,392,233.98504225697846
93,206,385,234.33522995913356
98,317,311,235.9872877932199
94,202,388,236.00847442411893
78,59,386,236.22235287965447
99,316,313,236.48467180770933
92,354,251,237.32045845227924
88,133,402,240.00208332429116
102,315,321,240.91907354960503
77,46,388,242.52834885843757
104,344,292,246.9817807045694
110,296,349,247.41261083461367
100,207,399,247.98790293076797
84,53,397,248.5678981686895
85,47,398,251.52534663528445
105,358,277,251.79555198613022
101,191,408,252.5173261382276
83,44,398,252.57870060636546
87,41,402,257.38881094561975
114,239,397,257.390753524675
109,376,256,259.61509971494337
112,376,266,263.4008352302627
117,357,303,263.8370709358334
96,111,428,266.9925092582187
120,360,306,267.9776110050987
121,363,303,268.9274995235705
124,340,336,269.65162710430656
91,405,157,271.0461215365385
123,385,282,278.2103520719529
127,297,388,278.6485241303101
107,414,187,281.1138559374119
130,295,394,282.39157211220027
131,284,407,287.2716484444645
132,309,390,287.4178143400301
133,307,392,287.80027797067885
129,384,307,289.0069203323685
113,422,191,289.4563870430224
134,297,402,290.11894112587686
135,296,403,290.38767191463205
119,421,214,291.6727618410742
111,426,172,292.1711826994579
136,300,403,292.6380016334174
97,425,127,293.09725348423177
103,428,147,294.38240436547835
137,281,418,295.2033197645311
106,430,147,296.37982387470305
140,294,412,296.8164415931166
141,296,412,297.89931184881914
143,305,406,297.9546945426435
145,322,394,298.61011369342464
144,302,409,298.7189314389029
142,287,419,299.0953025375023
148,305,412,302.88776799336085
122,435,197,303.02805150678705
146,275,431,303.71368095625854
118,438,170,304.1052449399714
147,276,432,305.0639277266324
108,47,455,305.6435832796102
149,283,429,305.761344842673
152,289,427,307.001628660175
156,327,401,307.19700519373555
154,307,416,307.31905245200795
150,279,433,307.3532169995948
151,283,431,307.5093494513622
157,308,416,307.8830946966722
158,307,418,308.97410894765926
159,321,408,309.00647242412253
125,443,196,310.8649224341659
161,294,430,312.1281787983905
160,282,438,313.1772660970141
153,245,455,313.3209217399949
162,284,438,314.1273627050022
116,50,465,314.42805218364344
163,283,439,314.5313974788527
164,301,429,314.92538798896476
115,47,465,315.2427635965654
126,451,184,317.7624899197512
128,96,482,322.2483514310042
165,230,475,327.3912033027155
138,105,496,335.25661813005274
139,470,190,337.16464820618427
171,307,455,340.26166401756166
155,470,218,340.6347016967003
166,168,503,342.6908227542722
167,166,504,343.49381362697056
178,417,372,352.40459701882435
168,201,508,352.4272974671514
169,205,508,353.20956951928696
170,185,518,359.63453671748493
172,185,519,360.62445840513925
176,197,521,364.4859393721519
175,183,524,365.301245549478
173,167,528,367.484693558793
184,269,509,372.335869880945
186,268,514,376.64306710730784
182,180,536,376.81825858097693
183,190,538,380.1473398565351
188,297,512,386.0945480060551
174,521,187,387.806652856807
194,392,458,392.65761166695853
185,515,265,394.6770831958704
191,298,521,394.6859511054327
195,300,524,398.24615503479754
187,520,263,398.9949874371857
197,308,522,399.84496995710725
177,536,164,402.0049750935926
193,255,546,402.61271713645607
205,315,524,404.7283039274619
199,486,364,405.8423339179884
204,296,535,406.6607923072988
209,350,509,408.7358560244012
207,307,533,409.35314827175813
206,486,372,409.88291010970437
210,348,512,410.23895475685873
181,545,140,411.58838661944776
179,546,130,413.2408498684514
208,486,380,414.03864553927815
180,547,131,414.16180412973864
211,459,421,415.5791140083919
200,203,574,417.7379561399706
192,543,260,420.57698462944927
202,535,292,421.54596427910445
203,535,296,422.7966414246925
214,487,417,435.4698611844452
218,456,458,437.37855457258075
217,457,457,437.4402816385341
196,571,200,438.64906246337745
222,458,461,440.8820703997839
201,573,210,441.61634933503086
198,574,200,441.63786069584205
216,295,574,442.3403666861075
221,301,576,446.4134854593889
190,585,131,452.0641547391255
189,585,123,452.6831121214928
212,579,257,455.02747169813824
230,462,493,465.98819727542457
225,509,441,467.40346596917743
227,344,580,467.7862759850913
228,344,581,468.6800614491724
234,467,492,468.8165952694081
231,512,441,469.81379290097476
240,455,507,471.2387929701883
237,493,468,471.71707622260186
226,539,404,471.79338698205595
233,515,441,472.2308757377052
235,524,431,473.7731524685627
232,283,616,477.8252818761268
243,521,443,478.25725295075245
229,265,622,478.2896611886985
249,414,550,478.48092960953
251,455,518,479.350602377842
250,478,496,479.4705413265762
223,585,327,480.2353589647476
246,527,439,480.80973367851027
215,614,201,481.581768757913
242,299,615,482.1140943801581
244,299,616,483.05382722839494
213,617,171,483.0838436544944
219,618,198,485.33699632317337
256,474,511,487.2381347965284
259,475,511,487.9364712746937
260,473,514,488.6972477925367
253,299,623,489.6386422659061
236,597,324,490.5231900736193
245,600,332,496.0403209417557
263,492,507,497.1810535408605
266,491,510,498.5509001095074
265,403,582,498.75946106314615
248,606,327,500.00899991900144
252,606,331,501.3431958249758
257,588,375,501.48280130030383
267,412,583,504.5047076093542
254,611,328,505.0594024468805
255,615,327,508.51351997759116
268,509,507,509.5586325438909
262,614,337,510.9060579010588
270,452,563,511.78608812667034
241,640,240,511.97656196353364
220,643,99,512.8840024800929
224,658,144,524.3090691567331
272,591,421,525.2903958764142
273,589,426,526.0427739262274
277,429,599,527.2513632035483
264,645,292,527.2769670675934
280,536,507,529.7442779303992
275,285,672,531.884385933635
239,668,143,534.3379080694164
238,668,142,534.3744005844592
247,669,168,535.0336438019575
278,597,432,535.9748128410513
279,598,431,536.3366480113027
287,418,617,536.359021551796
291,505,552,538.2759515341551
288,569,482,540.0231476520242
289,571,480,540.4562887042763
282,316,671,540.5598949237725
285,346,660,541.2467089969232
283,611,423,543.7370688117558
293,353,661,544.9421987697411
286,611,426,545.1834553615874
290,599,447,545.3897688809353
294,347,665,546.239874048023
292,599,449,546.4375536143174
296,350,666,548.3356636222014
284,628,400,548.3429583755043
301,534,539,549.6626237975437
300,578,491,552.609265213677
258,687,134,553.7084070158227
271,683,243,554.9432403408479
261,689,134,555.7058574461853
302,350,675,556.6192594583841
281,673,309,558.6859582985776
314,530,557,559.321910888533
274,688,240,559.4640292279746
304,347,681,561.0080213330288
306,350,680,561.2307903171386
303,632,423,562.2499444197393
307,616,453,563.0319706730693
309,345,685,563.9592183837409
312,361,679,564.63970813254
276,695,234,565.6014497859778
310,621,451,566.2949761387611
321,470,618,566.4203386178855
308,638,422,567.1119818871755
316,364,681,567.6803678127332
315,622,454,568.6897220805032
305,277,713,569.2538976590323
317,351,689,569.9280656363574
318,349,691,571.0218909989353
313,297,710,571.7280822209103
320,361,687,571.9737756226242
326,494,608,573.1631530375971
311,274,719,574.3248209854768
330,502,606,576.6801539848584
334,511,604,580.9414772591126
323,649,431,581.021514231616
328,368,694,581.188437600061
319,275,726,581.3578932120902
269,714,114,581.9828176157781
329,368,695,582.1039426081909
322,280,726,582.5907654606276
324,285,727,584.8298897970246
325,289,727,585.8754133772811
327,286,731,588.952459881101
336,624,490,589.6473522369112
295,723,211,591.0346859533711
341,490,634,591.2021650839922
333,651,449,591.3188649113099
340,468,650,591.3543776789007
335,648,455,591.6460090290477
331,303,729,591.6502345136018
343,507,624,593.7785782596068
332,278,740,595.6676925937817
347,485,647,598.686896465924
350,492,647,602.8175511711648
297,737,165,603.0074626403889
348,602,543,603.4774229414055
298,738,164,604.0033112492017
299,741,166,607.0131794285854
354,511,638,607.2108365304427
337,720,338,611.8594609875703
356,499,654,612.6083577621187
357,554,608,612.6303942835353
344,700,398,613.2307885290822
359,516,645,615.8027281524498
358,612,551,616.283214115069
362,490,666,617.0510513725749
338,730,326,618.1520848464397
351,701,414,620.4780415131546
339,733,324,620.519943273381
352,701,417,621.7025012013382
345,727,350,622.0876144081315
361,652,508,622.9285673333661
342,735,327,623.2383171789103
346,731,346,624.7119336142059
349,731,353,626.8093809125705
367,528,650,627.2001275510074
363,677,479,628.7590953616497
364,424,721,629.7467745054356
368,424,723,631.5227628518231
355,738,361,635.9378900490204
370,382,748,636.3175307973213
371,720,433,645.6291505190886
360,758,331,646.4804714761306
372,681,508,647.2441579496875
373,680,512,648.5491500264263
375,580,634,649.3843238021688
365,754,364,652.0766826071915
353,781,246,652.4300728813779
366,755,364,653.0275645024489
376,622,596,653.0696746902278
369,756,363,653.670406244615
374,680,523,654.5509911382001
377,656,561,657.0273966890574
378,634,596,662.0845867409994
380,485,731,668.5521669997039
381,631,613,671.1259196305862
382,647,597,672.6024085594698
383,641,604,672.6165326543795
379,726,482,672.9517070340189
384,627,621,673.5948337094043
385,505,725,674.2477289542769
387,639,611,675.7410746728365
386,472,748,676.4909459852364
388,638,618,679.6705084083022
389,484,747,681.7074152449861
390,470,758,684.1871089110055
392,541,713,685.0182479321263
393,568,695,687.3463464658847
391,700,553,687.9222339770681
394,482,760,691.8872740555357
395,465,771,693.1392356518278
396,467,771,694.096535072752
401,557,719,699.412610695575
402,559,719,700.6240075818127
399,477,773,700.6925145882465
400,477,774,701.5646798407115
403,480,782,710.0112675162276
397,763,492,710.3104954877127
398,765,489,710.6968411355153
404,587,710,710.9943740986985
405,599,719,725.5852809973477
406,661,669,731.285170094403
407,702,628,734.6972165457006
408,675,660,735.3128585846979
409,675,665,738.7083321582342
411,704,635,740.6949439546621
410,722,614,741.6522095969242
412,710,632,743.4218183507934
413,688,693,767.3832158706626
414,724,658,770.7892059441414
415,705,711,792.1123657663728
