187,520,263,23.194827009486403
185,515,265,28.442925306655784
202,535,292,32.984845004941285
212,579,257,36.124783736376884
203,535,296,36.87817782917155
201,573,210,58.309518948453004
196,571,200,66.2117814289874
198,574,200,67.53517601961218
174,521,187,76.24303246854758
223,585,327,79.07591289387686
236,597,324,83.73768566183328
155,470,218,84.21995013059554
245,600,332,91.8313671900838
248,606,327,91.96738552334735
215,614,201,92.31467922275417
252,606,331,94.92101980067429
254,611,328,96.16652224137046
177,536,164,96.25487000666512
219,618,198,97.30878685915265
255,615,327,98.35141076771599
241,640,240,99.04039579888602
139,470,190,101.13851887386922
262,614,337,104.7377677822093
264,645,292,106.90182411914213
213,617,171,115.74541027617467
199,486,364,118.59595271340417
125,443,196,118.72657663724664
126,451,184,119.33147112141039
181,545,140,120.01666550941998
257,588,375,123.4908903522847
122,435,197,125.03199590504823
206,486,372,125.67020331009256
180,547,131,129.0620006043607
179,546,130,130.034610777285
119,421,214,130.38404810405297
208,486,380,132.84953895290718
190,585,131,135.66502865514016
118,438,170,138.2931668593933
281,673,309,138.9280389266328
113,422,191,139.29106216839614
271,683,243,141.0283659410404
189,585,123,143.29340529138108
226,539,404,144.05554484295286
274,688,240,146.37281168304446
111,426,172,146.40013661195812
107,414,187,148.22280526288793
276,695,234,154.20765220960988
247,669,168,156.01281998605114
123,385,282,159.52429282087414
106,430,147,159.80613254815975
103,428,147,161.22654868228122
224,658,144,163.3431969810803
284,628,400,163.783393541592
129,384,307,165.8010856418015
214,487,417,166.68833192518306
109,376,256,167.0478973228936
112,376,266,167.10774967068403
272,591,421,168.00297616411441
178,417,372,168.58232410309213
239,668,143,171.21331723905124
238,668,142,171.89822570346675
235,524,431,172.0523176246109
91,405,157,172.20046457544765
273,589,426,172.2556240010758
283,611,423,176.61540136692497
97,425,127,177.80044994318772
286,611,426,179.38784797192923
279,598,431,179.62739212046696
246,527,439,179.71366113904642
278,597,432,180.27756377319946
211,459,421,181.59570479501986
233,515,441,183.15294155431957
231,512,441,183.63550854886427
225,509,441,184.16568627190028
243,521,443,184.31766057543157
121,363,303,185.06485349736184
303,632,423,185.71483516402236
105,358,277,185.77943912069495
295,723,211,186.5502613238588
308,638,422,187.8004259846074
120,360,306,188.692872149427
92,354,251,189.21416437465774
220,643,99,189.52836199366047
117,357,303,190.90573590125572
258,687,134,191.34262462922368
261,689,134,192.85227507084275
337,720,338,193.42440383777844
290,599,447,195.2050204272421
292,599,449,197.12178976460214
338,730,326,198.3053201505194
339,733,324,200.48940121612415
323,649,431,201.1889659002203
104,344,292,201.55644370746373
342,735,327,203.35437049643167
345,727,350,204.83163818121457
82,350,188,205.9927183179056
310,621,451,206.31286920597077
81,350,187,206.34437234875102
307,616,453,206.34437234875102
346,731,346,206.73654732533385
344,700,398,209.0287061625747
315,622,454,209.46837470128995
349,731,353,209.74508337503408
237,493,468,213.92522057952868
217,457,457,214.9534833400008
297,737,165,216.01157376399996
218,456,458,216.2706637526227
124,340,336,216.76023620581336
298,738,164,217.34994824015948
333,651,449,217.68095920406083
222,458,461,218.23381956058049
299,741,166,219.18029108475972
355,738,361,219.6041893953756
351,701,414,220.6354459283458
335,648,455,221.472345903501
289,571,480,221.7746604100658
352,701,417,222.73975846265077
288,569,482,223.51733713517615
269,714,114,224.84883811129646
360,758,331,226.4199637841151
95,319,300,227.54340245324627
98,317,311,231.68297304722245
99,316,313,233.10512649875378
300,578,491,233.63646975590092
365,754,364,235.23817717368922
102,315,321,236.01906702637396
366,755,364,236.13555429032706
369,756,363,236.59670327373541
353,781,246,238.41140912296962
336,624,490,243.8462630429263
234,467,492,244.13111231467406
250,478,496,244.787663087828
67,331,135,246.10770000144245
230,462,493,246.6779276708802
65,322,150,246.86230980042296
280,536,507,247.09917037497314
371,720,433,247.50353532828578
194,392,458,249.00803199896987
268,509,507,249.3290997858052
64,328,133,249.70782927253202
61,321,144,250.4795400826183
60,316,153,250.95417908454922
263,492,507,252.21022976873877
56,321,135,254.77244748991205
57,323,131,255.03137061938085
266,491,510,255.3507391804457
363,677,479,256.7430622236948
156,327,401,257.9476691113917
145,322,394,258.4511559269952
259,475,511,260.0480724789169
256,474,511,260.3113520382851
240,455,507,262.20793275566626
110,296,349,262.54523419784255
79,280,269,263.1539473388153
260,473,514,263.46916328101855
159,321,408,266.8107943843352
89,283,320,266.8332812825267
132,309,390,267.686383665662
133,307,392,270.4071004984891
361,652,508,270.8966592632696
251,455,518,272.5949375905576
127,297,388,277.308492477241
301,534,539,279.1451235468748
143,305,406,279.2131802046601
130,295,394,281.8865019826242
136,300,403,281.95389694061686
157,308,416,282.0655952079232
148,305,412,282.39688383549844
154,307,416,282.8992753613908
144,302,409,283.3407842157567
372,681,508,283.8097954616789
158,307,418,284.0070421662111
134,297,402,284.0422503783548
135,296,403,285.40847920130193
373,680,512,286.8327038536575
43,293,118,287.51347794494785
379,726,482,287.70297183032363
348,602,543,289.0847626562147
141,296,412,290.0224129270012
140,294,412,291.7276126800478
291,505,552,294.462221685567
164,301,429,295.16944286290885
374,680,523,296.5434200922354
314,530,557,297.28437564056406
131,284,407,297.80866340655706
59,245,248,298.24151287169934
358,612,551,299.0685540139585
58,244,248,299.2407057871639
142,287,419,301.3585903869342
161,294,430,301.4979270243827
46,243,216,303.2094985319556
152,289,427,303.9819073563425
62,239,258,304.00657887618155
47,241,221,304.50779957170226
137,281,418,305.9542449452205
45,240,217,306.03594560116625
171,307,455,306.13885738337757
149,283,429,310.09837148879063
151,283,431,311.1928662421425
162,284,438,314.2689930616764
54,228,258,315.0063491423625
209,350,509,315.03968004046726
150,279,433,315.6342820417326
163,283,439,315.6596268134397
160,282,438,315.9192934912333
270,452,563,316.3700365078842
48,227,237,316.8359196808342
249,414,550,317.3972274611106
147,276,432,317.60510071470827
146,275,431,317.90721916936707
210,348,512,318.6361561405108
398,765,489,318.9435686763412
42,227,214,319.3305497443049
397,763,492,319.72488173428104
377,656,561,321.51205265121865
38,219,215,327.11007321695246
37,215,215,331.07249961300016
391,700,553,332.412394474093
114,239,397,333.44414824674914
49,209,254,334.0538878684096
50,208,257,335.01343256651666
51,207,258,336.00595232822883
39,207,230,337.33662712489433
44,206,242,337.4803697994892
35,260,65,343.6771741038383
376,622,596,345.16228067388823
34,220,138,345.2723562638631
334,511,604,345.48516610702694
378,634,596,348.104869256378
357,554,608,348.1738071710737
330,502,606,348.4207226902556
267,412,583,348.5541564807397
80,203,337,348.61009738675097
205,315,524,348.82660448996717
74,198,317,349.67699381000176
33,215,135,351.0113958264033
265,403,582,351.1182137115647
326,494,608,351.4327816240255
32,217,128,351.7101079013795
197,308,522,351.95028057951595
188,297,512,352.1647341799005
382,647,597,352.6825768307814
153,245,455,356.1305940241585
277,429,599,357.6548615634911
383,641,604,357.6870140220357
191,298,521,357.97485945244813
195,300,524,358.81053496239485
30,206,136,359.0891254271006
93,206,385,359.43566879206634
207,307,533,360.86701151532264
29,206,127,362.295459535446
100,207,399,363.61655627872614
381,631,613,363.8035183996988
387,639,611,363.8914673360726
94,202,388,364.2320688791694
321,470,618,365.3669388436781
343,507,624,365.7758876689386
204,296,535,369.64036576110027
184,269,509,370.23911192633335
388,638,618,370.3903346471125
384,627,621,370.6440340812192
186,268,514,374.35411043556076
375,580,634,375.8257574994029
227,344,580,376.8302004882305
228,344,581,377.6797585256589
341,490,634,377.73668077114246
287,418,617,378.25123925771874
354,511,638,379.35207920874774
27,177,159,379.6801285292661
165,230,475,379.7288506289718
101,191,408,381.8481373530582
359,516,645,385.94559202042973
41,155,270,388.1288445864337
90,177,392,389.0758280849634
40,154,270,389.12851347594665
23,200,75,389.7101487002873
367,528,650,390.2883549377306
350,492,647,390.3460003637798
347,485,647,391.3221179539945
26,160,166,394.3665807342199
20,199,67,394.44264475332784
86,161,365,396.16789370164764
356,499,654,396.44924013043584
410,722,614,396.6824926814895
19,190,79,396.6988782439396
340,468,650,397.1460688462118
221,301,576,398.02009999496255
216,295,574,400.12498047485116
407,702,628,400.88028138086315
193,255,546,405.8817561802945
72,143,334,406.7874137679287
412,710,632,407.7658641916952
411,704,635,408.100477823783
362,490,666,409.444745967023
12,167,94,411.01338177728474
11,161,101,413.7692593704854
9,164,93,414.16180412973864
24,138,162,416.6881327803805
8,158,99,417.30803970208865
169,205,508,419.2230909670888
5,162,84,419.68678797407955
21,135,161,419.8392549536072
6,157,93,420.57698462944927
22,134,162,420.57698462944927
63,128,330,420.86221023037933
25,129,184,420.918044279406
408,675,660,421.2172835960082
168,201,508,422.45473130265685
31,122,216,423.2930427020978
4,149,102,424.4997055358225
28,121,209,425.0705823742688
18,131,153,425.6677107791945
406,661,669,425.6818060476628
409,675,665,425.96830868035244
17,129,152,427.85511566416966
3,146,94,430.3080292069856
242,299,615,430.76791895404654
244,299,616,431.59240030380516
2,143,96,432.31470018957253
176,197,521,433.4016612796956
88,133,402,433.8939962709786
393,568,695,435.71779858068686
414,724,658,437.2241987813575
253,299,623,437.3842704076131
232,283,616,440.8355702526737
170,185,518,441.2799564902082
172,185,519,441.86536410992886
10,114,150,442.8780870623427
293,353,661,443.73528144604416
16,109,162,444.9269602979797
13,110,157,445.08201491410546
285,346,660,445.88002870727456
175,183,524,446.4258057057186
166,168,503,446.8489677732287
7,109,150,447.7231287302455
14,106,162,447.8537707779181
167,166,504,449.0712638323677
183,190,538,449.32504937962227
296,350,666,449.53865239821147
294,347,665,449.9344396687144
1,138,62,450.809272309255
404,587,710,452.14599412136783
0,136,63,452.1703218920941
15,100,167,452.6566027354511
392,541,713,453.004414989523
182,180,536,456.00986831427235
229,265,622,456.42962217630003
36,87,280,456.43838576526406
413,688,693,456.63333211669953
312,361,679,456.8205336891064
316,364,681,457.4734965000705
302,350,675,457.68329661459137
401,557,719,459.2134579909435
402,559,719,459.2787824404694
173,167,528,461.7358552246078
306,350,680,462.2218082263103
405,599,719,462.4035034469354
200,203,574,462.81313723791374
96,111,428,463.5169899798712
320,361,687,464.1691502028113
304,347,681,464.3888456886104
385,505,725,466.5501044903966
328,368,694,467.95405757403154
309,345,685,468.859253934483
329,368,695,468.8816481800072
282,316,671,469.52103254273925
317,351,689,470.00531911883724
318,349,691,472.6489183315667
380,485,731,474.55768880084537
364,424,721,476.111331518165
55,72,341,477.9142182442368
368,424,723,478.0481147332348
52,71,336,478.0794912982568
415,705,711,479.2128963206228
53,70,339,479.5518741491894
69,71,353,481.07483825284396
71,71,357,481.8640887221209
68,70,353,482.05601334284796
70,68,357,484.80305279566875
275,285,672,486.11521268110914
66,62,352,489.71930735881756
389,484,747,490.5609034564414
386,472,748,493.1379117447775
73,59,368,495.90321636383845
138,105,496,497.533918441748
75,57,372,498.738408386601
128,96,482,499.09217585532235
78,59,386,500.13198258059845
76,56,382,502.04880240869016
390,470,758,503.3219645515185
394,482,760,503.7072562510888
84,53,397,508.7917059072406
313,297,710,512.8508555125944
77,46,388,513.2182771492068
370,382,748,513.8725522928813
85,47,398,514.8397809027581
396,467,771,516.6207506479003
395,465,771,516.9187557053816
399,477,773,517.228189487
83,44,398,517.7306249392632
400,477,774,518.2200304889806
87,41,402,521.6972302015797
305,277,713,525.3237097257271
403,480,782,525.7879800832271
331,303,729,526.8405830989104
325,289,727,531.6060571513459
311,274,719,532.0169170242616
108,47,455,532.9549699552487
324,285,727,533.5288183406778
116,50,465,533.9232154533084
322,280,726,535.0934497823721
327,286,731,536.553818363079
115,47,465,536.6945127351313
319,275,726,537.5686002734907
332,278,740,548.2928049865327
