115,47,464,10.04987562112089
116,49,464,10.04987562112089
129,96,482,55.569775957799216
84,47,397,57.0087712549569
82,43,397,57.21887800367987
78,45,387,67.06713054842886
139,102,495,67.80117993073571
96,111,428,68.15423684555495
80,59,386,68.8839603971781
77,56,380,74.43117626371358
75,57,372,82.49242389456137
74,59,367,87.69264507357501
72,68,357,99.04039579888602
87,133,402,99.64436762808022
69,61,352,102.82509421342633
70,70,353,103.36827366266692
71,71,353,103.58571330062848
172,166,504,128.15615474880636
171,168,502,129.24395537122808
180,167,528,140.13208055259867
89,177,392,143.1258187749506
86,161,365,143.8401890988746
67,128,331,146.72763884149435
66,128,329,148.4082207965583
102,190,407,149.57606760441325
175,185,518,151.21177202850313
178,185,519,151.6377261765686
181,183,524,152.0690632574555
100,192,405,152.10851389715174
73,143,334,153.05227865013967
188,180,536,155.3962676514465
189,184,538,159.84992962150469
173,201,509,162.58536219475602
183,197,524,164.62381358722072
174,204,508,165.08179790637126
191,190,540,166.01204775557707
177,204,511,166.0873264279969
101,206,398,167.6305461424021
94,205,387,170.6985647274165
190,198,537,171.4322023425004
93,206,385,172.40939649566667
192,204,536,176.23847480048164
39,87,278,180.2692430782356
169,230,474,183.09560344257315
43,124,283,187.128298234126
211,199,574,192.87560758167425
81,202,336,194.0103090044444
154,245,454,197.0
114,239,397,199.32385707686876
76,197,318,201.73497465734593
44,154,270,212.34876971623828
45,155,270,212.8497122384712
193,266,509,224.83104767802868
206,255,546,226.52372944131042
194,269,509,227.74108105478027
196,268,514,228.0350850198276
149,276,432,229.0589443789524
148,277,431,230.15212360523637
153,279,433,231.95258136093247
198,272,516,232.42202993692314
165,282,438,234.54637068179076
167,283,439,235.47823678633233
138,281,417,235.9194777885031
155,283,431,236.1228493814184
152,283,429,236.32604596192948
166,284,438,236.5417510715603
156,285,430,238.2120903732638
132,284,407,240.63457773146402
145,287,419,241.54916683772686
151,288,425,241.7457341919398
164,294,429,247.2670621008791
141,293,412,248.57393266390585
31,123,214,251.44581921360316
144,296,412,251.53131017827582
56,207,257,253.16002844051033
135,296,402,253.39297543538967
168,301,427,254.4366325826531
55,208,255,255.34486483969087
199,297,512,255.66579747787932
131,297,393,256.3630238548453
136,299,401,256.5345980564805
29,121,208,256.6028059082753
54,208,253,256.9065978132909
137,300,403,257.1089263327899
128,297,388,257.59852484049674
146,302,409,257.9554225055174
202,298,521,258.8223328849348
176,307,455,259.0019304947359
215,295,534,259.6324324887012
150,305,412,260.40929322894755
143,304,405,260.64727123068064
163,307,418,261.48996156640504
207,300,524,261.5415836917717
159,307,416,261.7728022541685
160,308,416,262.76224995230956
49,206,242,264.40121028467325
57,227,257,266.1766330841233
134,307,392,266.3174797117155
48,206,238,267.6191323504357
170,314,424,267.686383665662
111,296,352,268.15667062372324
209,308,522,268.7452325158532
218,307,533,270.78035379251577
88,283,319,271.01660465735307
65,239,258,273.67316273248275
232,295,574,274.6069918993324
216,314,524,275.056357861439
42,206,228,275.7535131235865
250,266,624,276.4489102890442
161,321,406,277.1876620630868
157,321,404,277.5409879639402
147,322,394,280.49242414011826
240,301,576,280.87897749742683
140,322,389,281.6043323530375
53,227,236,282.07268566807386
26,129,183,282.8462479864281
60,243,248,283.6564823867066
158,327,400,284.17776126924497
248,283,614,284.29737951659
61,245,248,285.0350855596553
40,215,217,289.9275771636772
17,100,167,291.6727618410742
41,219,215,293.87412271242937
16,107,162,297.90099026354375
79,280,267,297.9815430525857
259,299,615,298.197920851236
260,299,616,298.73901653449957
104,316,321,299.18723234790616
15,107,160,299.8616347584332
46,228,213,300.8005984036601
267,299,622,302.03476621077914
52,241,220,303.3232599059953
14,110,157,303.40237309553135
97,316,311,303.7647115778921
50,240,217,305.0131144721486
22,133,161,305.08031729365956
220,348,512,305.5552323230614
23,135,161,305.6435832796102
99,318,310,306.0
24,138,161,306.5110112214568
219,350,509,306.96742498187
51,243,215,308.45745249547787
27,160,166,309.01132665324747
92,316,299,309.594896598765
8,109,150,310.0596716762759
11,114,150,311.0819827633867
19,131,153,312.23388669393336
18,130,152,312.93449793846634
125,341,335,316.24357700987383
246,344,580,321.70172520519685
292,285,672,322.0139748520241
247,345,580,322.62206992082855
28,177,157,323.80549717384355
98,341,284,338.7462176910615
205,390,457,342.01315764163223
118,357,304,343.48362406379727
300,316,671,344.8376429567979
121,359,305,344.85069232930357
325,277,713,345.71953951143695
122,362,306,347.1310991541956
331,273,719,347.6348659153739
119,361,302,347.95545691941663
341,275,726,354.27813931994166
32,206,136,355.0887213077881
343,278,726,356.20780451865454
335,294,712,356.4828186603107
332,297,710,357.1232280320058
108,360,277,358.71018942873644
35,220,138,359.7777091483017
34,215,135,360.06943774777665
347,283,727,360.21382538708866
345,292,721,361.69738732813653
303,346,660,362.27061708065696
30,206,127,363.1707587347858
349,289,727,364.156559737704
353,286,732,365.96174663480883
5,149,102,366.2034953410467
357,278,740,367.00953666083393
33,217,128,367.2015795173
309,353,659,367.4914965002592
91,354,250,367.7662300973269
312,351,664,368.6583784481237
130,385,304,368.8753176887822
12,161,101,370.6453830819966
3,143,95,371.3569711207802
9,158,99,371.6517186829626
319,350,673,373.048254251377
4,146,94,373.1005226477176
356,302,729,374.35411043556076
133,392,305,374.88264830477283
324,347,681,375.40644640176333
323,350,679,376.60191183795126
7,157,93,377.09680454758563
281,403,582,377.37117006999887
185,417,374,377.5725095925285
112,376,266,378.0581965782517
124,385,282,378.3556527924487
13,167,94,379.15827829548965
10,164,93,379.17937707633837
266,415,550,379.3481250777444
2,146,84,382.7584094438684
339,349,691,383.105729531679
109,376,256,383.12922102079347
338,351,689,383.4501271351986
329,360,678,384.0833242930497
283,413,583,387.1253027121839
336,363,680,387.6867292028449
6,162,83,388.1198268576343
342,361,687,390.2025115244647
350,368,690,397.61287705505714
351,368,692,398.80320961597084
354,368,694,400.0
20,188,78,401.21814515298286
0,136,62,401.756144943671
1,139,62,402.42390585053465
63,316,153,403.01985062773275
83,350,187,403.10420489000114
85,351,188,403.1935019317648
305,418,617,404.31299756500533
296,429,599,407.659171367455
236,456,458,408.01960737199875
256,453,506,408.324625757497
235,457,457,409.0110022970042
68,322,150,409.25786492137206
239,458,460,410.0439000887588
25,201,72,411.50091129911243
268,455,518,412.0012135904456
64,321,144,413.0726328383424
47,292,119,414.44058681552895
249,462,493,415.83289913136986
21,198,64,417.85164831552356
287,452,563,418.4459343810141
254,467,492,420.7196216008947
58,320,133,420.7433897282285
62,325,132,424.7505150085165
59,323,129,425.73465914816
275,473,514,429.2143986401202
273,474,511,429.7964634568321
328,442,626,429.9069666800016
274,475,511,430.7876507050777
38,277,89,430.88977708922266
37,274,87,431.00464034624963
265,478,496,432.04629381583635
337,443,631,432.84408278270365
340,450,631,439.2413914921953
228,486,414,439.8226915474007
230,487,414,440.8185567781828
251,490,468,442.2216638745777
36,262,66,443.1026968999399
120,421,212,444.6268098079557
217,485,372,444.6268098079557
396,382,748,444.9629198034371
210,485,363,446.37428241331287
280,491,509,446.4011648730321
278,492,506,447.0346742703523
241,496,422,449.14140312378237
227,497,399,452.3560544526844
344,470,618,452.74717006293923
107,414,187,453.0397333567995
113,421,192,455.82123689007733
242,507,418,460.40960024743185
392,424,722,461.7358552246078
395,424,724,462.8995571395592
284,508,507,463.0431945294089
90,405,157,464.38992237127627
123,435,195,465.67155807500205
369,470,651,465.7177256665243
308,504,551,466.20274559466077
352,494,608,471.8389555770062
126,443,194,472.8900506460249
110,427,170,473.6000422297278
374,485,647,477.7216762927971
355,501,607,478.1401468189008
368,492,634,479.0991546642511
117,438,170,482.44792465094093
162,470,219,483.0207034900264
377,492,647,484.1332461213545
359,510,604,485.74067155221826
127,451,182,486.2026326543286
282,534,474,486.41134855181986
372,507,624,489.47012166219093
103,428,145,489.77647963127015
388,490,666,490.21219895061773
298,536,507,490.8696364616577
105,430,145,491.3298281195637
409,438,754,492.03658400570174
334,530,557,492.8823389004723
383,499,654,493.35686880796544
321,534,539,493.3771376948875
245,539,403,493.6415703726743
380,511,638,498.2218381404011
142,470,189,498.30613080715756
95,424,122,501.5974481593781
195,515,265,503.7955934702089
386,517,643,505.6500766340296
197,520,263,509.1807144816072
214,534,294,511.6600433881856
212,534,291,512.6060865811096
416,471,747,514.5658364096863
422,461,763,515.8003489723519
410,484,730,516.0155036430591
393,528,650,518.4746859780138
421,470,757,519.5122712698902
307,569,482,521.7518567288477
428,463,771,522.220260043595
302,570,479,522.5983161090361
420,483,746,523.9169781558907
430,467,771,525.4046059942756
384,554,608,528.9158723275375
414,505,722,529.7858057743714
427,482,759,530.4535794958877
320,578,491,531.2899396751269
417,506,724,531.6615464748227
418,505,726,531.8204584255856
204,543,258,532.3917730393662
434,477,772,534.008426899801
435,477,773,534.6045267298061
291,589,426,541.7240995193033
438,480,782,542.4094394458857
179,520,185,543.2724914810246
289,591,421,544.0018382321883
271,587,375,544.7586621615117
295,597,430,549.5243397703144
297,598,431,550.4806990258605
311,600,448,552.0326077325506
243,585,326,552.0443822737444
310,600,446,552.0579679707557
425,542,714,558.2436743931811
401,577,636,559.4327484157501
375,602,543,561.1033772844359
253,596,325,562.9786852093071
304,611,426,563.6958399704579
261,600,332,565.3211476674121
301,613,422,565.905469137735
225,579,257,566.3656063003826
182,535,162,567.8318413051526
327,616,453,568.000880281008
436,550,723,569.5305084014376
264,605,330,570.6356105256664
382,611,549,570.9588426498008
437,552,723,571.2941449026061
263,606,327,572.2700411519023
333,621,453,573.0008725996846
330,621,451,573.0078533493237
426,568,695,573.1326199057248
362,623,491,576.1892050359847
269,611,328,576.9272051134354
203,567,200,577.820906509967
277,614,336,578.1695253124294
317,626,423,578.8307179132773
213,573,209,579.3530875036397
270,615,326,581.268440567695
306,629,401,583.4123755972271
208,573,199,583.6522937503116
322,631,422,583.8775556570059
187,546,139,589.261402095878
402,620,596,589.3623673089418
326,638,421,590.9221606946214
184,546,130,594.1211997564134
186,547,131,594.4156794701836
404,625,600,595.1848452371751
439,587,710,596.7051198037436
361,648,454,600.0
346,648,430,600.4798081534466
415,627,621,602.6026883444846
407,634,596,602.9593684486542
360,651,449,603.0207293286028
358,651,447,603.0406288136812
411,631,613,604.2929753025431
387,652,508,606.4091028340521
440,598,717,609.6466189523239
413,641,604,611.6772024524047
419,638,618,612.3691697007615
412,647,597,615.8327695080865
279,644,294,617.1029087599571
403,656,561,617.3435024360425
231,613,199,619.8790204547981
233,616,198,623.0248791180012
223,603,165,625.7363662118416
222,602,160,627.1778057297628
201,586,129,628.5451455543985
257,640,240,629.4918585653035
389,677,479,629.4966242959529
200,583,121,630.1698183823152
398,679,510,633.4800707204607
221,604,150,633.6813079143175
229,617,172,635.0472423371351
399,681,508,635.2991421369936
400,680,521,635.5415013986104
224,614,156,639.6561576347092
299,673,309,641.599563590874
441,649,679,641.7367061342213
226,617,155,642.7767886288366
442,661,669,649.6106526220149
234,628,159,650.7111494357539
378,700,416,653.106423180786
376,700,413,653.2878385520429
238,631,159,653.3865624574781
370,699,396,653.5786104211184
258,653,204,654.6182093403758
424,700,553,659.4732746669875
444,675,660,659.9734843158474
445,675,665,661.5512073906298
449,670,681,662.1276312011152
405,712,497,665.3908625762756
451,645,752,667.2428343564283
406,714,497,667.3866945032693
288,683,243,669.1382517835907
285,682,233,671.4141791770561
397,720,433,672.3280449304491
290,687,238,674.5198292118624
443,702,628,676.7510620604892
294,692,245,677.0649894951001
408,726,482,678.5779247809348
447,704,635,680.5123070158246
363,719,338,680.9530086577194
293,693,234,681.4873439763941
367,722,350,681.9765391859165
244,658,144,684.2514157822401
262,669,166,684.5326873130311
373,725,352,684.6407817242557
366,724,344,684.8912322405654
448,710,632,685.5129466319363
446,722,614,692.7308279555631
237,642,97,693.0259735392318
252,666,139,693.6490467087806
364,730,326,693.9077748519611
255,667,138,694.9942445804858
381,737,360,695.3826284859293
365,732,323,696.4316190409507
371,735,327,698.6401076376878
316,717,241,702.0897378540724
452,705,711,705.4771434993482
450,724,658,706.1104729431507
390,753,363,710.8487884212788
391,754,364,711.7134254740457
394,756,363,713.824208051254
272,687,132,715.5452466476177
432,763,488,715.8079351334407
433,763,491,715.9567026014911
276,689,132,717.3318618324437
385,756,330,718.7767386330752
314,725,210,719.6283763165541
348,749,224,737.767578577427
423,790,415,743.0242257154204
313,737,165,747.1559408851675
315,738,164,748.4650960465692
286,714,112,748.6788363510751
318,741,164,751.2316553500658
429,800,415,753.0106240950389
431,803,416,755.9556865319554
379,780,245,761.2522577963234
