245,600,332,44.64302857109943
262,614,337,46.04345773288535
272,591,421,46.09772228646444
284,628,400,47.16990566028302
252,606,331,47.53945729601885
223,585,327,48.093658625644196
273,589,426,51.0098029794274
248,606,327,51.264022471905186
236,597,324,51.78802950489621
254,611,328,52.32590180780452
283,611,423,53.225933528685054
255,615,327,55.072679252057455
286,611,426,55.94640292279746
279,598,431,56.88585061331157
226,539,404,56.938563381947034
278,597,432,57.706152185014034
303,632,423,65.11528238439882
308,638,422,68.62215385719105
290,599,447,72.83543093852057
292,599,449,74.81310045707235
323,649,431,82.80700453464067
310,621,451,82.85529554590944
307,616,453,82.87339742040264
235,524,431,85.0411665018772
315,622,454,86.00581375697809
246,527,439,88.41379982785493
203,535,296,95.13148795220224
243,521,443,95.46203433826454
333,651,449,97.18538984847466
233,515,441,98.41239759298622
202,535,292,98.47842403288143
335,648,455,100.0
231,512,441,100.65783625729296
264,645,292,100.68763578513501
206,486,372,102.04410811016969
208,486,380,102.12247548899312
199,486,364,102.59142264341595
225,509,441,102.9417310909429
289,571,480,106.36728820459794
281,673,309,107.61505470890214
288,569,482,108.67382389517726
214,487,417,109.38464243210744
344,700,398,114.33722053644648
300,578,491,116.43023662262307
212,579,257,118.3427226321923
351,701,414,119.54078801814885
336,624,490,120.50311199301038
352,701,417,120.55289295574785
192,543,260,123.4908903522847
187,520,263,131.0267148332736
185,515,265,132.01893803541975
237,493,468,132.94359706281458
363,677,479,136.88316185711082
211,459,421,136.95619737711763
337,720,338,137.0875632579411
345,727,350,141.23030836190935
280,536,507,141.8731828077456
371,720,433,144.18044250174847
241,640,240,144.66858677681205
349,731,353,144.68241081762497
346,731,346,145.91093173576817
361,652,508,147.59742545180114
338,730,326,150.2165104108067
355,738,361,150.65191668213185
339,733,324,153.70751445521458
268,509,507,153.83432646844463
217,457,457,154.5477272560163
342,735,327,154.63828762631846
222,458,461,155.8717421471897
218,456,458,155.92626462530293
372,681,508,162.28986413205232
271,683,243,162.63148526653748
263,492,507,163.21764610482532
250,478,496,163.52675622050356
373,680,512,165.0242406436097
201,573,210,165.6804152578089
266,491,510,166.23477373883
365,754,364,166.3640586184408
366,755,364,167.36188335460378
274,688,240,168.00297616411441
234,467,492,168.31518053936787
369,756,363,168.4280261714184
348,602,543,168.58232410309213
178,417,372,171.0263137648707
230,462,493,172.6267650163207
301,534,539,172.66151858477326
374,680,523,174.26416728633572
379,726,482,174.62244987400675
198,574,200,175.55910685578235
360,758,331,175.60182231400674
196,571,200,175.82377541163197
215,614,201,175.93180496999398
259,475,511,176.81911661356077
276,695,234,177.00282483621552
256,474,511,177.45985461506498
358,612,551,177.62882648939615
219,618,198,179.52437160452615
260,473,514,180.40509970618902
240,455,507,187.3846311734236
314,530,557,191.01832372837953
251,455,518,195.28952864913163
291,505,552,195.49424543960367
155,470,218,196.4001018329675
377,656,561,198.04039991880444
174,521,187,199.58206332233365
213,617,171,206.0509645694482
391,700,553,210.304541082688
397,763,492,210.50890717496966
398,765,489,210.535032714273
295,723,211,212.41704263076446
194,392,458,212.8497122384712
129,384,307,215.0348808914498
177,536,164,217.3131381210073
139,470,190,219.4288039433292
247,669,168,222.28360263411244
123,385,282,223.28905033610582
376,622,596,223.6000894454204
378,634,596,225.73657213663896
382,647,597,229.7063342618135
125,443,196,230.36058690670154
119,421,214,231.96982562393757
270,452,563,232.03448019637082
353,781,246,232.14219780126146
122,435,197,234.71898091121648
126,451,184,235.05318547086316
383,641,604,235.05318547086316
357,554,608,235.46761985462035
121,363,303,236.23928547132036
120,360,306,238.2120903732638
112,376,266,238.37994882120435
181,545,140,238.9016534057477
224,658,144,241.37315509393335
387,639,611,241.4477169078225
334,511,604,241.59884105682295
381,631,613,241.85326129701042
117,357,303,241.96074061715052
109,376,256,243.11519903124116
190,585,131,244.0184419260151
239,668,143,245.40578640284747
238,668,142,246.35137507227356
330,502,606,246.48935068274247
249,414,550,246.78127967899024
180,547,131,247.42069436488129
113,422,191,247.81444671366518
388,638,618,248.09070921741508
179,546,130,248.57393266390585
384,627,621,249.07227866625382
105,358,277,250.0079998720041
124,340,336,251.04780421266383
326,494,608,251.24689052802225
189,585,123,252.01785651020842
118,438,170,254.01771591761076
107,414,187,256.1640099623677
297,737,165,257.489805623446
104,344,292,257.73047937719747
298,738,164,258.88414397177746
299,741,166,259.01737393464555
375,580,634,259.12352266824405
111,426,172,259.71715384240605
258,687,134,260.5417432965397
261,689,134,261.30824709526485
343,507,624,261.84346468835156
156,327,401,262.29182221335077
92,354,251,264.8244701684495
145,322,394,266.6777081047458
159,321,408,269.0315966573443
321,470,618,270.135151359463
267,412,583,272.47018185482244
209,350,509,273.1300056749533
410,722,614,274.00182481144174
354,511,638,274.04014304477363
277,429,599,274.69437562498433
210,348,512,276.3494165001982
341,490,634,276.9205662279348
106,430,147,277.3950251897103
407,702,628,277.49774773860776
265,403,582,277.62204523416364
102,315,321,278.28941769316344
98,317,311,278.4546641735419
103,428,147,278.53904573685895
99,316,313,278.9767015361677
95,319,300,279.2597357300189
132,309,390,279.4029348450012
359,516,645,279.43514453268045
220,643,99,281.42672225643395
367,528,650,281.4693589007514
133,307,392,281.51376520518494
157,308,416,282.98586537139977
154,307,416,283.9753510430087
158,307,418,284.27099746544667
412,710,632,284.48725806264156
91,405,157,284.6278271708513
143,305,406,284.6928169097352
411,704,635,284.70335438838794
148,305,412,285.40847920130193
144,302,409,288.01388855400705
350,492,647,288.44410203711914
136,300,403,289.3579098625092
269,714,114,289.82235938588315
347,485,647,290.84875794818174
127,297,388,291.29023327259017
164,301,429,292.0359566902678
171,307,455,292.1660486778024
134,297,402,292.2498930709813
356,499,654,292.851498203441
110,296,349,293.1552489722809
135,296,403,293.33939387678566
130,295,394,293.6153946917634
141,296,412,294.334843333235
287,418,617,295.7431317883815
140,294,412,296.31908477180474
97,425,127,296.7709554521803
408,675,660,297.9832210041364
161,294,430,299.1003176193566
340,468,650,300.04166377354994
82,350,188,302.67639485100256
409,675,665,302.768888758406
406,661,669,302.92738403782516
81,350,187,303.29523570277195
152,289,427,303.48805577814755
142,287,419,304.19894805866767
131,284,407,305.6795707926848
362,490,666,307.05862632402955
149,283,429,309.7434422227531
89,283,320,309.9193443462347
137,281,418,309.99677417676463
151,283,431,310.09837148879063
162,284,438,310.4593371119638
205,315,524,311.01446911679204
163,283,439,311.64242329952447
160,282,438,312.41798923877604
414,724,658,313.9824835878588
150,279,433,314.39624679693617
197,308,522,316.2419959461425
147,276,432,317.16399543453855
146,275,431,317.9701243827791
227,344,580,318.6863661972379
228,344,581,319.3305497443049
393,568,695,320.62439083762797
188,297,512,321.6364407215078
207,307,533,322.37400639629743
195,300,524,324.2606975876047
191,298,521,324.6783023240081
79,280,269,325.7299494980466
204,296,535,332.9624603465081
413,688,693,333.35266610603253
404,587,710,335.0014925339886
392,541,713,341.2521062206064
405,599,719,344.17582715815473
402,559,719,345.2202195700594
401,557,719,345.39397794402845
184,269,509,346.0014450836875
65,322,150,348.39776118683653
186,268,514,348.88536799355745
114,239,397,349.6927222576987
221,301,576,350.3855019831728
60,316,153,351.09542862304545
67,331,135,351.6375975347346
153,245,455,352.20590568586437
61,321,144,353.0580688781946
216,295,574,354.18921496849674
64,328,133,355.1957206949431
415,705,711,355.78785814021256
56,321,135,359.01114188838204
385,505,725,359.70682506730395
57,323,131,360.22354170709053
59,245,248,365.75674976683615
58,244,248,366.69469589837263
62,239,258,368.0896629898753
293,353,661,370.1634773988379
380,485,731,370.600863463646
165,230,475,371.7041834577599
285,346,660,373.8836717483126
193,255,546,374.33941817553756
242,299,615,375.66075121045054
296,350,666,375.9321747336878
244,299,616,376.3004119051692
294,347,665,377.068959210381
54,228,258,378.53533520663564
316,364,681,379.2255265669757
312,361,679,379.40084343606827
47,241,221,379.63798545456433
46,243,216,379.87629565425635
253,299,623,380.8214804865923
100,207,399,381.755157136089
93,206,385,382.13086763568316
45,240,217,382.1884351991829
364,424,721,382.89946461179596
302,350,675,382.94124875756074
368,424,723,384.7076812334269
320,361,687,385.84064067954273
94,202,388,386.21884987659524
389,484,747,386.2641583165593
48,227,237,386.4776837024358
80,203,337,386.87077946001557
306,350,680,386.87077946001557
328,368,694,387.5061289837878
329,368,695,388.329756778952
232,283,616,388.7235521549987
304,347,681,389.5086648586909
386,472,748,390.6212999824766
43,293,118,391.24672522591163
317,351,689,393.4018301940142
309,345,685,393.88957843537827
74,198,317,394.289233938742
42,227,214,395.27458810300465
318,349,691,396.2032306783982
49,209,254,397.84670414620757
50,208,257,397.8994847948411
101,191,408,398.36917551437136
51,207,258,398.55990766759265
394,482,760,399.3256816184003
390,470,758,400.7655174787372
282,316,671,401.9950248448356
38,219,215,402.1952262272639
44,206,242,404.4910382196372
169,205,508,405.43556824728637
37,215,215,405.86820520952364
229,265,622,406.61775662162125
39,207,230,407.659171367455
168,201,508,409.21632421006865
90,177,392,411.3514312604248
399,477,773,413.1888188225814
396,467,771,414.07366494381165
400,477,774,414.1521459560484
395,465,771,414.6625133768424
176,197,521,417.3691411688219
403,480,782,421.0855020064215
275,285,672,424.28528138506056
370,382,748,426.10444728962875
86,161,365,427.1170799675424
170,185,518,427.6189892883617
172,185,519,427.95443682709964
183,190,538,430.0848753443906
175,183,524,431.539105991566
200,203,574,433.3889707872133
34,220,138,437.7133765376608
182,180,536,438.6171451277298
166,168,503,439.0717481232424
167,166,504,441.27655727446023
33,215,135,443.5414298574599
313,297,710,443.74091539996624
41,155,270,445.5490994267635
32,217,128,445.70169396133105
40,154,270,446.52099614687774
72,143,334,446.884772620415
173,167,528,447.9397280885008
30,206,136,450.6051486612198
35,260,65,451.313638171948
331,303,729,454.4678206430022
29,206,127,455.44264183319507
88,133,402,455.8003949098772
305,277,713,459.309264004113
325,289,727,461.8495426001849
63,128,330,462.1958459354649
27,177,159,464.3027029858861
324,285,727,464.4491360741238
311,274,719,465.7595946408404
327,286,731,466.84044383493597
322,280,726,466.97430336154474
319,275,726,470.28714632658205
26,160,166,476.3034746881446
332,278,740,478.87889909662965
96,111,428,479.9354123212831
23,200,75,490.45285196438607
31,122,216,492.37891912631676
28,121,209,495.62586696014966
19,190,79,496.0040322416744
20,199,67,496.17033365569125
25,129,184,497.1538997131572
24,138,162,497.8644393808419
138,105,496,497.92569726817675
21,135,161,501.0039920000638
22,134,162,501.48280130030383
128,96,482,503.5007447859437
12,167,94,506.1640050418441
11,161,101,507.35096333800334
18,131,153,508.0679088468391
9,164,93,509.2150822589606
36,87,280,509.92744581950086
17,129,152,510.3038310653762
8,158,99,510.95596679166005
6,157,93,515.0582491330471
5,162,84,515.9040608485263
4,149,102,516.9622810225133
55,72,341,517.1189418306005
71,71,357,517.3132513284384
69,71,353,517.4678733989193
68,70,353,518.4669709827233
52,71,336,518.4688997423085
53,70,339,519.2494583531118
70,68,357,520.311445194126
3,146,94,523.7604414233667
16,109,162,524.2232348913963
10,114,150,524.6913378358747
2,143,96,525.2294736588951
13,110,157,525.364635277252
66,62,352,526.5026115794678
14,106,162,526.9658432953696
73,59,368,529.0463117724194
78,59,386,529.114354369639
7,109,150,529.2126226763681
15,100,167,530.4790288032129
75,57,372,531.0084745086466
76,56,382,532.0460506384762
84,53,397,535.4521453874286
85,47,398,541.4886887091918
77,46,388,542.1558816429091
83,44,398,544.4859961468247
116,50,465,545.475938974397
108,47,455,546.8829856559811
87,41,402,547.6659565830251
1,138,62,548.1505267716159
115,47,465,548.4350462908073
0,136,63,549.224908393638
