15,107,160,2.0
14,110,157,5.830951894845301
17,100,167,8.602325267042627
8,109,150,12.165525060596439
11,114,150,13.892443989449804
18,130,152,25.079872407968907
19,131,153,25.632011235952593
22,133,161,26.019223662515376
23,135,161,28.0178514522438
26,129,183,30.4138126514911
24,138,161,31.016124838541646
29,121,208,48.08326112068523
27,160,166,53.150729063673246
31,123,214,54.405882034941776
28,177,157,70.178344238091
5,149,102,73.23933369440222
3,143,95,76.05918747922567
4,146,94,78.39005038906404
9,158,99,81.05553651663777
12,161,101,81.46778504415104
7,157,93,85.21150157109074
2,146,84,87.20665112249179
10,164,93,89.49860334105779
13,167,94,90.68627239003708
6,162,83,96.26006440887103
32,206,136,102.35721762533407
0,136,62,104.12012293500234
1,139,62,104.9952379872535
30,206,127,105.00476179678711
34,215,135,111.32385189167684
33,217,128,115.13470371699404
35,220,138,115.52056094046635
20,188,78,116.69190203266035
39,87,278,117.71151175649729
44,154,270,117.78370006074695
45,155,270,118.18629362155326
42,206,228,118.98319209031165
40,215,217,121.19818480488888
43,124,283,122.18837915284743
41,219,215,123.90722335683259
48,206,238,124.80785231707178
49,206,242,127.283148923964
25,201,72,130.13838787997952
46,228,213,131.30879635424276
21,198,64,133.73481222179961
54,208,253,135.94851966829208
55,208,255,137.2953021774598
56,207,257,137.93114224133723
53,227,236,140.98226838861686
50,240,217,143.92359083902818
51,243,215,145.96232390586277
52,241,220,146.01369798755184
57,227,257,153.05227865013967
60,243,248,160.90991268408544
61,245,248,162.60381299342276
65,239,258,163.21764610482532
66,128,329,168.31518053936787
67,128,331,170.29973576021777
73,143,334,175.72706109191037
76,197,318,180.0999722376436
36,262,66,182.3211452355431
37,274,87,183.06829326784035
38,277,89,185.0108104949546
47,292,119,189.9315666233499
71,71,353,194.36306233438492
70,70,353,194.5507645834372
69,61,352,195.48913013259843
81,202,336,198.2447981663075
72,68,357,198.8617610301186
79,280,267,202.37094653136353
63,316,153,209.19369015340783
86,161,365,210.05951537600004
74,59,367,210.54453210663058
64,321,144,214.75567512873786
58,320,133,214.96511344867102
68,322,150,215.3346233191495
75,57,372,215.87033144922904
59,323,129,218.50629281556172
62,325,132,220.0545386943882
77,56,380,223.8861317723811
80,59,386,229.08513701242165
78,45,387,233.3859464492239
88,283,319,235.8495283014151
89,177,392,240.41630560342617
87,133,402,241.40422531513403
84,47,397,242.53865671269807
82,43,397,243.55902775302746
93,206,385,243.98770460824454
83,350,187,244.28262320517192
85,351,188,245.381335883559
94,205,387,245.41597340026587
92,316,299,249.899979991996
101,206,398,255.92381678929377
97,316,311,256.6748916431056
100,192,405,257.4373710244882
99,318,310,257.73047937719747
102,190,407,258.6774052753738
91,354,250,262.20793275566626
104,316,321,262.60616900598507
98,341,284,263.89391808073185
96,111,428,266.03007348794233
111,296,352,267.9944029266283
114,239,397,269.53478439711637
108,360,277,277.9100573926752
109,376,256,284.95087295883127
118,357,304,287.51347794494785
112,376,266,288.40423020475964
121,359,305,289.74644087546613
119,361,302,290.02758489495443
125,341,335,291.0068727710739
122,362,306,292.8497908484826
128,297,388,295.2558212804618
106,48,454,297.90099026354375
90,405,157,298.04194335697116
131,297,393,299.1003176193566
132,284,407,302.2482423439382
124,385,282,302.7936591145858
134,307,392,304.7950130825634
135,296,402,305.48486050866745
136,299,401,306.5697310564107
116,49,464,307.5191050975532
115,47,464,307.9025819963191
107,414,187,308.01623333843946
138,281,417,308.70860046328477
137,300,403,308.75556675143525
141,293,412,311.60231064611827
130,385,304,312.166622174761
140,322,389,312.65636088203934
143,304,405,312.8226334522488
144,296,412,313.402297375115
145,287,419,313.765836253726
146,302,409,314.6966793596653
113,421,192,315.42986542177647
147,322,394,316.3052323310508
120,421,212,317.95597179483826
148,277,431,318.2153358969363
149,276,432,318.5294334908471
133,392,305,318.86360720533787
150,305,412,318.91064579283017
151,288,425,319.26478039395454
95,424,122,319.513692977312
152,283,429,319.7889929312765
110,427,170,320.0999843798809
129,96,482,320.18900668199086
153,279,433,320.97507691408066
103,428,145,321.4498405661449
155,283,431,321.4607285501605
156,285,430,321.72659200010185
154,245,454,322.96749062405644
157,321,404,323.0479840519052
159,307,416,323.2893440866865
105,430,145,323.44705903748763
160,308,416,323.908937820493
158,327,400,324.1049212832166
161,321,406,324.5489177304401
163,307,418,324.86304806795124
164,294,429,325.9723914689709
165,282,438,326.80422273893583
166,284,438,327.8795510549568
167,283,439,328.18439938546743
168,301,427,328.42198464780034
123,435,195,329.6558811852141
117,438,170,331.09666262286606
139,102,495,333.0375354220602
170,314,424,333.90567530367014
169,230,474,335.3699449861302
126,443,194,337.5203697556638
127,451,182,344.58090486850836
171,168,502,345.42871913030046
172,166,504,347.0518693221519
176,307,455,354.7520260689148
174,204,508,359.339672176619
173,201,509,359.5066063370741
177,204,511,362.2292092032336
142,470,189,364.00274724238005
175,185,518,364.44478319767455
178,185,519,365.4216742340279
162,470,219,367.4479554984624
181,183,524,369.89187609354167
180,167,528,370.8854270526142
183,197,524,373.02010669667663
185,417,374,375.5582511408849
188,180,536,381.0577384071868
193,266,509,381.69359439215117
194,269,509,382.9529997271206
189,184,538,383.80333505585907
190,198,537,385.88340207891815
192,204,536,386.3741709793759
191,190,540,387.0051679241506
196,268,514,387.07234465923807
198,272,516,390.56497538821884
199,297,512,398.24615503479754
202,298,521,406.6472672968552
205,390,457,408.79579254194874
207,300,524,410.23529833499214
206,255,546,411.5337167231866
209,308,522,412.3117752381079
179,520,185,413.6399400444788
215,295,534,416.8069097315926
216,314,524,417.0047961354881
195,515,265,420.8004277564366
218,307,533,421.4747916542578
211,199,574,422.14689386515687
219,350,509,423.6248340218028
220,348,512,424.9482321412809
197,520,263,425.1705540133277
182,535,162,428.0
210,485,363,428.117974394909
217,485,372,432.416465921454
187,546,139,439.6020928066653
184,546,130,440.1647418864896
186,547,131,441.09069362207134
212,534,291,446.0605340085581
204,543,258,446.44372545708376
214,534,294,446.9373557893768
232,295,574,452.86642622300894
228,486,414,455.1318490283887
230,487,414,455.96491093065487
227,497,399,456.36498551050124
240,301,576,457.20017497809425
236,456,458,457.62102224438945
235,457,457,457.73900860643283
239,458,460,460.440006949874
203,567,200,461.5668965599678
208,573,199,467.4665763453041
241,496,422,467.8899443245174
213,573,209,468.3641745479686
242,507,418,474.90630654898655
200,583,121,477.76249329557044
201,586,129,480.1353975703104
246,344,580,480.5132672465975
247,345,580,481.0072764522383
225,579,257,481.46547124378503
248,283,614,485.05669771687514
249,462,493,485.3720222674562
256,453,506,487.90572859928585
254,467,492,488.3646178829912
250,266,624,488.5949242470699
251,490,468,490.2295380737477
259,299,615,492.0091462564492
260,299,616,492.93001531657615
245,539,403,494.67666207331837
222,602,160,495.0040403875508
266,415,550,495.3867176257353
223,603,165,496.0090724976711
221,604,150,497.14484810767175
268,455,518,497.83531413510633
267,299,622,498.46163342829107
265,478,496,499.1963541533532
243,585,326,505.35136291495246
273,474,511,506.4484179065031
224,614,156,507.03550171560966
274,475,511,507.17354031928755
231,613,199,507.35096333800334
275,473,514,507.799172902044
226,617,155,510.0480369533834
229,617,172,510.09802979427394
233,616,198,510.27149636247566
281,403,582,513.8248728895868
253,596,325,515.4512586074459
278,492,506,516.2954580470373
280,491,509,517.5567601722539
283,413,583,520.4584517519146
234,628,159,521.0086371644908
261,600,332,521.4872961060508
238,631,159,524.0085877158884
271,587,375,525.137124949284
263,606,327,525.5720692730922
264,605,330,525.5739719582773
282,534,474,528.8411859906525
284,508,507,528.9858221162453
287,452,563,528.9858221162453
269,611,328,530.6335835583723
270,615,326,533.8164478545036
277,614,336,536.0270515561691
257,640,240,538.6770832326172
237,642,97,538.9341332667657
292,285,672,540.170343502862
296,429,599,542.8194911754736
258,653,204,547.6130020370225
289,591,421,548.9417091094464
291,589,426,549.563463123232
300,316,671,550.2381302672508
298,536,507,550.5143049912509
305,418,617,551.131563240575
244,658,144,551.2939324897382
303,346,660,552.3812089490373
279,644,294,552.9855332646597
309,353,659,554.5493666031907
308,504,551,555.8147173294352
312,351,664,558.1576838134542
295,597,430,558.5015666943111
252,666,139,559.4729662816604
297,598,431,559.8589107980688
255,667,138,560.5140497793075
302,570,479,561.1220901016106
307,569,482,562.0
262,669,166,562.0142346951721
319,350,673,565.8356651891077
301,613,422,568.890147568052
310,600,446,568.9507887330855
304,611,426,568.9569403742255
321,534,539,569.6121487468469
311,600,448,569.9517523440032
323,350,679,571.2600108532016
324,347,681,571.8050367039451
328,442,626,572.2945046040544
306,629,401,574.1123583411178
320,578,491,574.5276320595904
329,360,678,574.6868712612113
325,277,713,576.6289968428573
337,443,631,576.9376049452835
336,363,680,577.8061958823217
334,530,557,578.7521058277024
285,682,233,579.3668958440757
332,297,710,580.0034482656116
338,351,689,580.7452109143906
272,687,132,580.7753438292641
335,294,712,580.9208207664793
317,626,423,580.9320097911631
340,450,631,581.0421671445197
331,273,719,581.2099448564176
288,683,243,581.667430754035
339,349,691,581.725880462611
276,689,132,582.7726829562278
344,470,618,582.8421741775384
342,361,687,583.2160834544945
299,673,309,584.7777355542873
290,687,238,584.9581181588986
322,631,422,584.9581181588986
327,616,453,586.3122035230036
341,275,726,588.4895920914829
345,292,721,588.8174589802853
350,368,690,588.9864175004378
343,278,726,589.3530351156257
330,621,451,589.6753344002104
293,693,234,590.4066395290622
352,494,608,590.4955545980004
333,621,453,590.6581075376855
351,368,692,590.7799928907546
326,638,421,590.7977657371429
294,692,245,590.8586971518656
347,283,727,591.777829932822
354,368,694,592.5748897818739
349,289,727,593.5899257905241
355,501,607,594.3576364445905
353,286,732,597.4453949943877
359,510,604,598.1412876570217
356,302,729,599.594863220158
357,278,740,602.7644647787392
346,648,430,603.7424947773678
369,470,651,609.0073891177348
286,714,112,609.0558266694442
368,492,634,609.1050812462494
372,507,624,611.1006463750468
362,623,491,611.9616001024901
358,651,447,614.1343501221862
361,648,454,614.772315577076
374,485,647,614.9056838247635
360,651,449,615.0650372115131
316,717,241,615.0943017131601
377,492,647,619.2333970321691
314,725,210,619.8612748026771
380,511,638,624.333244349522
375,602,543,624.6487012713626
383,499,654,629.0691535912407
313,737,165,630.0071428166509
315,738,164,631.0031695641472
384,554,608,631.4467515159137
386,517,643,632.0292714740355
388,490,666,633.0126381044853
318,741,164,634.0031545662845
382,611,549,635.4407918917387
370,699,396,636.5689279253269
363,719,338,636.8045225970054
367,722,350,643.0933058273893
366,724,344,643.2829859400915
392,424,722,643.4974747425199
376,700,413,643.9332263519254
364,730,326,644.2243398071823
393,528,650,644.5036850166181
348,749,224,644.9868215707977
378,700,416,645.108518002979
395,424,724,645.2387155154285
365,732,323,645.4037496017512
387,652,508,645.5548001525509
373,725,352,646.5477553901181
396,382,748,647.3183142782228
371,735,327,649.3142536553468
389,677,479,652.2185216627936
381,737,360,660.3817078023891
401,577,636,667.5147938435522
398,679,510,669.5431278117937
399,681,508,670.2178750227422
397,720,433,670.2313033572813
385,756,330,670.3916765593082
402,620,596,671.9560997565243
400,680,521,676.1730547722233
390,753,363,676.5478549223255
391,754,364,677.8001180289068
379,780,245,678.0988128584211
409,438,754,678.2514283066421
404,625,600,678.3568382496045
403,656,561,678.6766534956098
394,756,363,679.4129819189504
410,484,730,681.7279516053306
407,634,596,682.7041819119024
414,505,722,687.0254725990878
416,471,747,689.0
417,506,724,689.2350832625978
418,505,726,690.2897942168927
411,631,613,691.3588069880935
405,712,497,691.5562160808042
413,641,604,693.195499119837
406,714,497,693.3065699962751
412,647,597,693.4154598795732
415,627,621,693.6000288350629
420,483,746,694.5732502767437
408,726,482,696.8220719810761
421,470,757,696.9892395152166
422,461,763,697.5077060506213
419,638,618,699.9264247047686
425,542,714,702.8008252698627
426,568,695,704.7056122949497
427,482,759,705.0063829498283
428,463,771,705.4197332085345
430,467,771,707.4468177891537
424,700,553,710.3027523528259
434,477,772,713.4423592694787
435,477,773,714.2975570446815
436,550,723,714.8216560793328
437,552,723,716.0628464038614
438,480,782,723.5530388299119
423,790,415,728.3529364257413
439,587,710,728.4943376581591
432,763,488,732.5380536190594
433,763,491,733.8780552653145
429,800,415,737.7384360327175
431,803,416,740.8994533673243
440,598,717,741.0168689038057
441,649,679,749.0347121462396
442,661,669,750.9760315749098
444,675,660,755.3992321944735
443,702,628,755.7651751701715
445,675,665,758.7048174356084
447,704,635,761.6679066364816
446,722,614,763.2358744189112
448,710,632,764.5318829192148
449,670,681,765.7218816254372
450,724,658,791.6470173000085
451,645,752,798.4635245269504
452,705,711,811.79122931946
