378,700,416,26.248809496813376
376,700,413,28.284271247461902
370,699,396,42.5440947723653
408,726,482,49.36598018878993
389,677,479,62.96824596572466
406,714,497,64.28063471995279
405,712,497,64.4980619863884
432,763,488,69.81403870282824
358,651,447,70.40596565632774
360,651,449,70.83078426785913
346,648,430,72.06247289678588
433,763,491,72.20110802473879
423,790,415,72.27724399837061
381,737,360,74.95331880577403
361,648,454,75.0
391,754,364,76.92203845452875
390,753,363,77.38862965578342
394,756,363,78.71467461661771
373,725,352,81.15417426109393
429,800,415,82.0
326,638,421,82.87339742040264
367,722,350,83.02409288875127
399,681,508,84.53401682163222
431,803,416,84.72307831990054
398,679,510,87.23531395025755
366,724,344,89.08984229416954
322,631,422,89.67719888578144
317,626,423,94.53041838477179
363,719,338,95.00526301210897
306,629,401,96.46242791885346
400,680,521,96.66436778875658
330,621,451,100.62305898749054
333,621,453,101.0
387,652,508,101.23734488813898
327,616,453,105.90561835898981
371,735,327,107.05606008068857
364,730,326,107.46627377926528
301,613,422,107.56393447619885
385,756,330,109.11003620199197
304,611,426,109.22453936730518
365,732,323,110.65260954898443
362,623,491,113.01769772916099
310,600,446,120.70211265756701
311,600,448,120.93386622447825
424,700,553,121.6552506059644
297,598,431,122.01639234135715
295,597,430,123.03657992645927
289,591,421,129.5569372901351
291,589,426,131.18688958886096
299,673,309,132.60844618650805
403,656,561,143.10835055998655
277,614,336,143.68368035375485
271,587,375,145.09651959988565
270,615,326,149.91330828182
269,611,328,151.34728276384746
320,578,491,153.3883959105121
264,605,330,154.38264151127873
263,606,327,155.66630977832037
261,600,332,156.84705926475002
302,570,479,156.8948692596415
279,644,294,158.42032697857937
307,569,482,158.75137794677562
382,611,549,159.17600321656528
375,602,543,161.31955864060626
253,596,325,164.43843832875572
243,585,326,172.2614292289484
412,647,597,179.51323071016242
446,722,614,181.01104938649465
245,539,403,183.4693434882242
407,634,596,184.29595763336752
413,641,604,188.36666371733614
294,692,245,190.07366992826755
282,534,474,190.46521992216847
402,620,596,191.23022773609824
316,717,241,192.02343606966312
404,625,600,192.13016421166145
288,683,243,193.56910910576616
443,702,628,195.82900704441107
379,780,245,197.34234213670416
290,687,238,197.7725966861941
298,536,507,198.3229689168655
448,710,632,199.25109786397664
411,631,613,200.80089641234176
293,693,234,200.8233054204616
419,638,618,202.35859260234045
447,704,635,202.63267258761604
285,682,233,203.57799488156869
257,640,240,208.92343095019285
415,627,621,209.74508337503408
348,749,224,211.00236965494014
242,507,418,213.52751579129094
321,534,539,214.0840956259946
314,725,210,223.0560467685196
241,496,422,224.26992665089986
284,508,507,224.54398232862977
450,724,658,225.03555274667156
225,579,257,225.51496624392803
227,497,399,225.5770378385176
334,530,557,226.88322987827902
444,675,660,231.4173718630475
214,534,294,232.2003445303215
251,490,468,232.64780248263682
230,487,414,233.77339455121918
212,534,291,234.00854685246006
228,486,414,234.7701003109212
445,675,665,236.32393023136697
258,653,204,238.60008382228202
278,492,506,239.40133667128927
384,554,608,241.2073796549351
280,491,509,241.2819926973416
217,485,372,242.78797334299736
442,661,669,243.26323191144198
210,485,363,245.20399670478457
308,504,551,246.13004692641653
401,577,636,248.31028975860022
204,543,258,248.90560459740556
265,478,496,250.06599129029922
449,670,681,252.99011838409817
441,649,679,256.04101233982027
233,616,198,256.9844353263442
274,475,511,257.11670501933554
231,613,199,257.30332294783915
273,474,511,258.0697580112788
254,467,492,259.7883754135277
275,473,514,259.9423012901132
197,520,263,262.48809496813374
239,458,460,263.38754716197195
235,457,457,264.09278672466615
249,462,493,264.8848806557294
195,515,265,265.04527915056326
236,456,458,265.18107021429716
213,573,209,267.9272289260649
313,737,165,268.5386378158644
315,738,164,269.60155785900054
318,741,164,269.8184574857695
359,510,604,270.8154353060401
262,669,166,271.82715096178305
208,573,199,276.34217919094436
256,453,506,276.79956647364895
268,455,518,278.29840100151495
452,705,711,278.40438214941946
203,567,200,278.7436097922247
355,501,607,279.7087771236362
229,617,172,280.58866691297425
352,494,608,285.83386783234766
372,507,624,286.09439001839934
238,631,159,288.0919991947017
234,628,159,289.03287010303865
393,528,650,289.74644087546613
386,517,643,292.07704463035094
223,603,165,292.42605903031284
380,511,638,292.75587099151403
244,658,144,295.5757094214611
226,617,155,296.46753616542907
224,614,156,296.5889411289639
222,602,160,297.4104907362886
287,452,563,297.8657415682441
252,666,139,298.9180489699476
255,667,138,299.7232056414718
276,689,132,302.59213472924245
272,687,132,302.80356668969404
426,568,695,302.89932320822373
368,492,634,303.94900888142405
221,604,150,305.8512710452582
439,587,710,307.2751210234893
185,417,374,308.6907837950463
440,598,717,309.0954545120326
344,470,618,311.0064308016797
383,499,654,312.54119728445403
377,492,647,312.697937313312
374,485,647,317.8380090549272
179,520,185,318.59692402783804
286,714,112,321.05606986942325
266,415,550,326.67108840544796
388,490,666,327.3973121453504
451,645,752,327.6980317304332
182,535,162,328.1249761904753
162,470,219,329.0835760107149
205,390,457,330.8715762950937
369,470,651,331.6986584235758
201,586,129,332.2228167961978
425,542,714,332.63343187358663
340,450,631,334.8193542792889
296,429,599,335.0179099690045
437,552,723,335.1477286212753
436,550,723,336.1547262794322
328,442,626,338.42724476613876
337,443,631,340.4893537248999
200,583,121,340.75357665034124
187,546,139,341.6313802916822
283,413,583,341.68552793467853
237,642,97,344.93477644331546
186,547,131,348.04166417255277
142,470,189,349.3365139804312
184,546,130,349.40663989111596
281,403,582,350.27132340515686
133,392,305,352.0908973546462
305,418,617,353.63823322712153
130,385,304,358.97910802719423
414,505,722,360.20272070044115
417,506,724,361.2160018603827
418,505,726,363.41986737106157
126,443,194,365.8551625985343
124,385,282,367.458841232593
127,451,182,367.9157512257392
123,435,195,371.3071504832623
120,421,212,371.80909079795236
219,350,509,377.72476752259706
410,484,730,379.3481250777444
122,362,306,379.85918443549576
220,348,512,380.2959373961284
119,361,302,382.15441905072873
112,376,266,382.39377609997786
121,359,305,383.020887158912
113,421,192,384.03385267447453
118,357,304,385.24018481980823
117,438,170,385.6073132086579
109,376,256,386.86560974064366
125,341,335,391.46519640959144
108,360,277,392.34678538252354
420,483,746,392.60412631555465
107,414,187,392.62195557558925
110,427,170,393.72325305981104
158,327,400,394.38306251663494
147,322,394,399.9062390110962
161,321,406,399.9124904275934
157,321,404,400.0524965551396
140,322,389,400.42477445832446
416,471,747,400.7455551843339
247,345,580,402.78281989181215
427,482,759,403.63349712331853
246,344,580,403.71400768365714
170,314,424,406.09974144291203
98,341,284,407.23703171494606
105,430,145,408.7101662547679
91,354,250,409.2004398824615
421,470,757,409.2383168766092
103,428,145,410.13168616921075
160,308,416,412.35057899801717
163,307,418,413.27230732290786
159,307,416,413.3497308575391
176,307,455,413.5855413333498
392,424,722,413.6870798079147
134,307,392,415.03011938894264
395,424,724,415.0867379235333
150,305,412,415.5309856075717
216,314,524,416.0733108479802
143,304,405,416.94124286282835
434,477,772,417.09711099455006
435,477,773,417.9102774519909
146,302,409,418.68842830916645
90,405,157,418.80902569070787
168,301,427,419.0429572251513
104,316,321,419.23740291152455
422,461,763,419.5008939203825
99,318,310,420.396241657796
137,300,403,421.070065428546
209,308,522,421.50326214633264
97,316,311,422.0189569201839
430,467,771,422.2001894836145
136,299,401,422.21440051234634
438,480,782,423.55755216971403
144,296,412,424.51972863460657
428,463,771,424.60923211819124
131,297,393,424.88704381282326
218,307,533,424.9341125398148
135,296,402,425.13174428640355
128,297,388,425.38688273147307
92,316,299,425.64304293621433
164,294,429,426.0187789288167
409,438,754,427.2762572388033
141,293,412,427.5160815688692
95,424,122,429.34484974202263
207,300,524,429.7452733887832
199,297,512,430.31383895942736
309,353,659,431.00464034624963
202,298,521,431.077719210817
111,296,352,431.6676962664684
151,288,425,432.07406772450486
145,287,419,433.22626882496405
336,363,680,434.1174956161062
156,285,430,435.01034470458285
312,351,664,435.34124546153447
329,360,678,435.4595273960601
350,368,690,435.83597832212064
166,284,438,436.02866878222585
132,284,407,436.77454138262226
215,295,534,436.8363537985363
155,283,431,437.0045766350737
152,283,429,437.01830625272436
351,368,692,437.01830625272436
167,283,439,437.0411879903312
303,346,660,437.49857142623904
165,282,438,438.0285378830927
354,368,694,438.20657229210974
138,281,417,439.2914749912636
342,361,687,439.76925767952446
153,279,433,441.0
319,350,673,441.02154142399894
240,301,576,442.7301661283089
85,351,188,442.92888819764283
148,277,431,443.00451464968165
149,276,432,444.00112612469803
83,350,187,444.31520343107775
323,350,679,444.31520343107775
232,295,574,447.7789633290068
324,347,681,447.9207519193546
338,351,689,449.106891508024
88,283,319,451.6248443121791
339,349,691,451.8904734556815
198,272,516,455.623748283603
194,269,509,457.3587213555679
259,299,615,458.6556442474027
260,299,616,459.05337380309055
196,268,514,459.2003919858954
193,266,509,460.3172818828335
267,299,622,461.4780601502091
396,382,748,462.0270554848493
300,316,671,468.89231173052946
79,280,267,470.2722615677008
248,283,614,473.0010570812712
154,245,454,475.46398391465993
206,255,546,478.5331754434587
114,239,397,482.345311991316
68,322,150,488.35745105404095
63,316,153,491.54450459749825
169,230,474,491.71231426516056
250,266,624,492.5413688209347
64,321,144,492.66824537410565
292,285,672,496.33254980909726
62,325,132,496.6145386514575
58,320,133,500.0
59,323,129,500.02499937503126
332,297,710,505.62634425037623
335,294,712,509.23177434248936
61,245,248,509.7548430373173
60,243,248,511.6189988653666
65,239,258,511.8456798684541
356,302,729,512.1913704856809
101,206,398,515.190256119038
345,292,721,515.8759540819866
93,206,385,516.2363799656123
94,205,387,517.0502876896985
174,204,508,521.4220938932297
349,289,727,521.7250233600072
177,204,511,521.8620507375489
57,227,257,523.4739726099092
325,277,713,524.0696518593688
52,241,220,524.2232348913963
51,243,215,524.4549551677436
173,201,509,524.5350321951814
192,204,536,526.1796271236658
50,240,217,526.3610927870714
347,283,727,526.6925099144661
81,202,336,527.0037950527491
353,286,732,527.0265647953621
100,192,405,528.7419030112897
343,278,726,530.2952008080027
102,190,407,530.6373526241815
331,273,719,530.664677550711
47,292,119,530.8295394945537
183,197,524,530.8577964012585
53,227,236,530.9030043237653
190,198,537,532.2593352868506
341,275,726,532.7982732704752
76,197,318,535.4941643006018
357,278,740,538.1570402772782
46,228,213,538.9471217104699
211,199,574,539.7425312127997
191,190,540,540.6930737488691
175,185,518,541.7102546564907
178,185,519,541.8680651228674
55,208,255,542.0590373750815
56,207,257,542.3513621260668
54,208,253,542.7190801878997
89,177,392,544.5456821975545
181,183,524,544.6558546458489
189,184,538,546.1876966757857
41,219,215,546.3744137493995
49,206,242,548.3402228543881
40,215,217,549.2549499094205
188,180,536,549.7353908927457
48,206,238,549.7463051262828
42,206,228,553.372388179967
171,168,502,556.2957846326
172,166,504,558.5311092499683
38,277,89,560.8787747811465
180,167,528,561.1007039738945
86,161,365,563.1207685745572
37,274,87,564.4749773019173
35,220,138,580.538543078752
73,143,334,585.4314648188974
34,215,135,586.3693375339471
36,262,66,586.9011841869124
87,133,402,587.8179990439218
45,155,270,588.0425154697575
33,217,128,588.2465469511912
44,154,270,589.0033955759508
32,206,136,593.6370945282985
30,206,127,598.1906050750046
67,128,331,600.7228978489167
66,128,329,601.0657202003788
96,111,428,609.0205251056815
28,177,157,609.1182151274086
43,124,283,614.5860395420644
27,160,166,620.3942295024995
139,102,495,621.1022460110735
129,96,482,625.920921522839
25,201,72,632.2040809738577
31,123,214,635.9009356810226
21,198,64,639.2534708548715
20,188,78,639.5693863843078
29,121,208,639.864048060211
26,129,183,641.7016440683318
24,138,161,642.4235363060727
23,135,161,645.142619891137
22,133,161,646.9567218910396
13,167,94,648.6370325536462
12,161,101,650.1576731839747
39,87,278,651.7008516182866
10,164,93,651.7177303096794
19,131,153,652.1663898116799
18,130,152,653.4990436106239
9,158,99,653.7583651472461
71,71,353,653.9120736001133
70,70,353,654.9045732013176
72,68,357,656.4145031913905
7,157,93,657.6997795347054
6,162,83,658.6835355464717
5,149,102,660.001515149776
80,59,386,662.6688464082192
69,61,352,663.9593361042527
74,59,367,664.2868356365343
75,57,372,665.800270351402
77,56,380,666.1118524692381
4,146,94,666.6310823836525
3,143,95,668.7099520718979
11,114,150,668.823594081429
14,110,157,669.5341664172188
16,107,162,670.2313033572813
15,107,160,671.0424725753206
116,49,464,671.7157136765524
2,146,84,671.7715385456577
106,48,454,672.3280449304491
8,109,150,673.3572603009491
115,47,464,673.7135889975799
84,47,397,673.9621651101788
17,100,167,674.6525031451376
78,45,387,676.5655917943211
82,43,397,677.9564882792995
1,139,62,689.34896823017
0,136,62,691.8793247380644
