388,638,618,7.0710678118654755
383,641,604,7.280109889280518
381,631,613,8.246211251235321
384,627,621,15.620499351813308
378,634,596,15.811388300841896
382,647,597,16.1245154965971
376,622,596,22.67156809750927
377,656,561,52.81098370604357
408,675,660,60.802960454241045
406,661,669,62.03224967708329
375,580,634,63.324560795950255
409,675,665,64.89992295835181
407,702,628,65.25335240430181
358,612,551,65.79513659838392
411,704,635,69.28924880528002
412,710,632,74.04052944165107
348,602,543,77.41446893184762
410,722,614,83.05419917138447
391,700,553,84.17244204607586
357,554,608,85.05292469985967
413,688,693,95.524865872714
374,680,523,97.082439194738
414,724,658,97.12878049270464
361,652,508,103.81714694596457
373,680,512,107.15409464878138
393,568,695,109.98636279102969
372,681,508,111.23398761170077
404,587,710,111.8257573191436
405,599,719,115.16944039110375
367,528,650,117.65202930676547
415,705,711,119.81652640600127
314,530,557,121.64292005702592
336,624,490,121.92620719107111
301,534,539,127.31457104353767
359,516,645,127.61269529321916
334,511,604,128.191263352851
354,511,638,130.8166656049603
343,507,624,132.6386067478093
402,559,719,134.40238093129153
300,578,491,134.6142637315972
401,557,719,135.60235986147143
330,502,606,137.09121051329294
363,677,479,137.3608386695422
392,541,713,141.4496376806954
326,494,608,145.03103116229988
280,536,507,146.37281168304446
291,505,552,146.4137971640651
356,499,654,146.4547711752676
288,569,482,146.76852523616907
289,571,480,147.59742545180114
341,490,634,150.7647173578752
350,492,647,151.34397906755325
379,726,482,155.59562975867928
335,648,455,156.259399717265
315,622,454,157.91770008456936
347,485,647,158.15182578775372
362,490,666,158.826949854236
307,616,453,159.66527487215245
310,621,451,161.00931650062986
333,651,449,162.4438364481706
268,509,507,166.48123017325406
292,599,449,166.86521506892922
290,599,447,168.80758276807353
321,470,618,169.14490828872147
397,763,492,171.86331778480246
398,765,489,175.38529014715002
340,468,650,175.3909917869216
385,505,725,175.93180496999398
266,491,510,179.17868176767013
263,492,507,180.06943105369106
323,649,431,180.27756377319946
278,597,432,183.86136081297778
279,598,431,184.61040057374882
286,611,426,187.1069213043708
303,632,423,188.13027401245128
308,638,422,189.0026454841307
283,611,423,190.07366992826755
273,589,426,191.637678967368
259,475,511,192.0833152566875
260,473,514,192.26284092356485
256,474,511,192.93781381574738
270,452,563,193.06216615380654
380,485,731,195.2331938989884
371,720,433,195.5632889885011
272,591,421,195.96938536414305
250,478,496,197.8534811419804
352,701,417,203.66639388961548
237,493,468,204.36486977951958
246,527,439,205.25106577068
243,521,443,205.2997808084558
251,455,518,206.1674077054858
389,484,747,206.20620747203515
351,701,414,206.52602741543257
234,467,492,209.15305400591214
277,429,599,210.34257771549724
233,515,441,210.41863035387337
284,628,400,211.28653530218153
240,455,507,211.3575170179665
231,512,441,212.20037700249262
230,462,493,212.72752525237536
235,524,431,213.60009363293827
225,509,441,214.00934559032697
386,472,748,216.00462958001617
394,482,760,216.44860821913363
287,418,617,221.0814329607984
344,700,398,221.56263222845138
390,470,758,223.98660674245681
267,412,583,228.72035327010144
399,477,773,229.1025971044414
400,477,774,229.8107917396396
226,539,404,229.88910370002316
249,414,550,233.1222855069845
403,480,782,233.49946466748057
396,467,771,234.91274976041638
222,458,461,235.07658326596462
395,465,771,236.3810483097154
265,403,582,237.77510382712484
217,457,457,238.41140912296962
218,456,458,238.53301658261063
257,588,375,241.4477169078225
364,424,721,241.50569351466643
368,424,723,242.4231837098094
214,487,417,246.45486402179202
211,459,421,261.72504656604804
355,738,361,268.8884527085535
365,754,364,272.45917125323564
366,755,364,272.88275870783775
349,731,353,273.91239475423527
369,756,363,274.21342053225624
262,614,337,275.138147118861
345,727,350,275.4360179787676
208,486,380,277.0739973364516
346,731,346,280.515596714336
245,600,332,281.71261952564356
252,606,331,281.9379364328256
328,368,694,283.425475213503
329,368,695,283.7199323276389
316,364,681,283.7692724732542
206,486,372,283.7780823108085
254,611,328,284.3817856333278
337,720,338,284.76305940202286
255,615,327,285.01228043717697
248,606,327,285.91082525850607
312,361,679,286.19573721493475
320,361,687,288.2013185257833
223,585,327,289.0882218285622
236,597,324,290.05689097140925
293,353,661,290.33773437154184
194,392,458,290.5477585527033
199,486,364,290.5477585527033
370,382,748,291.23530005821755
296,350,666,294.1870153490803
302,350,675,296.00168918436935
228,344,581,296.52150006365474
227,344,580,296.62434155004877
294,347,665,296.95117443781896
285,346,660,297.06901555025894
306,350,680,297.122870206923
317,351,689,298.3756022197525
338,730,326,299.1755337590292
342,735,327,299.7865907608277
304,347,681,300.273208928136
318,349,691,300.83217912982644
339,733,324,302.00165562460086
309,345,685,303.16991935216794
281,673,309,303.90788077968625
360,758,331,304.23839336941023
209,350,509,306.4718584144391
210,348,512,307.37924458232374
264,645,292,319.0564213426835
178,417,372,326.1977927577071
282,316,671,328.5254936835192
203,535,296,331.7242831026996
205,315,524,335.47727195743084
202,535,292,335.52496181357355
221,301,576,339.8072983324519
242,299,615,340.02352859765455
244,299,616,340.03676271838606
253,299,623,340.2116987994387
207,307,533,341.03958714495303
197,308,522,342.75647331596815
216,295,574,345.98410368107955
195,300,524,349.9857139941572
204,296,535,351.31894341182345
191,298,521,352.6769059635178
232,283,616,356.0351106281514
188,297,512,356.0407280073447
313,297,710,356.0407280073447
331,303,729,356.1179579858337
212,579,257,359.0487432090523
275,285,672,359.21720448775835
192,543,260,363.8914673360726
171,307,455,366.824208579532
185,515,265,367.5486362374373
187,520,263,367.78390394360656
325,289,727,368.72211758992705
271,683,243,370.62110031675206
241,640,240,371.001347706447
324,285,727,372.5211403397128
327,286,731,372.83910739084223
229,265,622,374.16172973728885
274,688,240,374.22185932946246
156,327,401,376.09041466115565
305,277,713,376.09573249373625
322,280,726,376.96949478704505
159,321,408,377.27046001509314
311,274,719,380.64287724847816
276,695,234,381.13645850272576
319,275,726,381.7342007208681
332,278,740,383.3562312001724
186,268,514,383.4709897762802
184,269,509,383.80203230311326
164,301,429,383.88539956606843
158,307,418,384.022134778713
145,322,394,384.15882132263994
157,308,416,384.16923354167756
154,307,416,385.0311675695878
148,305,412,388.78914593902954
193,255,546,389.4624500513496
161,294,430,389.59722791621607
353,781,246,391.6490776192381
143,305,406,391.89411835341446
144,302,409,392.90329599024744
162,284,438,394.9101163556082
163,283,439,395.3732413808502
152,289,427,395.41876536148357
141,296,412,396.547601177967
160,282,438,396.7089613305956
129,384,307,396.7883566840136
132,309,390,397.1662120573703
133,307,392,397.7247792129628
136,300,403,397.7247792129628
140,294,412,398.27879682453596
151,283,431,398.91853805006355
149,283,429,399.8249617019928
134,297,402,400.8054390848507
142,287,419,400.95885075653337
135,296,403,401.1396265641179
150,279,433,401.6017928246835
147,276,432,404.7344808636892
146,275,431,406.0738849027354
124,340,336,406.2339227587967
201,573,210,406.39512792355174
137,281,418,406.70997037200846
130,295,394,406.7247226319049
127,297,388,408.2805408049715
295,723,211,408.724846320847
131,284,407,409.4398612739116
215,614,201,410.7614879708174
120,360,306,413.359407779719
219,618,198,413.533553656774
121,363,303,413.5698248180106
123,385,282,415.6404696369207
198,574,200,416.1081590163788
196,571,200,416.58732577936166
117,357,303,417.59789271498965
153,245,455,423.7593656782113
155,470,218,427.79668067903475
165,230,475,431.0185610852507
110,296,349,431.6167281280928
112,376,266,433.8133239078763
104,344,292,434.4951092935339
102,315,321,434.8287019045546
105,358,277,436.4825311510187
200,203,574,437.5671377057468
99,316,313,439.46899776889836
98,317,311,440.09544419364306
174,521,187,440.1136216933077
213,617,171,440.5496566790173
109,376,256,441.80765045435777
247,669,168,444.01463939829733
169,205,508,446.0549293528769
95,319,300,446.22976144582736
168,201,508,449.94777474724776
176,197,521,451.0698393818855
119,421,214,452.91610702204
114,239,397,453.64744019998614
139,470,190,453.6540532167656
183,190,538,454.89559241654564
299,741,166,456.5402501423067
297,737,165,456.6399018920707
298,738,164,457.83184686083166
177,536,164,458.7134181599662
125,443,196,458.956424946857
92,354,251,459.156835950419
89,283,320,459.80104393095934
122,435,197,461.53223072717253
172,185,519,463.2278057284558
170,185,518,463.42744847494737
175,183,524,464.2251608863957
182,180,536,465.0870886188951
126,451,184,466.55439125572485
224,658,144,467.38634982207174
239,668,143,468.89764341485017
238,668,142,469.895733115337
113,422,191,472.74623213728523
173,167,528,479.2421100028669
258,687,134,479.4090111793895
261,689,134,479.6133859683234
107,414,187,480.0010416655364
181,545,140,480.28845499345493
100,207,399,481.21512860673863
190,585,131,483.02794950188957
166,168,503,483.2235507505817
118,438,170,484.64626275253585
167,166,504,484.9515439711477
111,426,172,487.94466899434406
93,206,385,488.43116198702967
180,547,131,488.73714816862446
179,546,130,489.90815465758476
94,202,388,490.60982460607124
189,585,123,490.9786146055651
101,191,408,491.84652077655284
79,280,269,495.8275910031631
269,714,114,502.62709835423715
106,430,147,508.89782864539717
103,428,147,509.7224735088693
91,405,157,510.75630196797374
90,177,392,511.27781097951043
220,643,99,512.0156247615887
82,350,188,512.2987409705396
81,350,187,513.1247411692405
80,203,337,514.9485411184306
97,425,127,529.1993953133356
74,198,317,530.0160374932065
62,239,258,533.4875818610964
59,245,248,535.7284760025362
58,244,248,536.4643510989337
86,161,365,537.5872022286245
54,228,258,541.7840898365325
138,105,496,546.2426200874479
88,133,402,547.4641540776894
48,227,237,556.4350815683713
47,241,221,557.2288578313223
50,208,257,557.742772252586
51,207,258,557.8826041381825
128,96,482,558.11289180595
96,111,428,558.8139225180417
49,209,254,558.881919550096
46,243,216,559.321910888533
65,322,150,559.4729662816604
60,316,153,560.4400057097994
45,240,217,560.7468234417382
61,321,144,564.9893804311723
67,331,135,566.9567884768644
72,143,334,568.1065040993634
44,206,242,568.9024520952604
64,328,133,570.2674810998783
42,227,214,572.1477082013
56,321,135,572.4508712544684
57,323,131,574.6790408567203
39,207,230,576.0078124470189
38,219,215,577.2486465986733
37,215,215,580.1654936309121
63,128,330,583.1654996654038
41,155,270,592.0616521951072
40,154,270,592.8794143837346
43,293,118,602.2997592561366
116,50,465,606.8253455484535
115,47,465,609.7376485013862
108,47,455,612.2091146005587
78,59,386,622.1133337262593
71,71,357,622.205753750317
69,71,353,623.8493407866998
84,53,397,623.852546680704
68,70,353,624.7599539022967
70,68,357,624.9455976323059
76,56,382,626.3625148426429
55,72,341,628.0039808791024
73,59,368,628.8473582674893
85,47,398,629.1526046993687
75,57,372,629.1621412640783
53,70,339,630.6702783547041
52,71,336,631.0697267339007
34,220,138,631.8939784489166
83,44,398,631.9762653771105
66,62,352,632.4634376784163
87,41,402,633.4705991598979
77,46,388,633.5440000505096
33,215,135,637.4574495603608
32,217,128,641.3836605340052
30,206,136,642.7394495439034
36,87,280,643.6342128880348
27,177,159,646.3342788371974
29,206,127,649.4189710810733
31,122,216,650.6258525450706
26,160,166,653.8088405642739
28,121,209,655.6889506465699
35,260,65,664.6480271542224
25,129,184,665.1533657736387
24,138,162,672.7570140845802
21,135,161,675.6596776484446
22,134,162,675.7410746728365
18,131,153,683.9795318574965
17,129,152,686.1348264007593
23,200,75,692.832591612144
16,109,162,694.6229192878681
19,190,79,696.1501274868805
14,106,162,696.9146289180619
13,110,157,697.106161212193
15,100,167,698.3244231730694
10,114,150,698.6744592440746
11,161,101,698.9878396653264
20,199,67,699.6684929307593
12,167,94,700.0521409152321
7,109,150,702.4393212228371
8,158,99,702.4991103197214
9,164,93,702.81505390821
4,149,102,706.5274233885051
6,157,93,707.5648380183967
5,162,84,710.8150251647752
3,146,94,714.3794509922581
2,143,96,715.0111887236451
1,138,62,743.2375125086193
0,136,63,743.8501193116796
