290,687,238,7.0710678118654755
288,683,243,10.04987562112089
293,693,234,11.045361017187261
294,692,245,15.620499351813308
316,717,241,35.90264614203248
258,653,204,41.012193308819754
257,640,240,42.579337712087536
314,725,210,48.76474136094644
348,749,224,67.60177512462228
262,669,166,68.24954212300622
279,644,294,71.8679344353238
233,616,198,74.70609078247904
299,673,309,76.53103945458993
231,613,199,76.92203845452875
313,737,165,87.45856161634491
315,738,164,88.86506625215557
229,617,172,89.1403387922662
238,631,159,89.87213138676528
318,741,164,90.78546139112804
234,628,159,91.60785992479029
244,658,144,92.17917335276988
252,666,139,95.35197952848173
255,667,138,96.17692030835673
379,780,245,98.73196037757987
272,687,132,101.1236866416568
276,689,132,101.24228365658294
226,617,155,101.53324578678651
224,614,156,102.7277956543408
365,732,323,102.95630140987001
223,603,165,104.23531071570709
364,730,326,104.65658125507444
225,579,257,105.75916035975324
371,735,327,107.91200118615167
222,602,160,108.30050784737807
363,719,338,111.32834320154055
213,573,209,111.61093136427094
221,604,150,113.89907813498755
208,573,199,114.17968295629481
270,615,326,114.62111498323509
269,611,328,118.6001686339442
366,724,344,118.68024266911489
203,567,200,119.64113005150027
263,606,327,120.88010589009261
385,756,330,122.00409829181969
277,614,336,123.42204017111368
367,722,350,123.64869590901475
264,605,330,123.84667940643382
286,714,112,125.15989773086265
253,596,325,125.93649193144932
373,725,352,126.53062870309307
261,600,332,128.5496013218244
243,585,326,134.3800580443393
381,737,360,138.3979768638256
204,543,258,141.23030836190935
201,586,129,141.53444810363305
237,642,97,141.7603611733548
390,753,363,148.12494725737457
200,583,121,149.4824404403407
391,754,364,149.4824404403407
394,756,363,149.58609561052123
212,534,291,158.95911424010893
214,534,294,160.0781059358212
182,535,162,163.24827717314508
370,699,396,163.88410539158457
197,520,263,164.75436261295178
187,546,139,165.32392446346051
179,520,185,168.96153408394468
186,547,131,169.2010638264429
195,515,265,170.03823099526764
184,546,130,170.60187572239644
271,587,375,170.84788555905513
306,629,401,176.16185739256952
376,700,413,180.89776118017602
378,700,416,183.88311504866346
326,638,421,193.08029417835473
322,631,422,195.76005721290542
317,626,423,198.08079159777205
346,648,430,199.9124808509964
301,613,422,201.20139164528658
397,720,433,203.57799488156869
304,611,426,205.64532574313475
289,591,421,208.86598574205422
423,790,415,211.6317556511782
162,470,219,212.46176126540982
291,589,426,214.23818520515897
295,597,430,214.55535416297585
297,598,431,215.08137994721903
358,651,447,216.23366990364843
142,470,189,216.51789764358972
429,800,415,216.90550938138938
360,651,449,218.2131985009156
431,803,416,219.3855054464629
245,539,403,222.1463481581455
361,648,454,223.6000894454204
330,621,451,226.37358503146962
310,600,446,228.23890991677996
333,621,453,228.3002409109548
327,616,453,229.6867431960321
311,600,448,230.10649708341572
210,485,363,236.02754076590298
127,451,182,236.56288804459587
217,485,372,241.1016383187804
126,443,194,242.16110340019515
389,677,479,246.05080776132397
227,497,399,248.55784035109414
123,435,195,249.9059823213522
117,438,170,252.00198411917316
408,726,482,252.85766747322495
242,507,418,254.65663156493687
120,421,212,261.84346468835156
110,427,170,262.6670896781704
113,421,192,264.20068130116545
362,623,491,264.66015944981217
241,496,422,265.1735280905694
405,712,497,265.69907790581436
406,714,497,265.9323222175146
230,487,414,266.05638500137525
228,486,414,266.7901797293146
105,430,145,266.92320993124594
432,763,488,267.5556016980396
103,428,145,268.81220210399675
302,570,479,270.29613389761977
433,763,491,270.4163456597992
107,414,187,271.9191056178289
307,569,482,273.4410356914265
399,681,508,275.0018181758077
387,652,508,276.63152387246106
398,679,510,277.01624501101014
320,578,491,278.1726082848561
95,424,122,280.86473612755304
282,534,474,282.81619472724685
90,405,157,287.2368360778262
400,680,521,288.00694436072195
133,392,305,298.80428377116687
185,417,374,300.17661467875877
124,385,282,301.01494979485653
251,490,468,303.4616944525289
130,385,304,305.3686296920494
109,376,256,306.86316168611705
112,376,266,307.77426793024785
298,536,507,310.47061052537646
235,457,457,317.49173217581586
236,456,458,318.90594224629933
239,458,460,318.912213626258
375,602,543,320.1562118716424
424,700,553,320.50585018061685
382,611,549,323.878063474512
284,508,507,324.57972826410463
108,360,277,324.99230760127233
122,362,306,328.2209621581169
119,361,302,328.3321488980328
91,354,250,328.4402533186211
403,656,561,329.02887411289606
121,359,305,330.9274845037807
278,492,506,332.60938050512044
118,357,304,332.6649966557949
265,478,496,332.84380721293286
85,351,188,334.044907160699
83,350,187,335.1715978420606
280,491,509,335.6441568089634
254,467,492,336.60956611480907
321,534,539,339.91175325369375
249,462,493,340.58772731852804
98,341,284,344.79269133785306
274,475,511,346.60207731633693
273,474,511,347.2002304146701
275,473,514,350.202798389733
125,341,335,355.92836357896516
256,453,506,356.32850012313077
334,530,557,357.8826623350173
268,455,518,364.3542232498479
308,504,551,364.4283194264683
412,647,597,365.67882082505133
407,634,596,366.1598011797581
205,390,457,368.021738488367
402,620,596,368.25670394440886
68,322,150,369.44417710934357
62,325,132,371.01212918178294
404,625,600,371.4000538502923
64,321,144,371.80909079795236
92,316,299,371.9032132154816
99,318,310,372.05510344571275
413,641,604,373.25862347707385
59,323,129,373.7606185782552
97,316,311,374.2191871083042
63,316,153,374.641161646715
58,320,133,375.5582511408849
104,316,321,376.4306044943742
446,722,614,383.0939832469312
411,631,613,383.40709435272584
419,638,618,387.5061289837878
415,627,621,391.8788077964921
158,327,400,392.3187479588504
140,322,389,392.34678538252354
147,322,394,394.361509277972
443,702,628,395.50600501130197
384,554,608,396.24361193588976
157,321,404,399.45212479094414
448,710,632,399.9812495605263
161,321,406,400.3123780249619
287,452,563,402.24370722237535
447,704,635,402.6015399871193
79,280,267,403.43524883182926
111,296,352,403.92697359795125
47,292,119,406.32007088008834
134,307,392,407.31560245097415
88,283,319,408.1629576529453
359,510,604,408.93153461184676
266,415,550,414.4610958823518
170,314,424,414.61427857708907
128,297,388,415.03011938894264
143,304,405,415.29266788615473
355,501,607,415.4960890309318
160,308,416,416.37122859294686
401,577,636,416.45407910116575
131,297,393,416.92325432865937
159,307,416,417.2696969586936
150,305,412,417.3367944478416
137,300,403,418.1196001146084
163,307,418,418.1506905411015
136,299,401,418.226015450976
146,302,409,418.7791780879274
352,494,608,419.4865909656708
135,296,402,421.37512978342704
144,296,412,425.48442979737814
444,675,660,427.05737319475
450,724,658,427.0702518321781
168,301,427,427.54765816222175
141,293,412,428.20789343495295
372,507,624,428.3760030627299
38,277,89,429.8383417053439
219,350,509,431.7406628984581
445,675,665,432.0567092408125
37,274,87,433.3358974283114
132,284,407,434.37311150668614
164,294,429,434.69529558070906
220,348,512,435.19765624368887
176,307,455,435.7854976935327
442,661,669,436.50544097410744
145,287,419,436.6016491036194
61,245,248,437.2573612873773
151,288,425,438.2921400162225
60,243,248,439.2561894839958
51,243,215,439.3688655332783
344,470,618,439.50995438101285
380,511,638,439.6202907055133
52,241,220,441.1915683691156
138,281,417,441.1995013596457
283,413,583,441.4306287515627
386,517,643,441.955880150949
50,240,217,442.28949795354623
156,285,430,443.1907038736259
65,239,258,443.7048568587006
368,492,634,443.73528144604416
393,528,650,444.52783939816413
152,283,429,444.54133666060795
296,429,599,444.9325791622816
155,283,431,445.4267616567285
281,403,582,446.8131600568631
441,649,679,447.21918563496354
166,284,438,447.6929751514982
449,670,681,448.160685468951
167,283,439,449.040087297337
165,282,438,449.47191235938203
153,279,433,449.8988775269394
148,277,431,450.809272309255
36,262,66,451.9834067750718
149,276,432,452.14709995752486
46,228,213,454.440315112997
53,227,236,455.00989000240423
377,492,647,455.51728836565576
57,227,257,455.6325273726625
374,485,647,458.48118827275783
383,499,654,459.05337380309055
328,442,626,460.4877848542782
340,450,631,460.6821029734062
41,219,215,463.3497599006608
337,443,631,464.24670165764235
305,418,617,465.99570813474236
40,215,217,467.2740095490011
369,470,651,468.6875291705552
216,314,524,469.1534930062868
35,220,138,471.66619552391074
114,239,397,472.3822604628586
209,308,522,472.6489183315667
388,490,666,473.65916015633013
54,208,253,474.42175329552504
55,208,255,474.51027386137804
199,297,512,475.46398391465993
56,207,257,475.6059293154365
426,568,695,475.85712141356044
42,206,228,476.0262597798571
48,206,238,476.0262597798571
49,206,242,476.08507643067327
33,217,128,476.7074574621211
34,215,135,477.171876790743
452,705,711,478.5530273647843
202,298,521,480.0
207,300,524,480.21349418774145
218,307,533,480.23431780746364
247,345,580,483.71272466206636
246,344,580,484.40995035197204
32,206,136,485.78287330864185
439,587,710,486.3681733008442
30,206,127,487.6597174259937
154,245,454,489.70399222387397
215,295,534,490.2754327926293
81,202,336,490.92667476925715
440,598,717,491.2351778934404
76,197,318,492.3921201644072
194,269,509,496.73433543494855
198,272,516,498.1857083457935
193,266,509,499.2314092682871
93,206,385,499.6798975344115
196,268,514,500.35687264191745
425,542,714,500.96007824975436
94,205,387,501.2434538225911
101,206,398,503.7866611969793
437,552,723,506.951674225463
25,201,72,507.2297309898149
436,550,723,507.4682256062935
28,177,157,510.68679246677215
169,230,474,512.2352974952039
240,301,576,512.6499780552028
21,198,64,512.6568052801016
232,295,574,515.8003489723519
20,188,78,517.7460767596409
100,192,405,519.3110821078249
414,505,722,520.0480747007915
451,645,752,520.3172109396344
417,506,724,521.590835809066
102,190,407,521.8620507375489
418,505,726,523.8110346298558
27,160,166,526.282243667787
45,155,270,528.2972648045795
44,154,270,529.2948138797508
206,255,546,529.4317708638196
89,177,392,529.4393260799579
13,167,94,533.4285331700958
410,484,730,534.9887849291796
10,164,93,536.5855011086304
12,161,101,537.4616265371882
86,161,365,537.4616265371882
309,353,659,538.2536576745206
9,158,99,540.8622745209726
259,299,615,540.9371497688063
6,162,83,541.2023651093923
260,299,616,541.6437943888955
7,157,93,543.3461143691009
303,346,660,543.3461143691009
312,351,664,543.4353687422268
267,299,622,545.9029217727269
73,143,334,548.3812542383264
24,138,161,548.7440204685605
5,149,102,548.8624600025037
336,363,680,549.1538946415659
329,360,678,549.280438391902
420,483,746,550.2453997990351
319,350,673,551.2023222012041
174,204,508,551.4607873638886
248,283,614,551.6901304174291
23,135,161,551.7182251838342
392,424,722,552.8878729001026
177,204,511,552.9629282329875
22,133,161,553.7011829497928
4,146,94,553.7300786484332
350,368,690,554.477231272845
173,201,509,554.5601860934482
395,424,724,554.6575520084442
26,129,183,555.2557969080557
416,471,747,555.623073674951
323,350,679,556.0035971106662
342,361,687,556.0188845713785
351,368,692,556.1267841059267
2,146,84,556.3245455667043
3,143,95,556.3856576152912
19,131,153,556.7773343087881
354,368,694,557.7786299240945
18,130,152,557.9112832700196
31,123,214,559.3228048274091
324,347,681,559.4005720411806
43,124,283,560.2356646983482
29,121,208,561.5567647175128
66,128,329,562.2561693747789
67,128,331,562.6011020252271
427,482,759,562.7397266943218
338,351,689,563.4687214034157
421,470,757,565.261001662064
183,197,524,565.6023337999942
192,204,536,565.9443435533215
339,349,691,566.2623067095319
1,139,62,569.2890302825094
300,316,671,570.7889277132134
250,266,624,570.9089244354129
190,198,537,571.5522723251129
0,136,62,572.1512037914454
175,185,518,572.9170969695354
178,185,519,573.4152073323484
11,114,150,574.0322290603551
422,461,763,574.2307898397647
87,133,402,574.4231889469644
409,438,754,575.3060055309696
434,477,772,576.6680154126809
14,110,157,577.0268624596259
435,477,773,577.6028047023318
181,183,524,577.6521444606607
8,109,150,578.9801378285787
16,107,162,579.3668958440757
430,467,771,579.3694848712694
15,107,160,579.6153897197693
191,190,540,579.924995150235
171,168,502,580.1353290396992
428,463,771,580.8657331948581
172,166,504,582.8353112157841
189,184,538,583.9768831041174
438,480,782,584.9829057331505
17,100,167,585.7303133695575
188,180,536,586.3556940970216
211,199,574,591.2444502910788
292,285,672,591.8868135040685
180,167,528,593.5065290289568
396,382,748,596.007550287746
39,87,278,596.6992542311411
96,111,428,603.3788196481544
332,297,710,612.9877649676215
335,294,712,616.4292335702453
71,71,353,622.6724660686386
70,70,353,623.6537500889416
345,292,721,624.6951256413004
356,302,729,624.832777629343
72,68,357,626.3960408559428
325,277,713,628.0326424637497
349,289,727,631.2566831329392
69,61,352,632.2989799137747
347,283,727,635.0094487485993
331,273,719,635.1983942045193
139,102,495,636.4306717938726
129,96,482,636.7079393254022
353,286,732,637.0376754949427
74,59,367,637.247989404439
343,278,726,637.3892060585903
341,275,726,639.2949241156228
75,57,372,640.2702554390606
80,59,386,641.5122757983669
77,56,380,643.0279931698153
357,278,740,648.2784895397965
78,45,387,655.3510509642904
84,47,397,655.8361075756656
82,43,397,659.709784678081
106,48,454,671.4141791770561
116,49,464,673.8323233564861
115,47,464,675.7114768893599
