141,296,412,2.0
144,302,409,8.54400374531753
135,296,403,9.219544457292887
142,287,419,9.899494936611665
134,297,402,10.44030650891055
136,300,403,10.816653826391969
148,305,412,11.0
131,284,407,11.180339887498949
143,305,406,12.529964086141668
154,307,416,13.601470508735444
137,281,418,14.317821063276353
158,307,418,14.317821063276353
157,308,416,14.560219778561036
152,289,427,15.811388300841896
161,294,430,18.0
130,295,394,18.027756377319946
164,301,429,18.384776310850235
149,283,429,20.248456731316587
151,283,431,21.95449840010015
133,307,392,23.853720883753127
127,297,388,24.186773244895647
150,279,433,25.80697580112788
132,309,390,26.627053911388696
146,275,431,26.870057685088806
147,276,432,26.90724809414742
159,321,408,27.294688127912362
162,284,438,27.85677655436824
160,282,438,28.635642126552707
163,283,439,29.154759474226502
145,322,394,33.28663395418648
156,327,401,34.785054261852174
171,307,455,44.9221548904324
114,239,397,57.0087712549569
110,296,349,63.0317380372777
153,245,455,65.19202405202648
100,207,399,87.96590248499699
124,340,336,88.83692925805124
165,230,475,89.80534505250787
93,206,385,92.04890004774636
89,283,320,92.65527507918802
102,315,321,93.39164844888434
94,202,388,95.0789145920377
188,297,512,100.04498987955368
184,269,509,100.16985574512923
99,316,313,101.41498903022176
101,191,408,103.07764064044152
98,317,311,103.58571330062848
186,268,514,105.26157893552613
194,392,458,108.25894882179486
191,298,521,109.07336980216573
197,308,522,110.8873302050329
209,350,509,112.0044641967453
195,300,524,112.16059914247963
210,348,512,113.64858116140297
205,315,524,113.95174417269794
95,319,300,114.75626344561765
80,203,337,117.92370414806346
90,177,392,118.69709347747316
207,307,533,121.69634341261039
204,296,535,123.01625908797584
120,360,306,124.86793023030373
117,357,303,125.89678312014172
121,363,303,129.00387591076478
178,417,372,129.34063553268942
104,344,292,130.0
169,205,508,130.9083648969767
168,201,508,133.6600164596728
74,198,317,135.05924625881784
129,384,307,138.2931668593933
193,255,546,139.5600229292042
86,161,365,141.06027080648894
79,280,269,143.68368035375485
176,197,521,145.91093173576817
105,358,277,149.40214188558343
170,185,518,152.04275714416653
172,185,519,152.74161188098023
166,168,503,155.42522317822161
167,166,504,157.63248396190426
175,183,524,157.68639763784319
123,385,282,158.68522300453813
88,133,402,161.31026005806325
216,295,574,162.00308639035245
183,190,538,163.37686494727458
62,239,258,163.52675622050356
221,301,576,164.14932226482082
211,459,421,165.24527224704494
112,376,266,167.45148551147582
54,228,258,167.547008329006
218,456,458,168.40427548016706
182,180,536,168.43990026119107
217,457,457,169.09760495051373
72,143,334,169.95587662684687
59,245,248,171.1636643683466
222,458,461,171.1636643683466
58,244,248,171.45261736118232
92,354,251,171.81676286090365
173,167,528,172.00290695217916
227,344,580,175.2826289168439
109,376,256,176.23847480048164
228,344,581,176.24131184259835
51,207,258,176.87566254292872
50,208,257,177.2596964907703
49,209,254,179.41293152947478
249,414,550,182.87700784953805
96,111,428,183.69812192834198
63,128,330,185.14858897652988
200,203,574,185.80904176062046
230,462,493,186.50737250843463
240,455,507,186.93849255838134
48,227,237,187.38729946290383
234,467,492,190.60167890131504
44,206,242,191.42622599842477
251,455,518,192.7615106809448
214,487,417,193.06475597581243
208,486,380,194.64840096954302
206,486,372,196.1224107541002
199,486,364,197.9090700296477
47,241,221,198.21705274773913
41,155,270,198.70832896484234
40,154,270,199.40912717325654
39,207,230,201.72506041639943
265,403,582,201.94306128213466
250,478,496,202.2671500763285
45,240,217,202.33882474700698
46,243,216,202.52654147049466
242,299,615,203.0615670184784
244,299,616,204.0612653102004
232,283,616,204.29635336931494
256,474,511,205.4288197892399
260,473,514,206.0218435020908
259,475,511,206.30559856678636
237,493,468,206.72929158684795
138,105,496,206.8260138377182
267,412,583,207.76188293332345
42,227,214,209.0287061625747
128,96,482,210.00952359357422
38,219,215,210.79373804740976
253,299,623,211.05923339195564
229,265,622,211.9929244102265
37,215,215,212.24985276791125
225,509,441,216.9469981354893
270,452,563,218.55205329623422
263,492,507,219.61101975993827
231,512,441,219.92044015961773
266,491,510,220.0295434708712
233,515,441,222.89459392277777
243,521,443,229.10696191953662
71,71,357,229.68238939892626
277,429,599,230.63824487712353
69,71,353,230.67292862405853
235,524,431,230.7834482799839
82,350,188,230.89391503458899
68,70,353,231.639806596362
81,350,187,231.8641843838759
70,68,357,232.59621665022843
55,72,341,233.0772404161333
246,527,439,234.5591609807641
268,509,507,235.05318547086316
119,421,214,235.22967499871268
52,71,336,235.5949914577982
53,70,339,235.5949914577982
78,59,386,236.4339231159522
73,59,368,239.08366736354034
287,418,617,239.58505796480713
66,62,352,239.63305281200255
76,56,382,239.88330496305906
75,57,372,240.3518254559345
84,53,397,241.46635376383188
226,539,404,245.13057744802055
36,87,280,245.50560075077718
85,47,398,247.39644298170498
77,46,388,249.15858403835898
116,50,465,249.68980756130196
83,44,398,250.39169315294788
108,47,455,250.7149776140229
115,47,465,252.62224763468478
87,41,402,253.1975513309716
291,505,552,253.2212471338059
285,346,660,253.39297543538967
107,414,187,255.0
113,422,191,255.3918557824427
293,353,661,255.89450951515158
122,435,197,257.1108710264893
294,347,665,258.4917793663853
60,316,153,259.9326835932719
282,316,671,259.9326835932719
280,536,507,259.97884529322766
296,350,666,260.0999807766237
275,285,672,260.155722597063
31,122,216,260.76809620810593
155,470,218,261.9389241789009
125,443,196,262.4061737078608
65,322,150,263.4919353604584
185,515,265,265.42418879973997
28,121,209,266.7170785682837
203,535,296,267.46401627134816
302,350,675,268.895890634275
202,535,292,269.2229559305818
61,321,144,269.3566409056959
187,520,263,270.6972478618872
321,470,618,270.9464891819047
301,534,539,271.53084539329967
306,350,680,273.7882393383616
111,426,172,273.90509305231984
304,347,681,274.17147918775214
312,361,679,275.2780412601049
126,451,184,276.82666056577716
314,530,557,276.9855591903665
309,345,685,277.7228834647948
316,364,681,277.9586300153316
91,405,157,278.11148843584294
56,321,135,278.31277369175854
27,177,159,278.7436097922247
67,331,135,279.46019394539894
326,494,608,280.0285699709942
26,160,166,280.12854192316786
64,328,133,281.06404963993526
25,129,184,281.44093518889537
118,438,170,281.60255680657446
57,323,131,282.49247777595775
317,351,689,282.80381892753854
320,361,687,283.0441661649291
139,470,190,283.30195904723286
288,569,482,283.7692724732542
34,220,138,283.81684234731387
318,349,691,284.36947796836427
330,502,606,284.42925306655786
289,571,480,285.2244730032821
33,215,135,288.0451353520833
30,206,136,289.6894889359985
334,511,604,289.74644087546613
328,368,694,291.547594742265
192,543,260,291.7276126800478
329,368,695,292.5149568825499
43,293,118,294.0017006753532
32,217,128,294.25329225006135
24,138,162,294.6794869005985
300,578,491,294.7829710142701
340,468,650,294.8219801846531
273,589,426,295.33201655086435
341,490,634,296.1418578992169
257,588,375,296.31908477180474
22,134,162,296.8164415931166
103,428,147,296.952858211535
21,135,161,297.122870206923
272,591,421,297.1363323459452
106,430,147,297.86070569982877
313,297,710,298.0151002885592
29,206,127,298.2767171604247
343,507,624,300.5212138934621
305,277,713,301.4796842243271
347,485,647,302.8299853052864
223,585,327,303.1600237498341
278,597,432,303.65934861288235
279,598,431,304.5931712957466
18,131,153,306.0228749619871
290,599,447,307.001628660175
292,599,449,307.23606559126483
350,492,647,307.2930197710322
311,274,719,307.6507760432273
17,129,152,307.9366818032564
16,109,162,311.0064308016797
15,100,167,312.50759990758627
14,106,162,312.80025575437116
354,511,638,313.31294259892934
97,425,127,313.66542684841755
322,280,726,314.3119469571591
13,110,157,314.45349417680194
319,275,726,314.57431554403803
325,289,727,315.03968004046726
324,285,727,315.12854520020875
236,597,324,315.5202053751867
245,600,332,316.28468189275304
331,303,729,317.1277345171816
356,499,654,317.15768948584554
283,611,423,317.1907943178679
286,611,426,317.3089976663126
10,114,150,317.8741889490243
327,286,731,319.100297712177
174,521,187,319.61539387207245
7,109,150,320.73197533142843
362,490,666,320.8301731446093
359,516,645,321.8275935963229
252,606,331,322.34298503302347
248,606,327,323.3713036124263
212,579,257,324.4225639501667
307,616,453,324.59975354272837
357,554,608,325.60098279949955
254,611,328,327.9405433916337
332,278,740,328.3900120283807
262,614,337,328.6715685908959
310,621,451,329.31747600150226
315,622,454,330.67809120049066
255,615,327,332.06324698767855
367,528,650,333.7663853655727
284,628,400,334.21549934136806
348,602,543,334.7013594235912
364,424,721,335.2327549628765
368,424,723,337.0771425059848
303,632,423,338.178946713127
11,161,101,338.2454729926182
336,624,490,339.092907622675
8,158,99,341.2696880767467
4,149,102,342.23529917295207
12,167,94,342.42225394971047
308,638,422,344.14531814336806
201,573,210,344.4488350974641
9,164,93,344.47205982488623
177,536,164,346.5082971589569
358,612,551,347.0518693221519
6,157,93,347.17430780517157
370,382,748,347.3326935374786
35,260,65,348.66172717979816
196,571,200,348.8165707072988
19,190,79,348.8624370722649
23,200,75,349.86425939212484
2,143,96,350.2242138973261
3,146,94,350.7534746798669
198,574,200,351.2036446280135
5,162,84,353.5647041207592
323,649,431,355.50808710914015
335,648,455,356.6020190632689
20,199,67,357.8407467016578
333,651,449,358.91224554199874
375,580,634,362.04972034238614
181,545,140,370.11484704075303
361,652,508,370.64808106882197
264,645,292,370.94608772704424
380,485,731,371.80909079795236
376,622,596,376.0850967533811
385,505,725,377.4784762075846
180,547,131,378.1137395017536
179,546,130,378.1904282236662
386,472,748,380.23676834309435
0,136,63,383.09920386239384
1,138,62,383.1918579510791
215,614,201,383.3027524033711
389,484,747,385.12984823303424
241,640,240,386.39358172723314
378,634,596,386.5953957304717
390,470,758,388.19067479783695
219,618,198,388.2937032711192
363,677,479,388.8161519278745
392,541,713,389.3712881042977
377,656,561,391.46519640959144
381,631,613,392.3901120058965
281,673,309,392.7467377331096
384,627,621,393.15391388106514
393,568,695,393.9098881724093
394,482,760,395.53508061864756
383,641,604,396.5766004191372
395,465,771,397.64557082909903
387,639,611,398.27879682453596
396,467,771,398.5097238462319
382,647,597,398.5398348973412
372,681,508,398.7292314340648
373,680,512,398.7430250173663
388,638,618,400.9638387685353
374,680,523,401.64287619725064
213,617,171,403.00124069287926
401,557,719,404.2499226963439
190,585,131,404.5268841498671
399,477,773,404.7344808636892
402,559,719,405.55394215813016
400,477,774,405.62667565139253
344,700,398,406.2413075993134
351,701,414,407.0049139752492
352,701,417,407.0307113720045
189,585,123,410.1243713801949
403,480,782,414.12075533592855
404,587,710,417.9150631408253
271,683,243,424.12498157972254
371,720,433,426.51729156037743
391,700,553,429.78715662523
274,688,240,429.9069666800016
337,720,338,432.3794629720519
405,599,719,432.75166088647194
345,727,350,437.41627770351664
379,726,482,437.6345507383986
276,695,234,438.7311249501225
349,731,353,440.9648512069868
346,731,346,441.955880150949
338,730,326,444.40072007142385
355,738,361,446.9194558306899
247,669,168,447.3935627610214
339,733,324,447.73317947188144
406,661,669,448.0379448216412
342,735,327,449.1169112825746
224,658,144,452.01769876853274
408,675,660,454.60422347356166
409,675,665,457.35106865514155
239,668,143,460.6918709940517
238,668,142,461.27648975424705
407,702,628,461.64921748011227
365,754,364,462.4975675611711
366,755,364,463.49217900629134
369,756,363,464.5912181692633
411,704,635,466.7215443923711
220,643,99,468.7963310436634
412,710,632,470.59111763823165
360,758,331,471.01698483175744
410,722,614,473.2737051643584
295,723,211,473.7531002537081
397,763,492,475.77410606295086
398,765,489,477.2525536862008
258,687,134,481.3865390722927
261,689,134,483.0207034900264
413,688,693,483.93904574853224
414,724,658,495.39479205982775
297,737,165,507.20607251885303
415,705,711,508.25387357107275
298,738,164,508.5666131393212
299,741,166,510.22054055084845
353,781,246,514.5143341054746
269,714,114,514.979611246892
