304,347,681,4.47213595499958
306,350,680,7.0710678118654755
317,351,689,7.211102550927978
318,349,691,7.211102550927978
302,350,675,11.180339887498949
320,361,687,16.1245154965971
312,361,679,17.08800749063506
316,364,681,19.4164878389476
296,350,666,19.6468827043885
294,347,665,20.09975124224178
328,368,694,24.698178070456937
285,346,660,25.019992006393608
329,368,695,25.079872407968907
293,353,661,25.298221281347036
282,316,671,32.202484376209235
313,297,710,54.120236510939236
331,303,729,60.8276253029822
275,285,672,61.39218191268331
325,289,727,70.0
370,382,748,73.06161783043132
324,285,727,73.23933369440222
305,277,713,73.53910524340094
327,286,731,74.81310045707235
322,280,726,76.8505042273634
253,299,623,77.20103626247513
311,274,719,78.7210264160726
319,275,726,81.12336284942828
244,299,616,82.92767933567175
242,299,615,83.7615663654877
332,278,740,86.68333173107735
364,424,721,86.81589716175259
368,424,723,87.66413177577246
232,283,616,92.76313923105448
287,418,617,99.76472322419383
229,265,622,101.82828683622247
228,344,581,104.00480758118829
227,344,580,105.00476179678711
221,301,576,117.5457357797381
265,403,582,118.20744477400736
277,429,599,120.21647141718975
216,295,574,121.74152947946727
267,412,583,122.03687967167957
340,468,650,127.88275880665071
386,472,748,141.76741515595182
321,470,618,141.8238343861849
390,470,758,144.75496537252184
347,485,647,145.06550244630873
362,490,666,146.23952953972466
380,485,731,147.36349615830918
395,465,771,147.63468427168462
396,467,771,149.26486525636233
249,414,550,151.61134522191932
350,492,647,151.83214415926557
389,484,747,152.2005256232711
341,490,634,153.70751445521458
394,482,760,156.18578680533003
207,307,533,156.6780137734711
356,499,654,157.08914666519772
204,296,535,157.8005069700348
399,477,773,158.64425612041552
400,477,774,159.20113064925135
270,452,563,162.27445886522005
205,315,524,163.77118183612157
385,505,725,164.92422502470643
193,255,546,165.59287424282482
403,480,782,166.23477373883
197,308,522,167.14664220378464
195,300,524,167.17057157286985
326,494,608,167.72000476985446
191,298,521,170.60187572239644
354,511,638,172.52536045462998
210,348,512,173.02600960549256
343,507,624,173.1040149736568
359,516,645,175.6160584912439
330,502,606,175.75551200460256
209,350,509,176.07100840286
188,297,512,179.53551180755298
200,203,574,180.23595645708434
334,511,604,184.70787747142785
367,528,650,186.31693428134759
186,268,514,187.5366630821824
184,269,509,191.70811146114815
392,541,713,197.9898987322333
251,455,518,199.972498109115
291,505,552,208.0600874747485
240,455,507,209.24626639440905
260,473,514,213.60009363293827
183,190,538,213.62116000059544
401,557,719,214.7091055358389
256,474,511,216.60332407421637
402,559,719,216.68410186259626
259,475,511,217.20036832381294
176,197,521,220.90722034374522
182,180,536,222.31958978011812
357,554,608,222.73302404448245
393,568,695,223.22410264126944
230,462,493,224.8399430706208
314,530,557,224.96444163467257
169,205,508,225.67454442182884
266,491,510,227.9056822459677
168,201,508,228.17756243767704
234,467,492,228.32652057962954
175,183,524,228.39658491317246
172,185,519,230.5558500667463
263,492,507,230.85276693165278
250,478,496,231.10603626906848
170,185,518,231.27689032845456
194,392,458,231.81458107720488
171,307,455,233.1179958733345
173,167,528,237.34573937612615
301,534,539,238.8242031285774
165,230,475,239.42639787625757
375,580,634,240.4703723954367
268,509,507,242.03305559365234
404,587,710,243.28789530101986
153,245,455,250.79872407968904
222,458,461,250.88842141477951
218,456,458,252.68557536986555
163,283,439,253.69272752682525
166,168,503,253.87595396177244
217,457,457,254.02362094891885
162,284,438,254.42091109026396
167,166,504,254.56236956785267
160,282,438,254.9078264785136
405,599,719,256.2654873368632
164,301,429,259.7537295208675
161,294,430,260.049995193232
150,279,433,260.4995201531089
280,536,507,261.0842775810141
151,283,431,261.457453517776
147,276,432,262.2403477728017
237,493,468,262.6651861210389
149,283,429,263.4008352302627
146,275,431,263.46916328101855
152,289,427,264.0075756488817
158,307,418,269.69056342408425
157,308,416,271.53268679847736
154,307,416,271.67075661542964
142,287,419,272.2498852157701
137,281,418,274.5632896073326
148,305,412,275.9148419349709
141,296,412,277.3625785862253
140,294,412,277.7228834647948
159,321,408,278.03776721877193
144,302,409,279.32955446926843
143,305,406,281.85279846047297
156,327,401,284.5698508275253
131,284,407,284.6137733842127
136,300,403,285.56785533389433
135,296,403,286.2254356272342
134,297,402,287.04180880143576
211,459,421,287.5621671917222
384,627,621,289.1712295509358
376,622,596,290.9467305195231
145,322,394,291.9075196016711
348,602,543,293.62050337127346
225,509,441,293.99319720020736
381,631,613,294.92371895118913
130,295,394,295.26428839261956
133,307,392,295.45388811115686
231,512,441,295.67718883945037
132,309,390,297.18849237478895
233,515,441,297.3819093354537
358,612,551,298.73901653449957
243,521,443,299.23235119217975
388,638,618,300.5628054167714
127,297,388,300.8537850850476
288,569,482,302.29952034364857
378,634,596,302.39378300487596
387,639,611,303.16991935216794
300,578,491,303.1913587159106
214,487,417,303.29523570277195
289,571,480,305.1245647272602
138,105,496,305.48486050866745
246,527,439,306.00653587791226
383,641,604,306.88271375233893
114,239,397,306.88760157425713
235,524,431,310.7362225425288
382,647,597,314.5600101729398
406,661,669,316.4048040090416
101,191,408,316.93059177050105
100,207,399,317.5531451584128
178,417,372,321.1744074486633
128,96,482,321.26313202731495
94,202,388,329.6331294029773
409,675,665,330.6055050963308
93,206,385,330.6372634776667
408,675,660,330.94561486745823
377,656,561,334.8089007180066
208,486,380,336.0148806228677
90,177,392,337.7469466923424
110,296,349,339.5541193977773
336,624,490,340.39095170112853
226,539,404,341.4630287454265
413,688,693,343.09328177625395
206,486,372,343.29287787543745
292,599,449,346.71602212761957
96,111,428,347.57013680694723
290,599,447,348.08045047086455
124,340,336,349.03581478123414
199,486,364,350.6023388398885
88,133,402,353.60005656108143
361,652,508,354.36986327846785
273,589,426,355.8328259168904
307,616,453,356.74220383913087
278,597,432,357.08962460424414
279,598,431,358.50383540486706
315,622,454,360.67991349671803
272,591,421,360.84899889011746
415,705,711,360.93766774887877
407,702,628,361.52178357603844
310,621,451,361.84527079955046
411,704,635,362.465170740583
102,315,321,365.2341714571625
116,50,465,368.00135869314397
412,710,632,368.8278731332544
86,161,365,369.12870384189847
89,283,320,370.22830793984406
115,47,465,370.4105830021599
286,611,426,371.2640569729313
374,680,523,372.1142297736006
99,316,313,373.1286641361127
283,611,423,373.3630940518894
98,317,311,375.04666376332426
80,203,337,375.85635554025157
108,47,455,376.4359175211632
373,680,512,377.0331550407736
391,700,553,378.74661714660897
120,360,306,379.2967176235513
372,681,508,379.7696670351649
414,724,658,379.9605242653505
129,384,307,380.00657889041867
335,648,455,380.4063616713054
117,357,303,382.1884351991829
121,363,303,382.42384862871717
410,722,614,383.6274234201721
95,319,300,385.87692338360944
333,651,449,386.4349880639692
303,632,423,388.60391145741187
363,677,479,390.7172890978847
104,344,292,393.0012722625717
308,638,422,393.72325305981104
257,588,375,393.88957843537827
323,649,431,396.14643757075487
74,198,317,396.27389517857466
284,628,400,401.6391415188515
72,143,334,404.97530788925883
123,385,282,404.9802464318476
105,358,277,408.2070553040454
84,53,397,410.13168616921075
85,47,398,413.7305886685199
78,59,386,413.75959203382826
87,41,402,415.3372123949406
83,44,398,415.8966217703626
63,128,330,416.06970569845623
76,56,382,418.7242529398076
112,376,266,420.14521299188925
79,280,269,421.04750325824284
77,46,388,421.43801442204995
75,57,372,425.3386885765272
73,59,368,426.94847464301824
71,71,357,427.387412074806
70,68,357,429.31689927138905
109,376,256,430.11858829862257
69,71,353,430.4648650006177
223,585,327,431.003480264371
68,70,353,431.1020760794362
379,726,482,431.70591842132535
203,535,296,432.9214709390145
92,354,251,434.0933079419677
245,600,332,435.4698611844452
202,535,292,436.5191862908204
66,62,352,437.01029736151526
55,72,341,439.16397848639633
252,606,331,439.8147337231894
262,614,337,439.8465641561839
62,239,258,439.9602254749854
236,597,324,440.25560757360034
53,70,339,441.97398113463646
54,228,258,442.7392008846743
248,606,327,443.0406301909566
52,71,336,443.7082374714267
254,611,328,445.2022012524197
352,701,417,445.6007181322759
351,701,414,447.41144375172166
59,245,248,448.2956613664692
255,615,327,448.4016057063132
58,244,248,448.5197877463156
51,207,258,448.74603062311314
50,208,257,449.39181122935474
371,720,433,451.80637445702337
49,209,254,451.9480058590811
185,515,265,453.10043036836765
41,155,270,456.4263357870578
344,700,398,456.5019167539168
40,154,270,456.8435180671824
187,520,263,456.84680145536754
397,763,492,460.4052562688658
48,227,237,463.279613192724
398,765,489,463.4824700029118
44,206,242,464.29516473898366
192,543,260,468.859253934483
39,207,230,475.467138717283
47,241,221,475.5123552548346
119,421,214,477.09223426922387
45,240,217,479.6342356421193
46,243,216,479.96354028196765
36,87,280,480.1968346417956
155,470,218,483.43975839808627
42,227,214,485.55638189606776
38,219,215,486.59634195090285
37,215,215,487.64741360946437
212,579,257,487.79093882523074
264,645,292,494.4178394839733
122,435,197,496.229785482492
82,350,188,497.02515026907844
81,350,187,498.0250997690779
125,443,196,498.7233702163956
281,673,309,498.95891614440563
113,422,191,499.96499877491425
107,414,187,502.7573967630909
345,727,350,508.08365452944855
349,731,353,509.136523930468
355,738,361,509.33780539048934
139,470,190,510.5389309347525
337,720,338,510.91486570660675
126,451,184,512.0908122589195
346,731,346,513.7285275318084
31,122,216,519.3168589599225
111,426,172,519.3553696651263
365,754,364,519.9249945905659
366,755,364,520.7120125366804
369,756,363,522.1158875192365
118,438,170,523.3297239790609
28,121,209,526.0722383855662
338,730,326,526.4085865561085
201,573,210,526.8861357067578
174,521,187,528.1855734493323
342,735,327,529.399659992335
339,733,324,529.9669801034778
91,405,157,531.3981558116287
60,316,153,532.7898272302128
241,640,240,533.9007398384085
196,571,200,535.0710233230725
65,322,150,535.4941643006018
198,574,200,536.3450381983598
61,321,144,541.5320858453357
360,758,331,543.9531229802803
103,428,147,544.3647674124401
106,430,147,544.6732965732762
25,129,184,545.5795084128436
67,331,135,550.1781529650192
56,321,135,550.5233873324547
26,160,166,550.9863882166237
27,177,159,552.1775076911409
64,328,133,552.261713320777
215,614,201,553.7300786484332
57,323,131,554.4366510251645
177,536,164,554.9071994487006
271,683,243,556.4242985348501
219,618,198,558.2992029369199
34,220,138,561.1007039738945
274,688,240,561.8487340913033
24,138,162,562.474888328359
97,425,127,563.7055969209459
22,134,162,563.9592183837409
21,135,161,564.5139502262101
33,215,135,565.1548460377917
30,206,136,566.3232292604639
43,293,118,569.3794868099833
276,695,234,570.8773948931591
32,217,128,571.5181536924265
15,100,167,573.0174517412188
18,131,153,573.4282867107272
16,109,162,573.7813172280883
14,106,162,575.0217387195027
29,206,127,575.0521715461998
17,129,152,575.1043383595711
13,110,157,577.93511746562
181,545,140,580.538543078752
213,617,171,581.532458251472
10,114,150,582.7400792806343
7,109,150,584.7401132126989
180,547,131,589.677878167394
179,546,130,590.2762065338565
190,585,131,603.7516045527333
295,723,211,606.2672677953182
247,669,168,610.1352309119676
189,585,123,611.1006463750468
11,161,101,612.3005797808785
4,149,102,615.0650372115131
8,158,99,615.1138106074354
12,167,94,617.2236223606482
353,781,246,618.7220700767025
9,164,93,619.0516941257814
6,157,93,621.13444599378
2,143,96,622.6756780218736
3,146,94,623.6040410388631
224,658,144,625.0199996800102
19,190,79,625.5085930664742
35,260,65,625.7994886543133
23,200,75,626.9968101992226
5,162,84,628.2435833337257
239,668,143,630.9461149733787
238,668,142,631.805349771589
20,199,67,635.0118109137813
258,687,134,648.5098303032885
261,689,134,649.5667787071626
297,737,165,651.2019655989991
298,738,164,652.6024823734583
299,741,166,652.8223341767651
0,136,63,656.1745194687157
1,138,62,656.4891469019119
220,643,99,657.4191965557441
269,714,114,679.8543961761223
