125,443,196,8.06225774829855
113,422,191,14.317821063276353
126,451,184,20.615528128088304
119,421,214,22.02271554554524
107,414,187,23.259406699226016
111,426,172,26.570660511172846
118,438,170,27.16615541441225
139,470,190,35.6931365951495
155,470,218,40.8166632639171
91,405,157,50.0
106,430,147,50.24937810560445
103,428,147,50.48762224545735
97,425,127,70.71067811865476
109,376,256,83.43860018001261
82,350,188,85.47514258543241
81,350,187,85.58621384311844
174,521,187,86.57944328765345
112,376,266,90.78546139112804
92,354,251,97.3498844375277
123,385,282,98.6154146165801
185,515,265,104.9952379872535
177,536,164,106.25441167311595
187,520,263,107.61505470890214
105,358,277,111.03603018840326
67,331,135,121.07848694132248
129,384,307,121.24768039018313
65,322,150,122.38463955905577
181,545,140,123.89108119634763
64,328,133,124.67958934805648
192,543,260,125.03199590504823
61,321,144,125.7179382586272
60,316,153,126.87395319765204
121,363,303,128.14054783713078
179,546,130,129.65338406690356
56,321,135,129.76902558006668
57,323,131,130.0
180,547,131,130.0
104,344,292,131.55227098001768
117,357,303,131.60547101089682
120,360,306,132.31024147812596
196,571,200,136.03308421115798
202,535,292,137.93114224133723
201,573,210,138.61096637712328
198,574,200,139.0323703315167
203,535,296,140.71602609511115
95,319,300,155.12897859523216
212,579,257,156.0
43,293,118,162.49615380063616
190,585,131,163.87800340497196
98,317,311,164.07315441594946
99,316,313,166.1836333698358
189,585,123,167.2602762164406
124,340,336,168.36270370839262
79,280,269,170.90640713560157
102,315,321,172.55723688098394
199,486,364,174.61385970191483
178,417,372,175.9232787325202
215,614,201,179.0446871593793
206,486,372,182.28000438885226
219,618,198,183.0027322200409
213,617,171,183.84776310850236
208,486,380,189.97368238785077
46,243,216,192.93781381574738
47,241,221,195.47889911701466
89,283,320,195.5326059765992
45,240,217,196.02295783912658
59,245,248,196.72569735548024
58,244,248,197.6916791369834
223,585,327,198.4943324127921
62,239,258,205.27298896834918
236,597,324,205.84703058339218
110,296,349,205.9732992404598
42,227,214,208.6935552430884
241,640,240,209.4612135933524
48,227,237,211.81123671797963
245,600,332,213.19005605327843
248,606,327,214.80456233516085
54,228,258,215.8008341040414
38,219,215,216.74870241826133
252,606,331,217.24870540465827
35,260,65,219.2008211663451
254,611,328,219.40145851839728
37,215,215,220.7351353998724
255,615,327,222.03603311174518
34,220,138,222.9484245290825
211,459,421,225.28204544525957
214,487,417,226.06193841511666
145,322,394,227.1079038695043
262,614,337,227.24656213021134
33,215,135,228.56946427727394
32,217,128,228.65913495856665
224,658,144,229.21169254643183
220,643,99,229.93042425916585
39,207,230,230.37577997697588
132,309,390,230.4886114323222
264,645,292,230.4886114323222
156,327,401,230.82460874005614
226,539,404,231.65707414193074
49,209,254,233.0772404161333
133,307,392,233.25736858671797
44,206,242,233.37951923851415
257,588,375,234.71898091121648
50,208,257,234.79565583715555
127,297,388,235.63743335896356
247,669,168,235.79016094824652
51,207,258,236.01906702637396
30,206,136,236.98523160737253
239,668,143,239.17566765873153
238,668,142,239.40342520523802
29,206,127,239.459808736247
159,321,408,239.82702099638396
130,295,394,241.6795398870165
143,305,406,246.13207836444238
136,300,403,246.29453911932356
134,297,402,247.1214276423637
135,296,403,248.50955716028307
144,302,409,250.2658586383688
235,524,431,250.353749722268
148,305,412,251.24689052802225
271,683,243,252.23005372080465
157,308,416,253.16002844051033
154,307,416,253.6631624812716
225,509,441,254.9745085297744
158,307,418,255.3918557824427
231,512,441,255.86129054626454
141,296,412,256.0195305049988
274,688,240,256.62813563598206
233,515,441,256.78006153126455
140,294,412,257.1108710264893
131,284,407,258.65227623200997
246,527,439,258.897663179875
258,687,134,259.7556544139126
243,521,443,260.5993092853471
27,177,159,260.78343505675355
217,457,457,260.9291091465266
261,689,134,261.69638897011936
218,456,458,261.84346468835156
276,695,234,262.6194966105906
281,673,309,263.0361191927831
194,392,458,264.51843035977663
23,200,75,264.78104161740885
222,458,461,265.0
74,198,317,265.64826368715455
142,287,419,266.8107943843352
164,301,429,267.9178978717174
137,281,418,269.3640659033792
20,199,67,269.43644890771554
80,203,337,270.9686328710392
19,190,79,271.93565415369864
161,294,430,272.3416971379888
152,289,427,272.4261367783936
272,591,421,272.9688626931651
273,589,426,275.9655775635795
26,160,166,276.7417568781408
237,493,468,277.1371501621535
149,283,429,277.35897317375543
151,283,431,279.03404810166086
114,239,397,280.0285699709942
284,628,400,280.10355228022365
150,279,433,282.8992753613908
146,275,431,283.47133893923035
147,276,432,283.73579259585847
162,284,438,284.39760899135564
279,598,431,285.17538463198395
278,597,432,285.4277491765648
160,282,438,285.4645336990219
163,283,439,285.77613616255644
283,611,423,286.44720281406137
12,167,94,287.1114766079545
171,307,455,288.00694436072195
295,723,211,288.3400769924292
286,611,426,288.8200131569833
41,155,270,289.35963782117227
9,164,93,290.27056344038743
40,154,270,290.32740139366797
11,161,101,290.33084576048753
269,714,114,291.08418026406036
8,158,99,293.82477771624366
5,162,84,295.4623495472816
93,206,385,296.2853354454115
234,467,492,296.73051747334654
6,157,93,296.8164415931166
230,462,493,297.22886804615734
290,599,447,298.9916386790774
24,138,162,299.0551788550066
303,632,423,299.80827206733306
292,599,449,300.66592756745814
94,202,388,301.2806001056158
4,149,102,301.3652269257354
250,478,496,302.0761493398643
21,135,161,302.1522794883401
22,134,162,303.02805150678705
308,638,422,303.0412513173743
297,737,165,303.6906320583498
100,207,399,304.6112276328632
298,738,164,304.7917321713304
25,129,184,306.27601930285044
3,146,94,306.8061277093403
18,131,153,307.1677066359678
299,741,166,307.5662530252628
2,143,96,308.97410894765926
17,129,152,309.2911249939125
240,455,507,310.64449134018133
307,616,453,313.5235238383238
31,122,216,313.5761470520358
289,571,480,313.9824835878588
28,121,209,314.2292157008956
310,621,451,314.8205838251368
288,569,482,314.93015098589717
263,492,507,315.19676394277906
256,474,511,316.4127051810657
259,475,511,316.53751752359466
323,649,431,317.0993535155819
315,622,454,317.83328963467625
266,491,510,317.9701243827791
337,720,338,317.9716968536665
268,509,507,318.709899438345
260,473,514,319.2694786540048
153,245,455,320.4122344730301
86,161,365,321.40317359976393
251,455,518,321.6224494652076
338,730,326,321.97204847626136
72,143,334,322.54147020189515
101,191,408,322.57867257461396
209,350,509,323.3713036124263
90,177,392,323.40222633742025
339,733,324,323.93363517856557
10,114,150,324.4225639501667
280,536,507,326.03834130359576
1,138,62,326.24224128705345
210,348,512,326.7935127875093
300,578,491,326.93271479006194
342,735,327,326.9556544854363
13,110,157,327.4522866006588
0,136,63,327.6537806893124
16,109,162,327.8734511972569
7,109,150,329.3706119252293
345,727,350,329.6558811852141
14,106,162,330.8564643467013
346,731,346,331.3864813175094
333,651,449,331.9036004625439
344,700,398,332.6048706799105
335,648,455,334.5638952427473
63,128,330,334.57136757349696
349,731,353,334.59228921181074
15,100,167,336.34060117684277
351,701,414,343.2855953866984
188,297,512,343.9026024908797
355,738,361,344.53591975293375
352,701,417,345.18980286213554
165,230,475,345.41134897394437
205,315,524,348.3231258472512
336,624,490,348.66889737973474
197,308,522,348.9326582594412
353,781,246,349.4524288082714
360,758,331,349.6927222576987
191,298,521,351.7740752244258
184,269,509,353.41194094144583
249,414,550,353.62409420173844
195,300,524,353.7711124441904
301,534,539,356.0407280073447
36,87,280,357.76109346881196
186,268,514,358.2987580218497
207,307,533,359.5552808679077
365,754,364,360.06943774777665
366,755,364,360.95567594927775
369,756,363,361.3820692840197
291,505,552,361.83559802761255
88,133,402,365.0054794109261
204,296,535,365.4654566439898
270,452,563,366.3945960300179
371,720,433,370.0283772901749
363,677,479,371.6019375622253
314,530,557,372.3237838226293
361,652,508,379.22288960451743
348,602,543,384.1939614309418
265,403,582,386.3275812053807
267,412,583,386.6846260197061
169,205,508,386.8087382673768
168,201,508,389.20046248687834
52,71,336,389.6370105623951
55,72,341,390.5188855868561
53,70,339,391.6490776192381
193,255,546,392.68435161080714
227,344,580,393.66229181876184
228,344,581,394.63527465243146
358,612,551,395.7840320174628
69,71,353,396.02020150492325
372,681,508,396.531209364408
68,70,353,396.9395419960072
71,71,357,397.61287705505714
96,111,428,397.91582024342785
373,680,512,399.06139878469827
70,68,357,400.3610870202048
221,301,576,401.99129343805447
176,197,521,402.01990000496244
277,429,599,402.0447736260229
216,295,574,402.1554425840834
66,62,352,403.92326003833944
166,168,503,406.1095911204265
170,185,518,406.8673002343639
379,726,482,407.31560245097415
172,185,519,407.6567183305091
374,680,523,407.8001961745482
167,166,504,408.1788823542933
175,183,524,412.8353182565658
73,59,368,413.05810729242444
334,511,604,414.03502267320334
330,502,606,414.4514446832101
326,494,608,415.2131982488033
75,57,372,416.5441153107315
183,190,538,419.88808032617453
287,418,617,420.34390681916636
78,59,386,420.82894387149753
76,56,382,421.7416270656716
321,470,618,422.45236417849526
182,180,536,424.20042432793485
377,656,561,425.8368232081392
173,167,528,425.8931790954159
357,554,608,427.8808245294477
84,53,397,431.18905366439907
343,507,624,433.02771273903477
77,46,388,433.3612811500354
85,47,398,436.972539182956
242,299,615,439.56796971571987
83,44,398,439.638487851098
341,490,634,440.44749970910266
244,299,616,440.5190120755289
398,765,489,440.6404429917889
376,622,596,440.6472512112154
397,763,492,441.14510084551546
200,203,574,442.6657881517387
128,96,482,442.8837319206927
391,700,553,443.80288417269213
87,41,402,444.14074345864736
138,105,496,445.31000437897194
232,283,616,445.7185210421483
378,634,596,445.8721789930383
253,299,623,447.1822894525229
354,511,638,447.50083798804224
382,647,597,452.70741102835945
347,485,647,452.76925690687085
350,492,647,453.5956348996317
340,468,650,454.200396301016
359,516,645,455.2636598719472
383,641,604,456.1633479358025
229,265,622,457.73900860643283
381,631,613,459.8608485183317
375,580,634,460.42806169911063
356,499,654,461.45964070544676
387,639,611,461.53223072717253
367,528,650,462.44783489600206
384,627,621,465.4460226492434
108,47,455,465.9484950077637
388,638,618,467.38634982207174
116,50,465,469.0938072496801
293,353,661,471.1899829155964
285,346,660,471.4764044997374
115,47,465,471.55911612437313
362,490,666,472.21393456779737
294,347,665,476.20163796442364
296,350,666,476.6403256125105
302,350,675,485.4987126656465
312,361,679,487.64741360946437
282,316,671,488.70952517830057
316,364,681,489.17992599860435
306,350,680,490.42226703117797
304,347,681,491.9349550499537
320,361,687,495.55625311360967
309,345,685,496.229785482492
275,285,672,498.1214711292819
317,351,689,499.11922423405014
318,349,691,501.4299552280458
328,368,694,501.49576269396334
329,368,695,502.4868157474383
410,722,614,506.21932005801597
407,702,628,507.0009861923347
411,704,635,514.0087547892546
412,710,632,514.6357935472425
393,568,695,515.4541686706976
408,675,660,521.5064716760473
406,661,669,523.316347919688
364,424,721,524.1154452980755
409,675,665,525.950568019467
368,424,723,526.1150064387064
392,541,713,526.7750943239439
313,297,710,531.2372351407608
385,505,725,532.6199395441369
404,587,710,535.0448579324915
401,557,719,536.0671599715841
380,485,731,536.3357157601944
402,559,719,536.5258614456529
305,277,713,539.6480334440217
414,724,658,544.0974177479618
311,274,719,546.2645879058974
405,599,719,547.1562848035285
331,303,729,548.1313711146262
325,289,727,549.7417575553088
324,285,727,550.8175741568165
322,280,726,551.2404194178798
389,484,747,552.1784131963146
386,472,748,552.2408894676308
319,275,726,552.6671692800288
370,382,748,553.5431329173906
327,286,731,554.3978715687858
413,688,693,556.7988864931394
390,470,758,562.0907400055618
394,482,760,564.9584055485855
332,278,740,565.2415412900931
395,465,771,574.7834374788473
396,467,771,574.8912940721924
399,477,773,577.5292200399907
400,477,774,578.5265767447507
415,705,711,580.5996899758043
403,480,782,586.7282164682384
