51,207,258,1.4142135623730951
49,209,254,3.1622776601683795
44,206,242,15.132745950421556
54,228,258,20.024984394500787
39,207,230,27.018512172212592
48,227,237,27.586228448267445
62,239,258,31.016124838541646
58,244,248,37.107950630558946
59,245,248,38.07886552931954
37,215,215,42.579337712087536
38,219,215,43.41658669218482
42,227,214,47.01063709417264
47,241,221,48.83646178829912
45,240,217,51.22499389946279
46,243,216,53.907327887774215
41,155,270,54.57105459856901
40,154,270,55.54277630799526
74,198,317,60.8276253029822
79,280,269,72.99315036357864
80,203,337,80.15609770940699
31,122,216,95.2732911156112
89,283,320,97.94896630388705
28,121,209,99.36297097007517
72,143,334,100.7670581092849
27,177,159,102.7861858422619
26,160,166,102.88342918079665
25,129,184,107.56393447619885
63,128,330,108.30050784737807
86,161,365,117.78370006074695
24,138,162,118.00423721205946
95,319,300,119.03780911962384
34,220,138,119.60351165413162
22,134,162,120.42009799032718
21,135,161,120.60265337047937
30,206,136,121.01652779682617
98,317,311,121.64292005702592
99,316,313,121.6552506059644
33,215,135,122.20065466273084
36,87,280,123.1665539016173
102,315,321,124.67958934805648
110,296,349,127.31064370271639
93,206,385,128.01562404644207
32,217,128,129.31357237351384
18,131,153,129.40247292845683
29,206,127,130.01538370516005
94,202,388,131.13733259449805
17,129,152,131.40015220691336
16,109,162,137.20787149431334
90,177,392,138.51353724455961
14,106,162,139.38794782907166
13,110,157,140.0142849854971
104,344,292,140.4314779527724
15,100,167,140.5844941663198
100,207,399,142.00352108310554
10,114,150,142.42541907960108
114,239,397,143.39107364128355
7,109,150,145.7737973711325
92,354,251,146.12323566086263
60,316,153,149.9333185119305
105,358,277,151.32745950421557
101,191,408,151.95394038984313
124,340,336,153.83432646844463
117,357,303,155.93909067324972
65,322,150,156.348968656656
82,350,188,157.87653403846943
52,71,336,158.14550262337528
81,350,187,158.3161394173064
127,297,388,158.3729774930054
120,360,306,159.70284906663375
61,321,144,159.80613254815975
55,72,341,159.84992962150469
53,70,339,160.52414148656894
121,363,303,161.68178623456632
130,295,394,162.28986413205232
11,161,101,162.92636373527768
43,293,118,162.92943257741985
88,133,402,163.24827717314508
8,158,99,165.72265988693277
4,149,102,165.8493292117879
56,321,135,166.29191201017565
132,309,390,167.0029939851379
69,71,353,167.28717822953436
133,307,392,167.40967713964446
109,376,256,168.00297616411441
12,167,94,168.0773631397161
68,70,353,168.1071087134628
131,284,407,168.15469068687915
112,376,266,168.24089871371942
71,71,357,169.61426826773743
9,164,93,169.799882214329
134,297,402,170.13524032369074
135,296,403,170.46993869888027
57,323,131,170.59015211904818
6,157,93,171.74690681348528
70,68,357,172.04650534085255
64,328,133,172.55723688098394
136,300,403,172.5688268488837
67,331,135,173.24260445975753
2,143,96,173.62603491412224
66,62,352,174.1866814656046
3,146,94,174.39323381370048
137,281,418,176.7766952966369
140,294,412,177.2596964907703
143,305,406,177.79201331893398
145,322,394,178.22738285684386
141,296,412,178.23860412379804
144,302,409,178.71765441612084
123,385,282,178.7568180517879
19,190,79,178.90779748239035
5,162,84,179.0111728356641
142,287,419,180.23595645708434
23,200,75,182.17573932881405
148,305,412,182.84966502567076
129,384,307,182.96447742663054
73,59,368,185.80096878111266
146,275,431,186.45374761586316
156,327,401,186.80738743422327
154,307,416,187.3018953454556
149,283,429,187.6406139405859
147,276,432,187.7471704180918
157,308,416,187.83237207680682
152,289,427,188.31091311976584
159,321,408,188.6001060445089
158,307,418,189.0026454841307
151,283,431,189.47559209565753
150,279,433,189.7814532561072
75,57,372,189.805163259591
20,199,67,190.21303845951255
161,294,430,193.19679086361657
164,301,429,195.5326059765992
160,282,438,195.54283418218117
162,284,438,196.30843079195554
96,111,428,196.596032513375
76,56,382,196.7968495682794
163,283,439,196.84765683136794
78,59,386,197.08373854785685
35,260,65,198.9170681465017
153,245,455,201.42740627829173
0,136,63,206.92993983471797
1,138,62,207.18349355100662
77,46,388,208.33866659840174
84,53,397,208.86598574205422
85,47,398,214.0140182324513
83,44,398,216.27991122617004
119,421,214,217.29703173306348
107,414,187,217.56838005555863
165,230,475,219.10727965998757
91,405,157,220.92758994747578
87,41,402,221.16509670379727
171,307,455,221.37072977247917
113,422,191,223.94642216387382
111,426,172,233.98504225697846
122,435,197,234.79565583715555
178,417,372,238.549785160247
125,443,196,242.78797334299736
118,438,170,245.9044529893674
103,428,147,245.96747752497686
106,430,147,247.7579463912308
166,168,503,249.23081671414553
167,166,504,250.54540506662659
169,205,508,251.01792764661252
168,201,508,251.09759058979438
128,96,482,251.33443854752576
97,425,127,252.96047122030745
126,451,184,253.7282010340987
108,47,455,255.1960031034969
184,269,509,259.2778432492835
138,105,496,260.2498799231231
116,50,465,261.20490041344937
170,185,518,262.01145013147806
172,185,519,263.00760445279906
115,47,465,263.0304164920856
186,268,514,263.9109698364204
176,197,521,264.2290672882149
155,470,218,264.8867682614592
175,183,524,268.1678578800972
188,297,512,270.085171751431
139,470,190,270.4311372604863
194,392,458,272.5013761433142
173,167,528,274.08392875176025
191,298,521,278.919343180067
182,180,536,280.40149785619906
183,190,538,281.5759222660915
195,300,524,282.4057364856458
197,308,522,283.24018076537095
205,315,524,287.6421387766403
209,350,509,289.25421345245775
210,348,512,290.90376415577714
204,296,535,291.5956103922005
193,255,546,292.7968579066381
207,307,533,293.218348675522
199,486,364,297.8808486626826
211,459,421,299.82828418946735
206,486,372,300.84713726409296
208,486,380,303.99506574942956
185,515,265,307.1042168385188
187,520,263,312.05768697470023
200,203,574,317.0394297244429
218,456,458,319.22562553780045
217,457,457,319.37595401031683
174,521,187,320.73197533142843
214,487,417,321.6224494652076
222,458,461,322.6701101744629
216,295,574,328.72176684850064
202,535,292,328.8677545762126
203,535,296,329.31747600150226
221,301,576,332.28000240760804
192,543,260,335.01343256651666
177,536,164,340.9296115036064
230,462,493,346.71602212761957
234,467,492,349.7227473299385
227,344,580,350.46397817750113
228,344,581,351.38582783032103
240,455,507,351.43847256667846
225,509,441,352.7846368537043
237,493,468,354.60682452541715
231,512,441,355.34771703220497
181,545,140,356.7323926979438
233,515,441,357.9175882797603
249,414,550,358.16895454519783
251,455,518,359.3466293149276
250,478,496,360.58424813072463
235,524,431,360.7381321679204
179,546,130,361.0720149776219
180,547,131,361.65867886724357
226,539,404,362.17399133565624
243,521,443,364.0947678833081
232,283,616,366.75059645486607
246,527,439,367.26693289758606
196,571,200,367.4479554984624
256,474,511,367.79342027828613
201,573,210,368.01358670570846
259,475,511,368.517299458248
260,473,514,369.15308477649216
242,299,615,369.3846233940985
229,265,622,369.42387578498494
244,299,616,370.3538848182911
198,574,200,370.4119328531412
212,579,257,371.0
253,299,623,377.1432088742949
263,492,507,378.35961729550365
265,403,582,379.0118731649445
266,491,510,379.6024235960566
223,585,327,383.4436073270749
267,412,583,384.56728930058523
268,509,507,391.28122878563954
270,452,563,391.3719458520245
236,597,324,394.72775428135276
190,585,131,397.49842766984625
257,588,375,397.8994847948411
245,600,332,399.1102604544263
189,585,123,400.10623589241897
248,606,327,404.1088962148693
252,606,331,404.82094807457776
277,429,599,407.191601092164
254,611,328,409.20654931220247
215,614,201,409.8438727125245
280,536,507,412.4124149440703
255,615,327,412.97578621512423
262,614,337,413.80671816682724
219,618,198,414.22336969321276
272,591,421,416.63533215511137
287,418,617,416.77331968349415
273,589,426,416.7997120920311
213,617,171,417.94377612305703
291,505,552,418.6096033298806
275,285,672,422.08293024001813
288,569,482,425.37747942268874
285,346,660,425.9730038394452
289,571,480,426.0258208137155
278,597,432,426.5512864826456
279,598,431,427.0550315825819
282,316,671,427.85511566416966
293,353,661,429.23303693914335
294,347,665,431.02784132814435
301,534,539,431.0452412450461
241,640,240,432.3343613454753
296,350,666,432.9491887046331
290,599,447,434.7194497604173
292,599,449,435.59729108432253
283,611,423,435.84974475155997
286,611,426,437.00114416326187
300,578,491,437.7853355241585
264,645,292,438.3993613134034
314,530,557,440.09544419364306
302,350,675,441.4612100739996
284,628,400,443.6766840842552
321,470,618,446.0549293528769
306,350,680,446.19838637090567
304,347,681,446.202868659537
312,361,679,448.8797166279626
309,345,685,449.39181122935474
316,364,681,451.7875606963963
307,616,453,452.6367196770496
326,494,608,452.76594394896796
317,351,689,455.05274419565916
303,632,423,455.3372376601764
310,621,451,456.29486080822784
318,349,691,456.3299245063817
330,502,606,456.3299245063817
320,361,687,456.40880797811076
315,622,454,458.48118827275783
308,638,422,460.5702986515739
334,511,604,460.6712493742148
305,277,713,461.19084986586626
313,297,710,461.6600480873345
220,643,99,462.8055747287407
224,658,144,463.9709042601702
328,368,694,465.3697454712758
329,368,695,466.30891048745787
311,274,719,466.6904755831214
281,673,309,467.89849326536626
247,669,168,469.5125131452835
341,490,634,470.8003823277972
340,468,650,471.22075506072525
343,507,624,473.38145295311267
319,275,726,473.76154339498686
239,668,143,473.91560430101896
323,649,431,474.08543533839975
238,668,142,474.157146946031
322,280,726,474.4944678286566
271,683,243,475.20627100239324
324,285,727,476.2656821565039
336,624,490,476.8070888734772
325,289,727,476.92871584755727
347,485,647,478.3607425364251
274,688,240,480.30094732365455
327,286,731,480.37485362995426
331,303,729,481.46547124378503
350,492,647,482.44792465094093
335,648,455,482.4976683881488
333,651,449,482.81777100682615
354,511,638,486.79564500927904
348,602,543,486.8593225974008
276,695,234,487.54281863237406
332,278,740,488.04610437949407
356,499,654,492.2296212135145
357,554,608,492.8661075789245
258,687,134,494.5401904800054
359,516,645,495.3867176257353
261,689,134,496.47759264643554
362,490,666,496.7947262199952
358,612,551,499.6518788116382
367,528,650,506.80272296032507
361,652,508,510.0362732198564
344,700,398,511.8056271671893
364,424,721,511.812465655146
368,424,723,513.6263233129704
295,723,211,517.0502876896985
351,701,414,517.3954000568617
352,701,417,518.3136116290985
337,720,338,518.3676301622238
363,677,479,518.8882345939248
370,382,748,520.9193795588718
269,714,114,525.8184097195533
338,730,326,526.5405967254567
345,727,350,527.2665360138077
339,733,324,529.2579711256128
375,580,634,529.6347798247392
346,731,346,530.5186141880415
342,735,327,531.6286297783445
349,731,353,531.7377173005503
376,622,596,535.0859744003761
372,681,508,535.4717546239017
373,680,512,536.478331342469
297,737,165,536.9404063767226
298,738,164,538.0975747947579
355,738,361,540.1073967277249
299,741,166,540.7124929202209
371,720,433,541.4055781020362
377,656,561,541.4055781020362
374,680,523,541.7933185265392
378,634,596,544.4235483518324
380,485,731,549.0036429751627
381,631,613,552.869785754295
385,505,725,554.2860272458615
383,641,604,554.8855737897679
360,758,331,554.9558541001257
384,627,621,555.0288280801277
382,647,597,555.2666026333657
365,754,364,556.3856576152912
366,755,364,557.3670245000147
386,472,748,557.4737661989127
387,639,611,557.742772252586
369,756,363,558.1576838134542
388,638,618,561.4454559438522
389,484,747,562.3842103046635
392,541,713,564.6459067415614
379,726,482,564.7556993957653
390,470,758,565.3715592422385
393,568,695,566.9603160715924
394,482,760,572.7870459429054
353,781,246,573.1055749161754
391,700,553,574.1776728504863
395,465,771,574.6694702174459
396,467,771,575.5666772842222
401,557,719,579.0034542211298
402,559,719,580.2111684550721
399,477,773,581.9080683406959
400,477,774,582.7949896833362
404,587,710,590.6352512337882
403,480,782,591.2774306533271
397,763,492,602.7022482121665
398,765,489,603.3846202879222
405,599,719,605.2478831024525
406,661,669,612.3340591539883
408,675,660,616.845199381498
407,702,628,617.8001294917314
409,675,665,620.1233748214947
411,704,635,623.6184731067545
410,722,614,625.8154680095404
412,710,632,626.6011490573569
413,688,693,648.4566292359112
414,724,658,653.4959831552142
415,705,711,673.145600891813
