106,430,147,2.0
97,425,127,20.223748416156685
91,405,157,25.079872407968907
111,426,172,25.079872407968907
118,438,170,25.079872407968907
107,414,187,42.37924020083418
126,451,184,43.56604182158393
113,422,191,44.40720662234904
122,435,197,50.48762224545735
125,443,196,51.24451190127583
139,470,190,60.108235708594876
119,421,214,67.36467917239716
155,470,218,82.49242389456137
81,350,187,87.65842800324451
82,350,188,88.11923740024082
67,331,135,97.73944955850733
64,328,133,100.9752444909147
174,521,187,101.23734488813898
65,322,150,106.04244433244644
57,323,131,106.21205204683694
61,321,144,107.0420478129973
56,321,135,107.67079455451233
177,536,164,109.32977636490436
60,316,153,112.16059914247963
181,545,140,117.2092146548214
179,546,130,119.21828718783037
180,547,131,120.07081243999309
109,376,256,120.7683733433551
92,354,251,127.6401190848708
112,376,266,129.86531484580476
43,293,118,138.07968713753664
123,385,282,141.6827441857335
185,515,265,146.60491124106312
105,358,277,147.648230602334
187,520,263,148.05404418657398
196,571,200,152.50573759698355
198,574,200,155.32224567009067
190,585,131,157.8131806916013
201,573,210,158.09490820390135
189,585,123,158.8238017426859
192,543,260,161.22654868228122
129,384,307,165.93974810153233
104,344,292,167.57386431063765
121,363,303,169.0
117,357,303,171.39719951037708
120,360,306,172.93062192682936
202,535,292,180.20543831971332
203,535,296,183.43936327844142
212,579,257,186.81809334215998
35,260,65,186.9438418349211
95,319,300,187.85632808079689
213,617,171,190.51771571168914
79,280,269,191.80198122021577
215,614,201,193.68014869882768
219,618,198,196.72569735548024
46,243,216,197.44872752185566
98,317,311,198.03282556182447
99,316,313,200.24984394500785
45,240,217,200.60907257649143
47,241,221,201.10942295178512
102,315,321,207.4728897952694
34,220,138,208.19462048765814
124,340,336,208.48261318392957
59,245,248,209.02152999152983
58,244,248,209.89759407863636
32,217,128,211.85372312045877
42,227,214,211.8726032312814
33,215,135,213.3377603707323
62,239,258,219.18485349129398
38,219,215,219.78398485785993
48,227,237,220.22942582679545
220,643,99,220.29298672449835
30,206,136,222.27235545609355
29,206,127,222.89908030317218
37,215,215,223.59114472626146
199,486,364,224.61745257214542
178,417,372,225.26872841120226
89,283,320,225.72992712531496
54,228,258,228.7378412069153
224,658,144,230.0195643852931
241,640,240,231.50161986474308
206,486,372,232.35533133543547
39,207,230,236.07202290826416
223,585,327,238.8493248891443
23,200,75,239.0983061420553
239,668,143,240.03333101883996
238,668,142,240.05207768315609
208,486,380,240.11039127867832
110,296,349,241.3047865252573
44,206,242,241.47256572952548
247,669,168,241.91320757660174
20,199,67,242.5716389028198
49,209,254,243.74166652421167
236,597,324,244.72433471152803
50,208,257,245.96747752497686
51,207,258,247.3095226634025
19,190,79,247.52373623553763
27,177,159,251.2866888635369
245,600,332,252.60443384865596
248,606,327,253.14817795117546
252,606,331,256.00781238079435
254,611,328,257.390753524675
258,687,134,259.3260495977988
255,615,327,259.55538907909425
264,645,292,260.98658969380017
261,689,134,261.3235542388018
262,614,337,265.88719412562915
12,167,94,266.32686683847726
26,160,166,268.6726632912251
145,322,394,268.78430013674534
9,164,93,269.46613887462746
132,309,390,270.57346507002495
11,161,101,270.9335711941213
271,683,243,272.472016911829
133,307,392,273.25080054777516
156,327,401,273.34410547879025
5,162,84,273.3587386567329
8,158,99,274.2334771686345
127,297,388,274.3027524469997
211,459,421,275.74807342935327
274,688,240,276.1322147088239
6,157,93,276.3277040037788
214,487,417,276.37112729082247
257,588,375,278.53904573685895
226,539,404,279.94642344563005
130,295,394,280.5316381444346
276,695,234,280.8166661720775
159,321,408,282.0815484926301
4,149,102,282.6057324259365
74,198,317,286.0069929215018
136,300,403,286.2167011199731
134,297,402,286.6810073932349
143,305,406,286.7228627089232
3,146,94,286.93727537564723
269,714,114,287.8975512226528
135,296,403,288.0277764383151
2,143,96,289.5272007946749
24,138,162,290.38767191463205
144,302,409,290.7232360854564
148,305,412,292.15406894308353
21,135,161,293.33428030150174
281,673,309,293.7158490786631
22,134,162,294.38240436547835
80,203,337,294.49108645254444
157,308,416,294.5522025040723
154,307,416,294.96101437308624
141,296,412,296.05573799539843
158,307,418,296.7861182737495
140,294,412,296.952858211535
18,131,153,297.0605998782067
131,284,407,297.21372781215877
17,129,152,299.04180309782777
41,155,270,299.4294574687
235,524,431,299.7865907608277
40,154,270,300.341472327749
25,129,184,301.2806001056158
295,723,211,301.86255150316344
1,138,62,302.2002647252315
0,136,63,303.84206423732707
225,509,441,304.9540949061022
231,512,441,305.76461534978176
142,287,419,306.3739545065801
233,515,441,306.6023483276017
137,281,418,308.3018001893599
246,527,439,308.3261260418909
164,301,429,309.27819192435794
297,737,165,309.5238278388273
243,521,443,310.26601489689455
298,738,164,310.4657791126101
217,457,457,311.35349684883903
218,456,458,312.2579062249665
152,289,427,312.60358283295477
194,392,458,313.07666792656397
161,294,430,313.12138221462936
28,121,209,313.1980204279714
114,239,397,313.402297375115
299,741,166,313.5761470520358
31,122,216,313.68296096536704
10,114,150,314.0143308831621
222,458,461,315.42986542177647
149,283,429,317.09462310168556
13,110,157,318.1571938523471
272,591,421,318.8181299738144
151,283,431,318.874583496396
7,109,150,319.0141062711804
16,109,162,319.35246985110354
273,589,426,322.12109524214645
14,106,162,322.3491895445062
150,279,433,322.48565859585136
284,628,400,322.50426353770894
146,275,431,322.59107241211746
147,276,432,323.0
162,284,438,324.6798423062325
93,206,385,325.46582001801664
160,282,438,325.5718046760192
163,283,439,326.0199380406051
237,493,468,327.5148851579116
15,100,167,328.60919037665394
94,202,388,330.3891644712338
171,307,455,330.9153970428091
279,598,431,330.9924470437354
283,611,423,331.15706243412654
278,597,432,331.3397048347813
286,611,426,333.66150512158276
100,207,399,335.17905662496275
72,143,334,340.87241014784405
303,632,423,343.2083915058022
86,161,365,344.6926166891307
290,599,447,345.3129015834769
308,638,422,346.01300553591915
292,599,449,347.0518693221519
234,467,492,347.1973502203034
230,462,493,347.6665068711681
337,720,338,348.919761549844
90,177,392,350.7506236630236
338,730,326,351.062672467467
63,128,330,351.4100169317887
101,191,408,352.5478690901421
250,478,496,352.56346946330103
339,733,324,352.63862522418043
342,735,327,355.87778801155883
153,245,455,358.2638692360702
307,616,453,359.13785653979727
323,649,431,359.85691600968295
310,621,451,360.0902664610639
240,455,507,361.01108016236844
345,727,350,361.4000553403389
289,571,480,362.4058498424108
346,731,346,362.5051723768917
315,622,454,363.1597444651596
288,569,482,363.46389091627793
263,492,507,365.64463622484607
36,87,280,366.0191251833707
349,731,353,366.3945960300179
353,781,246,366.61969396092184
256,474,511,366.8950803703969
259,475,511,367.02179771779225
266,491,510,368.4263834200803
268,509,507,369.0
260,473,514,369.74856321559923
344,700,398,370.11484704075303
209,350,509,370.3079799302197
251,455,518,371.9811823197512
210,348,512,373.6642878306676
300,578,491,375.2812278811718
333,651,449,375.41044204976504
280,536,507,375.85103432077983
355,738,361,376.6908546805988
360,758,331,377.8306498948967
335,648,455,378.50231174987556
351,701,414,381.861231339344
165,230,475,383.12922102079347
352,701,417,383.96484214052725
188,297,512,387.7963383014337
88,133,402,389.9358921669048
365,754,364,391.61843674679056
366,755,364,392.45127086047256
369,756,363,392.7340066762745
205,315,524,393.57083225259464
197,308,522,393.7321424522006
336,624,490,395.05062966662894
184,269,509,395.37956446938426
191,298,521,395.9494917284274
195,300,524,398.1369111248039
186,268,514,400.3610870202048
249,414,550,403.24310285484114
52,71,336,403.9430652950982
207,307,533,404.52070404368675
55,72,341,405.4281687302943
301,534,539,406.07881008493905
53,70,339,406.23638438721855
371,720,433,408.72973955903916
204,296,535,409.83899277643167
69,71,353,412.1710809845834
291,505,552,412.25477559392806
68,70,353,413.03752856126766
71,71,357,414.18474138963643
363,677,479,415.0
270,452,563,416.69173257937337
70,68,357,416.77331968349415
66,62,352,419.5008939203825
314,530,557,422.49733726971584
96,111,428,423.6153915995027
169,205,508,424.3229901855425
361,652,508,424.849385076641
168,201,508,426.4387412044079
73,59,368,430.11858829862257
348,602,543,432.5413275052454
75,57,372,433.89630097524457
193,255,546,434.8907908889311
265,403,582,435.71779858068686
267,412,583,436.2934792086629
176,197,521,439.5873064591379
78,59,386,439.638487851098
76,56,382,440.01022715386966
372,681,508,440.8287649416721
166,168,503,440.8355702526737
227,344,580,441.0725563895355
228,344,581,442.0542953077144
167,166,504,442.82389276099366
170,185,518,443.4974633523849
373,680,512,443.5414298574599
358,612,551,443.92792207744714
172,185,519,444.33433358227
216,295,574,447.23371965897206
221,301,576,447.4036209062238
379,726,482,448.36257649362307
175,183,524,449.61539119563065
84,53,397,450.6939094329987
77,46,388,451.66912668456763
277,429,599,452.0011061933367
374,680,523,452.6367196770496
85,47,398,456.2477397204286
183,190,538,457.73900860643283
83,44,398,458.7559263922375
182,180,536,461.3296001775737
173,167,528,461.82464204500826
87,41,402,463.4587360272757
334,511,604,464.47604889811055
330,502,606,464.9268759708348
326,494,608,465.70054756248675
287,418,617,470.1063709417263
128,96,482,471.64499361278075
377,656,561,472.6309342393915
321,470,618,472.8689036086006
138,105,496,475.53128183117457
357,554,608,477.9089871513194
398,765,489,480.1385216789005
397,763,492,480.88460154178364
200,203,574,482.6530845234494
343,507,624,483.49767321053366
242,299,615,485.45339632141827
244,299,616,486.4175161319748
391,700,553,488.6921321241012
376,622,596,489.11859502578716
108,47,455,489.9234634103576
232,283,616,490.90324912349075
341,490,634,490.9307486805038
253,299,623,493.1703559623186
116,50,465,493.9716591060665
378,634,596,494.0010121447121
115,47,465,496.2710952695109
354,511,638,497.96586228375133
382,647,597,500.4607876747188
229,265,622,502.18920737108635
347,485,647,503.2385120397683
350,492,647,504.0793588315237
383,641,604,504.2003570010636
340,468,650,504.58795070829825
359,516,645,505.7153349464499
381,631,613,508.2961735051721
387,639,611,509.7224735088693
375,580,634,510.16957964974745
356,499,654,511.94726290898365
367,528,650,512.8440308709852
384,627,621,514.0787877358878
388,638,618,515.6946771104002
293,353,661,519.4429708832337
285,346,660,519.5122712698902
362,490,666,522.690156785069
294,347,665,524.2947644216944
296,350,666,524.8285434310905
302,350,675,533.730268956146
282,316,671,535.8357957434348
312,361,679,536.2023871636529
316,364,681,537.8215317370624
306,350,680,538.6770832326172
304,347,681,540.1083224687433
275,285,672,544.1268234520331
320,361,687,544.1406068287865
309,345,685,544.3647674124401
317,351,689,547.4422343955571
318,349,691,549.7062852105659
328,368,694,550.2808373912361
329,368,695,551.2748860595774
410,722,614,551.837838499681
407,702,628,553.5675207235338
411,704,635,560.6424885789517
412,710,632,561.0249548816879
393,568,695,565.6005657705798
408,675,660,569.3663144233245
406,661,669,571.6406213697553
409,675,665,573.875422021191
364,424,721,574.0139371130286
368,424,723,576.0138887214439
392,541,713,577.1698190307598
313,297,710,578.0397910178849
385,505,725,583.1063367860103
404,587,710,585.0213671311502
305,277,713,585.7960395905728
401,557,719,586.3659267044769
380,485,731,586.7750846789594
402,559,719,586.809168299201
414,724,658,590.5395837706394
311,274,719,592.3681287847954
331,303,729,595.2722066416338
325,289,727,596.4235072496724
405,599,719,597.013400184619
324,285,727,597.3683955483417
322,280,726,597.6160975074216
319,275,726,598.8739433303139
327,286,731,601.0158067804873
389,484,747,602.6076667285274
386,472,748,602.6084964552026
370,382,748,602.7578286509433
413,688,693,604.7445741798764
332,278,740,611.6772024524047
390,470,758,612.4418339728272
394,482,760,615.3738700984954
395,465,771,625.0959926283323
396,467,771,625.2175621333745
399,477,773,627.9148031381327
415,705,711,628.3510165504629
400,477,774,628.9117585162485
403,480,782,637.125576319143
