87,133,402,34.058772731852805
129,96,482,56.04462507680822
80,59,386,66.84309986827361
139,102,495,67.60177512462228
106,48,454,68.15423684555495
84,47,397,71.11258679024411
116,49,464,71.69379331573968
77,56,380,73.0
115,47,464,73.43023900274328
82,43,397,74.73285756613352
89,177,392,75.17978451685
78,45,387,77.69813382572325
75,57,372,77.79460135510689
74,59,367,80.15609770940699
86,161,365,80.43009387039157
102,190,407,81.74350127074322
72,68,357,83.00602387778854
100,192,405,84.20213774008353
71,71,353,85.0
70,70,353,85.47514258543241
69,61,352,90.97252332435328
171,168,502,93.40770846134703
172,166,504,93.81364506296512
67,128,331,98.47842403288143
73,143,334,99.29753269845128
101,206,398,99.62429422585637
66,128,329,100.44899203078147
94,205,387,102.55242561733974
93,206,385,104.27847332982968
180,167,528,114.61239025515522
175,185,518,116.51609330903607
178,185,519,117.29023829799307
181,183,524,120.0
173,201,509,121.0826164236634
174,204,508,122.67436570041843
177,204,511,124.65151423067431
169,230,474,127.58134659894448
188,180,536,128.16005617976296
183,197,524,128.8875478857442
81,202,336,129.40247292845683
114,239,397,131.70041761513136
189,184,538,132.01893803541975
154,245,454,136.49908424601244
191,190,540,137.05838172107534
190,198,537,139.46325680981354
76,197,318,139.62807740565648
192,204,536,142.52368224263643
43,124,283,145.58159224297555
39,87,278,151.90786681406595
44,154,270,163.74675569305182
45,155,270,164.01219466856725
149,276,432,165.04847772699995
148,277,431,166.02710622064097
153,279,433,168.07438829280326
138,281,417,170.35551062410633
211,199,574,170.46993869888027
165,282,438,171.29214809792072
152,283,429,172.00290695217916
155,283,431,172.02616080119907
167,283,439,172.35138525698017
166,284,438,173.2887763243771
156,285,430,174.01149387324966
132,284,407,174.26990560621763
193,266,509,174.88853593074649
145,287,419,176.22996340009834
151,288,425,177.02542190318317
194,269,509,177.55280904564702
196,268,514,179.0111728356641
141,293,412,182.70194306574848
164,294,429,183.0027322200409
198,272,516,183.48024416813925
144,296,412,185.6906028855526
206,255,546,186.17196351760379
135,296,402,186.81809334215998
131,297,393,189.2643653728826
136,299,401,189.92893407798613
168,301,427,190.0026315607234
128,297,388,190.25246384738358
137,300,403,190.64626930522402
146,302,409,191.94269978303421
143,304,405,194.36563482261982
150,305,412,194.65867563507155
56,207,257,196.1045639448506
163,307,418,196.25493624365222
159,307,416,196.36700333813724
160,308,416,197.36514383244068
176,307,455,197.85095400325974
55,208,255,198.33809518093088
134,307,392,199.2786993132984
111,296,352,200.0024999843752
54,208,253,200.08498194517247
170,314,424,203.03940504246953
88,283,319,203.62956563328422
199,297,512,204.08821622033938
57,227,257,206.6325240614362
202,298,521,208.84922791334424
49,206,242,208.85641000457707
161,321,406,211.1492363235065
157,321,404,211.36697944570244
207,300,524,211.98348992315417
215,295,534,212.34876971623828
48,206,238,212.42645786248002
65,239,258,212.80037593951755
147,322,394,213.7217817631137
31,123,214,214.3361845326169
140,322,389,214.57399656062708
158,327,400,217.8072542409917
209,308,522,218.27734651126764
29,121,208,220.22715545545242
42,206,228,221.41589825484527
218,307,533,222.35332243976026
60,243,248,223.2129028528593
53,227,236,224.32119828495925
61,245,248,224.4014260204244
216,314,524,224.5551157288562
104,316,321,231.2444593930847
79,280,267,233.41379565055703
232,295,574,234.88720697390056
40,215,217,235.23817717368922
97,316,311,236.03813251252433
99,318,310,238.27085428142487
41,219,215,238.8158286211364
240,301,576,240.84019598065436
92,316,299,242.21065211918324
46,228,213,244.77336456403913
52,241,220,245.2835094334717
26,129,183,245.66033460858105
50,240,217,247.3095226634025
125,341,335,248.09070921741508
250,266,624,249.88197213884797
51,243,215,250.58531481313904
220,348,512,251.44581921360316
219,350,509,252.3529274646918
248,283,614,253.33771926027913
17,100,167,261.23169792351007
259,299,615,265.1659857523208
260,299,616,265.87214972614186
16,107,162,266.03007348794233
27,160,166,266.54267950930483
22,133,161,267.904833849634
15,107,160,268.02984908401527
23,135,161,268.07648162418127
24,138,161,268.3616962235855
267,299,622,270.1481075262235
14,110,157,271.0018450121696
98,341,284,271.3595400939499
118,357,304,275.4850268163408
19,131,153,275.72631357924473
18,130,152,276.65321252427196
121,359,305,276.82666056577716
8,109,150,278.0071941515183
11,114,150,278.01618657912707
246,344,580,278.19597409020855
28,177,157,278.92113580723856
247,345,580,279.03404810166086
122,362,306,279.0788419067271
119,361,302,279.95713957675736
205,390,457,280.5031194122447
108,360,277,291.20782956507196
292,285,672,299.6865028659115
130,385,304,300.7523898491914
91,354,250,301.21918929576844
133,392,305,306.7409330363328
32,206,136,307.06513966909364
35,220,138,309.80800506119914
124,385,282,310.47061052537646
112,376,266,310.5945910668761
185,417,374,310.72817702937726
34,215,135,310.90995481007036
30,206,127,315.635866149587
109,376,256,315.92562415859845
300,316,671,317.9213739275798
33,217,128,318.1760518958019
266,415,550,327.566787083184
5,149,102,328.20725159569525
325,277,713,329.81964768642877
281,403,582,330.1211898682058
303,346,660,330.22568040659706
12,161,101,330.80054413498175
9,158,99,332.34018715767735
331,273,719,333.0540496676178
3,143,95,334.534004250689
309,353,659,334.55193916640206
4,146,94,335.828825445345
312,351,664,336.5947117825828
332,297,710,337.81651824622196
335,294,712,337.85351855500926
7,157,93,338.14346067904376
13,167,94,338.6620734596657
10,164,93,339.16662571662323
85,351,188,339.4112549695428
83,350,187,339.4142012350102
283,413,583,339.4539733159711
341,275,726,340.14702703389895
343,278,726,341.603571409902
319,350,673,342.2659784436659
63,316,153,343.0014577228499
345,292,721,344.3980255460243
347,283,727,344.9420241141981
2,146,84,345.77593901253454
324,347,681,345.98410368107955
236,456,458,346.30189141845585
323,350,679,346.5862086119412
235,457,457,347.21319099366025
349,289,727,347.9727000786125
239,458,460,348.47238054112694
6,162,83,348.7491935474547
68,322,150,349.0057306119772
353,286,732,350.7720057245162
256,453,506,350.7819835738432
329,360,678,352.8469923352047
64,321,144,353.20815392626486
357,278,740,353.88274894377093
338,351,689,354.5715724645731
339,349,691,354.7012827718558
268,455,518,355.5784020437687
336,363,680,356.38181771801993
356,302,729,356.4856238335566
249,462,493,356.9677856613955
47,292,119,358.10892197765753
20,188,78,358.3699206127657
342,361,687,359.97361014385484
305,418,617,360.51352263126
296,429,599,361.06093668520833
58,320,133,361.53284774692327
254,467,492,361.7070637961056
62,325,132,365.2560745559203
59,323,129,366.5310355208683
287,452,563,366.75059645486607
0,136,62,366.8528315278485
350,368,690,367.0054495508207
1,139,62,367.06947571270484
25,201,72,367.2002178648591
351,368,692,368.4358831601504
354,368,694,369.8715993422582
275,473,514,372.07526120396665
273,474,511,372.36809745197024
265,478,496,373.2465672983477
274,475,511,373.34300582708124
21,198,64,374.25258850140233
228,486,414,375.26124233658874
230,487,414,376.26054802490256
38,277,89,377.4612562899668
120,421,212,377.8306498948967
37,274,87,377.95502377928517
217,485,372,378.1692742674899
210,485,363,379.6063750781854
251,490,468,381.10497241573745
241,496,422,385.0467504083108
328,442,626,385.700661135031
227,497,399,387.08784532712986
107,414,187,387.15629918677547
280,491,509,388.53699952514177
278,492,506,388.90230135600893
337,443,631,389.1439322410154
113,421,192,389.61006147172327
36,262,66,392.23079940259663
340,450,631,395.1328890386119
242,507,418,396.1262425035736
123,435,195,399.0801924425716
90,405,157,399.8462204398086
284,508,507,404.7838929601819
126,443,194,406.1773011875479
344,470,618,406.1785321752
110,427,170,407.9460748677452
308,504,551,411.79849441201213
162,470,219,415.40582566930857
117,438,170,416.5249092191246
396,382,748,419.33399575994315
127,451,182,419.6617685708337
369,470,651,422.62276322980995
352,494,608,423.1890830349951
103,428,145,424.9447022848973
282,534,474,425.4938307425855
105,430,145,426.4387412044079
245,539,403,428.72951846123215
355,501,607,429.11653428876406
392,424,722,429.424032862624
395,424,724,430.7957752810489
142,470,189,431.2794917452023
298,536,507,432.28000185065235
368,492,634,433.1246933620848
374,485,647,433.4016612796956
195,515,265,435.6432026326131
359,510,604,436.09288001525545
321,534,539,437.3213921133975
95,424,122,437.72708392330486
334,530,557,438.40848531934233
377,492,647,439.4564824871741
197,520,263,441.02834376035287
372,507,624,441.8506535018365
214,534,294,443.71725231277634
212,534,291,444.63243246528924
388,490,666,447.532121752171
383,499,654,449.02115763068446
380,511,638,451.7742799230607
386,517,643,459.41375686846817
307,569,482,461.17241894978935
409,438,754,461.74126954388646
302,570,479,461.82464204500826
204,543,258,464.2456246428177
320,578,491,471.2303046282147
393,528,650,472.4118965479172
179,520,185,475.7415264615861
291,589,426,478.0041840821061
384,554,608,478.17256299373764
271,587,375,478.9415413179358
410,484,730,479.9302032587655
289,591,421,480.0510389531513
416,471,747,481.0
422,461,763,484.48426187029025
243,585,326,484.85049242008614
295,597,430,486.00411520891464
421,470,757,486.9517429889742
297,598,431,487.0092401587469
310,600,446,489.33117619869677
420,483,746,489.39554554572726
311,600,448,489.40882705566315
428,463,771,491.4804167004012
414,505,722,491.6014646031885
417,506,724,493.6000405186369
418,505,726,494.00404856640597
430,467,771,494.35311266340784
253,596,325,495.81649831364024
427,482,759,497.19412707714076
225,579,257,498.26197928399074
261,600,332,498.33422519429666
304,611,426,500.00399998400013
182,535,162,500.5317172767376
301,613,422,502.03585529322504
434,477,772,502.28677067985774
435,477,773,502.97216622791365
264,605,330,503.62684598817805
375,602,543,504.28761634606894
263,606,327,505.1989707036229
327,616,453,505.61843320828405
203,567,200,509.82349886995206
269,611,328,509.9019513592785
401,577,636,510.31362905570137
330,621,451,510.51836401837693
333,621,453,510.6123774449656
213,573,209,511.27781097951043
277,614,336,511.3443067053744
438,480,782,511.3482179493735
270,615,326,514.2178526655798
382,611,549,514.4326972500874
317,626,423,515.0242712727236
208,573,199,515.6403785585454
362,623,491,515.8614154983875
425,542,714,517.2591226841727
306,629,401,518.7031906591668
322,631,422,520.0346142325528
187,546,139,522.2508975578692
326,638,421,527.0464875131984
184,546,130,527.2845531589181
186,547,131,527.5462065070699
436,550,723,528.9102003175965
426,568,695,529.2806438931997
437,552,723,530.5713901069299
402,620,596,536.0083954566384
346,648,430,537.0037243818706
361,648,454,537.6290542744133
358,651,447,540.3341558702356
360,651,449,540.408179064677
404,625,600,542.0147599466272
387,652,508,546.8829856559811
407,634,596,549.3204893320474
279,644,294,549.5862079783299
415,627,621,550.9128787748567
231,613,199,551.7653486764098
411,631,613,551.9284373902109
439,587,710,553.2630477449221
233,616,198,554.9099025968089
223,603,165,557.8826041381825
413,641,604,558.4585929144613
222,602,160,559.3791200965585
419,638,618,560.2044269728685
403,656,561,560.9937611061285
201,586,129,561.2717701791174
257,640,240,561.4133949239188
412,647,597,562.0115657172902
200,583,121,563.0568354970926
221,604,150,565.9796816141018
440,598,717,566.2949761387611
229,617,172,567.073187516391
389,677,479,568.2930582014882
224,614,156,571.8330175846792
398,679,510,573.8884909109086
299,673,309,574.4606165787172
226,617,155,574.9478237196832
399,681,508,575.5866572463264
400,680,521,576.5500845546725
234,628,159,582.7949896833362
238,631,159,585.4579404192926
258,653,204,586.463980138593
370,699,396,588.8701045222112
378,700,416,589.1222284042591
376,700,413,589.1909707386901
441,649,679,593.6707841893518
442,661,669,600.4839714763417
288,683,243,601.1730200200271
424,700,553,602.117928648533
285,682,233,603.3788196481544
405,712,497,604.9479316437076
290,687,238,606.527822939723
406,714,497,606.9349223763616
397,720,433,609.0205251056815
294,692,245,609.1387362497971
444,675,660,609.8524411691733
445,675,665,611.7720163590355
293,693,234,613.4818660726656
449,670,681,613.5878095268843
363,719,338,614.6250889770121
367,722,350,615.958602505071
244,658,144,616.3318911106255
262,669,166,616.4478891195913
408,726,482,617.3661798317106
373,725,352,618.6857037300927
366,724,344,618.7285349812145
443,702,628,623.9238735615107
451,645,752,624.6054754803228
237,642,97,625.71718851251
252,666,139,625.7363662118416
255,667,138,627.0853211485659
364,730,326,627.3475910529983
447,704,635,628.0907577731103
381,737,360,629.6824596572466
365,732,323,629.8142583333597
371,735,327,632.1210327144636
448,710,632,632.7851136049267
316,717,241,634.1963418374471
446,722,614,638.683802832043
390,753,363,645.2821088485252
391,754,364,646.1772202732003
272,687,132,647.6048177708378
394,756,363,648.2669203345177
276,689,132,649.3843238021688
314,725,210,651.5519933205638
385,756,330,652.4024831344528
450,724,658,654.7281878764653
432,763,488,654.7549159800177
433,763,491,655.0366401965618
452,705,711,657.9703640742491
348,749,224,669.8208715768717
313,737,165,679.0029455017113
423,790,415,679.1244363148775
315,738,164,680.312428226914
286,714,112,680.7826378514658
318,741,164,683.0783264018849
429,800,415,689.1226305963257
431,803,416,692.1040384219702
379,780,245,693.5776813018135
