218,456,458,64.0
217,457,457,65.00769185258002
209,350,509,66.06814663663572
222,458,461,66.06814663663572
210,348,512,69.65629906907199
211,459,421,76.53757247260981
230,462,493,78.26237921249263
240,455,507,79.81227975693966
234,467,492,82.34682750416071
171,307,455,85.05292469985967
156,327,401,86.45229898620394
159,321,408,86.83893136145792
251,455,518,87.0
178,417,372,89.56003573022959
157,308,416,93.91485505499116
158,307,418,93.94147114027967
250,478,496,94.02127418834527
249,414,550,94.59386872308374
154,307,416,94.81033698917012
145,322,394,94.847245611035
164,301,429,95.50916186418976
256,474,511,97.63708311906906
148,305,412,98.41239759298622
260,473,514,98.4733466477097
259,475,511,98.47842403288143
143,305,406,101.35580891098448
205,315,524,101.41498903022176
237,493,468,101.49384217774002
161,294,430,101.92153844992725
144,302,409,102.47438704378767
214,487,417,103.46980235798269
197,308,522,105.60303025955268
141,296,412,106.45186705737011
136,300,403,107.18675291284833
132,309,390,107.29864864013899
152,289,427,107.56393447619885
133,307,392,107.61505470890214
140,294,412,108.25894882179486
188,297,512,109.27488274987991
162,284,438,109.83624174196785
134,297,402,110.27692415006868
135,296,403,110.63905277974861
163,283,439,110.64357188738983
263,492,507,111.35977729862789
160,282,438,111.80339887498948
266,491,510,111.8257573191436
142,287,419,112.00892821556681
151,283,431,112.29425630903836
149,283,429,112.79184367674819
191,298,521,113.1591799192624
195,300,524,113.22543883774529
207,307,533,113.35784048754634
150,279,433,115.73245007343446
130,295,394,116.21101496846157
137,281,418,117.98728745080972
127,297,388,118.00423721205946
225,509,441,118.2285921425101
147,276,432,118.87808881370864
131,284,407,119.4361754243663
146,275,431,120.07497657713701
270,452,563,120.93386622447825
231,512,441,121.19818480488888
208,486,380,122.14745187681976
204,296,535,123.06502346320826
233,515,441,124.16923934694937
265,403,582,124.4869471069156
267,412,583,126.58988901172162
268,509,507,126.84636376341263
206,486,372,127.40486646906389
243,521,443,129.86916493148019
227,344,580,131.10301293257908
228,344,581,132.03408650799233
124,340,336,132.61975720080324
199,486,364,132.93607486307093
184,269,509,133.15404612703287
235,524,431,134.73306943731373
186,268,514,136.0588108135596
246,527,439,136.33048081775402
110,296,349,145.24806367039804
277,429,599,145.7737973711325
291,505,552,146.98639392814562
153,245,455,147.03060905811415
221,301,576,149.01342221424215
129,384,307,151.21177202850313
216,295,574,151.21177202850313
280,536,507,152.10851389715174
120,360,306,155.3319027115808
226,539,404,156.60459763365824
102,315,321,157.15597347857954
121,363,303,157.68956845650888
117,357,303,158.90248582070703
287,418,617,161.11176245079065
193,255,546,162.82813024781683
165,230,475,162.88953311984167
301,534,539,163.47782724271815
99,316,313,163.71010964506743
114,239,397,164.7118696390761
98,317,311,165.0272704737008
314,530,557,169.83815825661793
104,344,292,172.80046296234278
95,319,300,174.04884371922728
89,283,320,175.85505395068975
123,385,282,176.13914953808538
321,470,618,178.0
288,569,482,178.61970775925036
289,571,480,180.34688796871433
326,494,608,181.3945974939717
242,299,615,182.47739586041882
244,299,616,183.33848477611022
105,358,277,184.16568627190028
330,502,606,184.40173534975207
334,511,604,188.35339126227592
300,578,491,188.904737897174
253,299,623,189.40432941197517
232,283,616,191.9505144562004
112,376,266,192.66551326067673
169,205,508,193.56910910576616
100,207,399,194.18032856085088
168,201,508,197.43606560099397
273,589,426,199.58206332233365
93,206,385,199.81241202688085
341,490,634,201.44478151592807
343,507,624,201.94306128213466
272,591,421,202.41047403728888
94,202,388,202.48456731316588
109,376,256,202.63267258761604
176,197,521,204.9243762952568
340,468,650,206.49455198624491
278,597,432,206.6422028531442
293,353,661,206.71236053995418
101,191,408,207.12556578076016
285,346,660,207.17142660125697
292,599,449,207.1955597979841
290,599,447,207.2920644887305
229,265,622,207.4246851269154
279,598,431,207.76188293332345
92,354,251,210.459022139703
347,485,647,210.6418761785035
294,347,665,211.83484132691675
296,350,666,212.19802072592478
257,588,375,212.8497122384712
350,492,647,213.82469455140114
170,185,518,215.5203006679417
354,511,638,215.77998053572995
172,185,519,215.8008341040414
203,535,296,216.08563117431015
183,190,538,217.26481537515457
202,535,292,219.10043359153812
175,183,524,219.17344729688404
79,280,269,219.69296757065302
357,554,608,220.78043391568917
302,350,675,221.0271476538572
286,611,426,221.32555207205516
200,203,574,221.75887806353998
283,611,423,221.77916944564473
312,361,679,223.16361710637332
356,499,654,223.3047245357787
307,616,453,224.0557966221807
359,516,645,224.37691503361035
80,203,337,224.4147945212169
316,364,681,224.75097330156325
90,177,392,224.90220096744272
182,180,536,225.89378034819816
306,350,680,225.93804460515275
282,316,671,226.15260334561705
348,602,543,226.55021518418383
304,347,681,227.49505489130968
166,168,503,228.47538160598398
185,515,265,228.86240407720967
310,621,451,229.10696191953662
362,490,666,229.93042425916585
315,622,454,230.0347799790284
167,166,504,230.63390904201404
320,361,687,231.08872754853275
309,345,685,231.81458107720488
187,520,263,233.25736858671797
223,585,327,233.25951213187426
336,624,490,234.19649869287116
317,351,689,234.61031520374377
367,528,650,235.28705871764387
173,167,528,235.63743335896356
318,349,691,236.93459012984997
328,368,694,237.2172000509238
329,368,695,238.2120903732638
358,612,551,238.8493248891443
275,285,672,239.25927359247748
74,198,317,239.82702099638396
303,632,423,242.53865671269807
284,628,400,243.02263269086689
245,600,332,243.18717071424635
236,597,324,244.91018761987016
119,421,214,245.7173172570464
308,638,422,248.62019226120793
252,606,331,248.84734276258607
192,543,260,249.00803199896987
86,161,365,249.0180716333656
248,606,327,250.9123352886422
62,239,258,251.81143738917024
155,470,218,252.3568901377571
262,614,337,252.83393759541065
254,611,328,254.678228358845
335,648,455,256.0175775215444
59,245,248,256.33766793040775
58,244,248,256.9124364447934
375,580,634,257.52669764511796
323,649,431,258.4143958838207
255,615,327,258.63101128828305
54,228,258,258.6426105652354
333,651,449,259.15632348063593
122,435,197,264.51843035977663
361,652,508,264.76404589747455
364,424,721,264.9396157617807
88,133,402,264.9849052304678
125,443,196,266.9175902783479
368,424,723,266.925083122587
376,622,596,268.2237871628838
113,422,191,268.6801071906888
313,297,710,269.3120866207085
107,414,187,271.89152248645047
51,207,258,272.44265451650557
50,208,257,272.5013761433142
82,350,188,273.2471408816568
49,209,254,274.05291459862275
81,350,187,274.23530042647684
212,579,257,274.5359721420856
48,227,237,275.80065264607333
72,143,334,278.16721589720095
378,634,596,278.5821243367923
139,470,190,279.1200458584084
305,277,713,279.7320146139873
126,451,184,280.28021692584724
47,241,221,281.0160137785746
96,111,428,282.59688604087626
377,656,561,283.3813684771813
46,243,216,284.1918366174511
381,631,613,284.8613697923957
45,240,217,284.92981591964013
44,206,242,285.04736448527285
331,303,729,285.2402496142506
363,677,479,285.7726368986366
384,627,621,285.99650347512994
311,274,719,286.4349838968697
111,426,172,288.01388855400705
325,289,727,288.0451353520833
380,485,731,288.4059638773096
383,641,604,288.6468430452687
324,285,727,289.4995682207488
138,105,496,289.5047495292607
385,505,725,289.9275771636772
370,382,748,290.17236257093816
382,647,597,290.423828223512
322,280,726,290.46170143411337
387,639,611,290.5477585527033
118,438,170,291.6504757410829
319,275,726,292.42605903031284
327,286,731,292.85662020859286
373,680,512,293.0187707297947
372,681,508,293.29336848964044
63,128,330,293.393933134276
388,638,618,293.4552776829887
39,207,230,293.6136917788406
42,227,214,294.5522025040723
393,568,695,295.2033197645311
374,680,523,295.24396691549856
392,541,713,295.3404814785809
128,96,482,296.97137909232936
38,219,215,298.29180344085887
174,521,187,300.13663555121025
37,215,215,300.6293398855142
386,472,748,300.83217912982644
91,405,157,301.2806001056158
41,155,270,302.51115681905026
264,645,292,302.59709185648165
389,484,747,303.29028998634294
40,154,270,303.29523570277195
332,278,740,304.1710045352778
201,573,210,307.02605752606735
401,557,719,308.7814761283455
402,559,719,309.8548047069788
390,470,758,309.97419247414774
352,701,417,311.7081968765018
351,701,414,312.11696525501463
103,428,147,313.07666792656397
106,430,147,313.31294259892934
344,700,398,313.789738519283
196,571,200,314.0143308831621
60,316,153,314.3262636179166
394,482,760,315.12537187602015
198,574,200,315.7340653144668
65,322,150,315.8543968349974
281,673,309,318.05974281571696
404,587,710,318.6361561405108
395,465,771,321.4000622277475
396,467,771,321.8602181071777
61,321,144,321.92701036104444
391,700,553,322.31816579274584
399,477,773,326.266762021509
400,477,774,327.23233336576016
177,536,164,327.37134877688976
67,331,135,328.70959827787203
371,720,433,328.95136418625776
241,640,240,330.1938824387878
56,321,135,330.71135450721977
64,328,133,331.2416036671722
97,425,127,332.6409475695979
405,599,719,333.12159941979144
57,323,131,334.20053859920694
379,726,482,334.8611652610676
403,480,782,335.7379930838927
71,71,357,336.51448705813544
69,71,353,337.7365837453799
68,70,353,338.68717129528244
70,68,357,339.37737107827326
215,614,201,339.60712595586097
78,59,386,340.6948781534586
55,72,341,340.71835876571134
406,661,669,341.88009594008247
116,50,465,342.0716299256634
53,70,339,343.2855953866984
52,71,336,343.4020966738555
84,53,397,344.4444802867365
76,56,382,344.4880259167218
219,618,198,344.493831584834
73,59,368,344.9478221412624
108,47,455,345.0130432317016
115,47,465,345.0710071854777
75,57,372,345.86268951709724
66,62,352,346.6064050187186
408,675,660,347.6967069156681
337,720,338,349.26207924708916
85,47,398,350.1785258978626
409,675,665,350.6251559714448
345,727,350,351.9786925369205
181,545,140,352.89233485583105
77,46,388,353.00991487492246
83,44,398,353.1345352694919
36,87,280,353.1416146533852
407,702,628,353.5533905932738
43,293,118,354.1200361459374
349,731,353,354.8887149516028
87,41,402,355.43916497763723
346,731,346,357.0224082603219
411,704,635,358.71018942873644
355,738,361,359.339672176619
271,683,243,361.809342057388
180,547,131,361.8756692567214
179,546,130,362.3534186398688
412,710,632,362.49137920783716
31,122,216,362.579646422686
338,730,326,362.86085487415147
34,220,138,363.29602254910526
213,617,171,364.6834243559748
410,722,614,365.0150681821231
339,733,324,366.3836786757838
342,735,327,367.16481312892716
274,688,240,367.6139279189514
28,121,209,368.0244557091281
27,177,159,368.27435425236985
33,215,135,368.3177975607478
30,206,136,371.860188780676
397,763,492,372.55469397123426
26,160,166,372.9450361648483
32,217,128,373.5304539123952
365,754,364,374.0053475553525
398,765,489,374.2859869137502
366,755,364,374.97333238511777
369,756,363,376.19276973381614
276,695,234,376.80897016923575
413,688,693,377.94311741318955
29,206,127,379.6801285292661
190,585,131,379.7077823800824
25,129,184,379.7959978725421
189,585,123,386.61867518266627
360,758,331,387.40805360756247
414,724,658,387.5874094962322
24,138,162,390.041023483428
22,134,162,392.65761166695853
21,135,161,392.75692228145385
247,669,168,401.034911198514
18,131,153,401.42994407492824
415,705,711,402.4649053023133
17,129,152,403.4910160090309
16,109,162,409.5180093719933
224,658,144,411.5239968701704
14,106,162,411.5968901728972
15,100,167,412.2438598693739
13,110,157,412.4621194728069
295,723,211,413.0012106519786
35,260,65,414.5756866966513
10,114,150,414.9072185440981
7,109,150,418.2738337500925
239,668,143,418.80902569070787
238,668,142,419.5616760382197
11,161,101,425.2175913576483
12,167,94,427.9263955401676
23,200,75,428.43085789891467
8,158,99,428.52887884015473
19,190,79,429.4706043491219
9,164,93,430.359152336743
4,149,102,431.02784132814435
6,157,93,434.1082814229648
20,199,67,436.0389890823985
220,643,99,438.0433768475446
258,687,134,438.17918709130856
5,162,84,439.0626379003342
3,146,94,439.33131006109727
2,143,96,439.3688655332783
261,689,134,439.52815609469206
353,781,246,443.0180583226828
297,737,165,452.63009179682257
298,738,164,454.03964584604284
299,741,166,455.04395392093716
1,138,62,470.45934999742536
0,136,63,470.7026662342163
269,714,114,471.1899829155964
