373,680,512,4.123105625617661
374,680,523,15.033296378372908
361,652,508,29.0
363,677,479,29.274562336608895
391,700,553,48.84669896727925
379,726,482,51.97114584074513
377,656,561,58.60034129593445
336,624,490,59.77457653551382
335,648,455,62.433965115151864
333,651,449,66.18912297349165
315,622,454,79.98124780221924
358,612,551,81.30190649671138
310,621,451,82.75868534480233
323,649,431,83.38465086573187
397,763,492,83.54639429682169
371,720,433,84.53401682163222
307,616,453,85.14693182963201
398,765,489,86.12200647918046
348,602,543,86.4060183089118
352,701,417,93.17188417113823
382,647,597,95.2732911156112
351,701,414,96.1041102138717
308,638,422,96.15092303249095
303,632,423,98.11218069128827
378,634,596,99.76472322419383
292,599,449,101.01980003939822
290,599,447,102.20078277586722
383,641,604,104.0
300,578,491,104.39348638684312
376,622,596,105.94810050208545
286,611,426,107.81465577554843
283,611,423,110.11357772772621
387,639,611,111.23398761170077
344,700,398,111.6288493177279
279,598,431,113.21660655575224
278,597,432,113.27841806805037
289,571,480,113.50770898930169
410,722,614,113.65298060323803
288,569,482,114.97825881443848
381,631,613,116.29703349613007
388,638,618,118.10588469674151
284,628,400,120.30378215168466
407,702,628,121.82364302548172
273,589,426,123.23960402403117
272,591,421,125.1758762701504
384,627,621,125.23977004130916
412,710,632,127.3459854098275
411,704,635,129.0658746532173
280,536,507,145.00344823486094
301,534,539,150.23315213360866
408,675,660,152.11837495845134
414,724,658,156.0416611036937
409,675,665,157.1146078504478
355,738,361,157.66420012165096
314,530,557,158.75137794677562
365,754,364,161.4465855941215
375,580,634,161.48374531202822
357,554,608,161.64467204334326
366,755,364,161.90120444270946
406,661,669,162.2374802565671
257,588,375,162.28986413205232
349,731,353,162.8649747490233
369,756,363,163.24827717314508
345,727,350,164.5600194457937
246,527,439,168.75129629131743
346,731,346,169.54055562018192
268,509,507,172.00290695217916
243,521,443,172.69916039170545
337,720,338,174.4161689752415
235,524,431,174.8656627242753
226,539,404,176.0113632695344
233,515,441,179.0111728356641
291,505,552,181.41664752717708
231,512,441,181.79658962697843
262,614,337,183.65728953678914
225,509,441,184.58873205046942
413,688,693,185.13238506539042
338,730,326,188.48076824970764
342,735,327,188.88356201639147
263,492,507,189.0026454841307
266,491,510,190.01052602421794
339,733,324,191.2066944434739
237,493,468,192.2082204277434
252,606,331,192.23423212320952
255,615,327,192.6577275896298
360,758,331,193.02331465395574
254,611,328,193.13207915827965
245,600,332,193.7446773462435
334,511,604,195.2331938989884
248,606,327,195.92345444075858
281,673,309,199.16073910286636
236,597,324,202.2671500763285
250,478,496,203.35437049643167
330,502,606,204.07106605298068
415,705,711,204.41379601191306
223,585,327,204.88289338058462
259,475,511,206.0218435020908
256,474,511,207.02173798903343
260,473,514,208.08652046684813
367,528,650,208.7414668914636
343,507,624,209.1219739769114
326,494,608,212.05895406702354
354,511,638,214.00934559032697
214,487,417,214.28252378577213
359,516,645,214.46211786700232
234,467,492,214.59729728027799
393,568,695,218.4902743830947
264,645,292,218.97945109073592
230,462,493,219.5130975591206
404,587,710,222.80035906613796
240,455,507,226.00221237855172
251,455,518,226.2211307548435
405,599,719,226.37358503146962
222,458,461,227.89910048089263
341,490,634,228.81652038259824
217,457,457,229.73245308401684
218,456,458,230.4886114323222
208,486,380,233.25736858671797
356,499,654,233.32380932943812
350,492,647,234.61031520374377
270,452,563,235.51220775153035
206,486,372,237.7414562082095
321,470,618,237.95167576632025
211,459,421,238.4386713601634
347,485,647,240.28524715429367
199,486,364,242.40668307618913
402,559,719,243.73140954747709
401,557,719,244.73863609981976
362,490,666,247.88101984621574
392,541,713,248.2438317461282
340,468,650,255.99414055794324
203,535,296,257.41017850893155
202,535,292,260.714403131089
271,683,243,265.0075470623431
277,429,599,267.9272289260649
274,688,240,268.09140232390894
249,414,550,270.2831848265815
212,579,257,270.9335711941213
241,640,240,271.1180554666177
276,695,234,274.35743110038044
267,412,583,279.2597357300189
385,505,725,279.4011453090341
353,781,246,280.4353757998445
192,543,260,283.8097954616789
287,418,617,284.6928169097352
265,403,582,287.6803781977492
187,520,263,293.16548227920697
194,392,458,293.29336848964044
185,515,265,294.2872746144488
380,485,731,296.89223634174067
178,417,372,296.97137909232936
295,723,211,299.9549966244937
389,484,747,309.7256850827842
215,614,201,314.226033294506
219,618,198,316.33684578309874
201,573,210,316.96687524093113
386,472,748,318.24675960644123
394,482,760,321.0996729988992
198,574,200,326.0567435278712
196,571,200,327.0535124410071
390,470,758,327.14064253773176
209,350,509,331.00151057057127
210,348,512,333.02402315748935
364,424,721,333.79334924470857
399,477,773,334.4263745579885
368,424,723,335.0731263470707
400,477,774,335.2193311848229
396,467,771,339.0648905445682
403,480,782,339.8190695061123
247,669,168,340.2116987994387
395,465,771,340.3307215048327
213,617,171,343.02332282222443
227,344,580,344.6055716322648
228,344,581,344.81589290518497
299,741,166,347.2232711095269
297,737,165,347.5413644445795
298,738,164,348.69040709488985
129,384,307,358.62236405444656
155,470,218,358.6377001933846
174,521,187,358.66558240232644
316,364,681,361.13432404023854
293,353,661,361.9295511560226
312,361,679,362.8236486228537
328,368,694,364.0947678833081
329,368,695,364.6066373504465
224,658,144,364.72592449673766
239,668,143,365.23143347745963
238,668,142,366.23080154459973
205,315,524,366.3495598468763
320,361,687,366.6619696668854
296,350,666,366.7764987018661
285,346,660,367.87090126836614
294,347,665,369.0596157804319
156,327,401,369.8175225702536
302,350,675,370.74249823833253
123,385,282,372.4137484035733
306,350,680,373.02144710458674
197,308,522,373.2626421167808
177,536,164,373.3108624189765
159,321,408,373.6308338453881
258,687,134,374.0481252459368
261,689,134,374.08555171243916
207,307,533,374.834630203774
304,347,681,376.14491888100787
317,351,689,376.3787985527346
145,322,394,376.6656342168741
171,307,455,377.73668077114246
121,363,303,378.35036672375514
318,349,691,379.0949749073443
120,360,306,379.26903380054637
309,345,685,379.7696670351649
195,300,524,381.33581001526727
139,470,190,381.63464203345063
124,340,336,381.9227670616142
191,298,521,383.22056312259656
117,357,303,383.40709435272584
370,382,748,383.40709435272584
188,297,512,384.02083276822367
157,308,416,384.17834400184506
158,307,418,384.67648745406836
154,307,416,385.14932169224966
204,296,535,385.94559202042973
221,301,576,386.0362677262332
148,305,412,388.0618507403169
164,301,429,388.124979871175
190,585,131,389.03084710598466
112,376,266,389.34432062122085
143,305,406,389.58952757999026
132,309,390,390.26657556085945
133,307,392,391.57630163226173
216,295,574,391.60183860651114
144,302,409,391.71673438851195
181,545,140,392.3263947276553
125,443,196,392.4130476933712
119,421,214,392.4742029739025
161,294,430,394.7822184445495
136,300,403,395.2037449215278
269,714,114,395.37956446938426
109,376,256,395.63746030930895
122,435,197,396.531209364408
242,299,615,396.7026594314689
141,296,412,396.7883566840136
189,585,123,396.7883566840136
244,299,616,396.9735507562185
105,358,277,397.10200200955927
126,451,184,397.33612974407447
134,297,402,398.3616447400528
140,294,412,398.7292314340648
253,299,623,398.9348317708044
135,296,403,399.06139878469827
282,316,671,399.7424170637887
180,547,131,400.10623589241897
104,344,292,400.2811511925087
152,289,427,400.2811511925087
179,546,130,401.3838561775996
127,297,388,402.31331074176506
130,295,394,402.4822977473668
162,284,438,403.1240503864784
142,287,419,403.92697359795125
163,283,439,403.93687625667457
160,282,438,405.093816294448
151,283,431,405.3800685776251
149,283,429,405.7647101461634
150,279,433,408.93642537685486
113,422,191,409.35314827175813
131,284,407,409.6461888019953
137,281,418,410.0
220,643,99,410.7614879708174
102,315,321,411.0048661512416
184,269,509,412.0012135904456
147,276,432,412.0691689510391
232,283,616,412.393016429716
186,268,514,413.0435812356851
146,275,431,413.23722000807237
99,316,313,413.82363393117123
98,317,311,413.8900820266173
92,354,251,415.9062394338416
118,438,170,416.2847583085405
110,296,349,416.54051423601044
95,319,300,417.50209580312287
107,414,187,417.5284421449633
111,426,172,421.8068278252499
193,255,546,427.69147758635546
275,285,672,428.6163785951255
229,265,622,431.3374549004526
313,297,710,433.8893868257208
331,303,729,437.86413417862855
153,245,455,439.2095172010734
106,430,147,439.6839774201466
89,283,320,440.1681496882754
103,428,147,440.8287649416721
91,405,157,446.51651705172117
325,289,727,449.02672526253934
165,230,475,452.20570540407823
324,285,727,452.5229275959396
305,277,713,453.03531871146646
327,286,731,453.6011463830311
114,239,397,455.7246975971348
322,280,726,456.4263357870578
311,274,719,458.44301717879836
97,425,127,459.0174288630008
82,350,188,460.392224087245
319,275,726,460.82534652512334
81,350,187,461.0878441251732
332,278,740,465.0086020709725
79,280,269,466.821164901507
169,205,508,476.0
168,201,508,480.0
200,203,574,482.53497282580463
176,197,521,484.1745553000488
100,207,399,486.37125737444643
93,206,385,490.66689311588976
183,190,538,491.9156431747216
94,202,388,493.8025921357643
170,185,518,496.1007962098025
172,185,519,496.1219608120568
175,183,524,498.25696181789573
101,191,408,500.0999900019995
182,180,536,501.7818250993154
65,322,150,506.99605521147794
59,245,248,507.6376660571987
80,203,337,507.66622893393253
62,239,258,507.80311145167275
58,244,248,508.49680431640866
60,316,153,509.1659847240387
67,331,135,511.4968230595377
61,321,144,511.95312285403634
166,168,503,513.0243658930831
173,167,528,514.3889578908163
64,328,133,515.0087377899524
167,166,504,515.0155337463133
90,177,392,517.1769523093619
54,228,258,517.4060301156143
56,321,135,518.390779238983
74,198,317,519.3938775149356
57,323,131,519.8971052044818
47,241,221,525.3275168882742
46,243,216,526.4104862177425
45,240,217,528.3578332910378
48,227,237,528.7315008584225
50,208,257,535.4717546239017
51,207,258,535.8880480100298
49,209,254,536.0037313302959
86,161,365,539.30418132998
42,227,214,540.8807632001715
44,206,242,544.4088537119873
38,219,215,547.0767770615016
39,207,230,549.508871629931
43,293,118,550.1308935153525
37,215,215,550.4588994648011
88,133,402,558.1576838134542
72,143,334,565.4378834142615
96,111,428,575.5866572463264
138,105,496,576.1249864395746
41,155,270,577.3387220687696
40,154,270,578.2499459576283
63,128,330,580.9414772591126
128,96,482,585.5774927368708
34,220,138,591.1184314500775
33,215,135,596.8961383691471
32,217,128,599.7466131625922
30,206,136,603.3315837912019
29,206,127,608.9219982887792
35,260,65,611.1382822242442
27,177,159,613.0391504626764
26,160,166,623.2214694633041
71,71,357,628.4114893921021
69,71,353,629.3846200853656
68,70,353,630.353868870494
31,122,216,630.6702783547041
70,68,357,631.3240055629122
55,72,341,631.4823829688363
116,50,465,632.4634376784163
52,71,336,633.7854526572853
78,59,386,633.8517176753567
53,70,339,633.9416376923036
28,121,209,634.8235975450189
115,47,465,635.456528804292
108,47,455,636.2114428395641
36,87,280,636.2546659946786
73,59,368,637.5609774758803
76,56,382,637.5743093945991
84,53,397,637.7342706801949
66,62,352,638.3549169545105
75,57,372,638.648573160545
25,129,184,640.0624969485402
85,47,398,643.4718331053815
24,138,162,643.8672223370281
77,46,388,646.2391198310421
83,44,398,646.4278768741336
21,135,161,646.9350817508663
23,200,75,647.1862174057788
22,134,162,647.2441579496875
87,41,402,648.718737204345
19,190,79,652.0138035348638
20,199,67,653.3031455610787
18,131,153,654.6182093403758
17,129,152,656.8409244253893
12,167,94,659.9939393661126
11,161,101,660.3400639064694
9,164,93,662.9585205727429
8,158,99,663.9352378056161
6,157,93,668.4317467026832
16,109,162,668.5057965343308
4,149,102,669.2234305521587
5,162,84,670.1768423334247
13,110,157,670.2551752877407
10,114,150,670.5617048415455
14,106,162,671.0745115112032
15,100,167,673.6779646092041
7,109,150,674.794783619435
3,146,94,676.4769027838275
2,143,96,677.6341195660088
1,138,62,702.6841395677008
0,136,63,703.5978965289763
