304,347,681,3.1622776601683795
302,350,675,5.0
309,345,685,7.0710678118654755
317,351,689,9.055385138137417
312,361,679,11.045361017187261
318,349,691,11.045361017187261
320,361,687,13.038404810405298
296,350,666,14.0
316,364,681,14.035668847618199
294,347,665,15.297058540778355
293,353,661,19.235384061671343
285,346,660,20.396078054371138
328,368,694,22.80350850198276
329,368,695,23.430749027719962
282,316,671,35.17101079013795
313,297,710,60.90155991434045
275,285,672,65.49045732013177
331,303,729,67.89698078707183
370,382,748,75.15317691222374
253,299,623,76.48529270389177
325,289,727,77.00649323271382
305,277,713,80.11242100947892
324,285,727,80.2122185206219
244,299,616,81.83520025025906
327,286,731,81.83520025025906
242,299,615,82.61961026293939
322,280,726,83.7615663654877
364,424,721,84.59905436823747
311,274,719,85.42247947700886
368,424,723,85.58621384311844
319,275,726,87.98295289429652
232,283,616,92.65527507918802
287,418,617,92.69843580125827
332,278,740,93.72299611087985
228,344,581,99.18165152889924
227,344,580,100.17983829094555
229,265,622,102.90286682109493
265,403,582,111.4136436887332
277,429,599,113.14592347937243
221,301,576,114.96521212958292
267,412,583,115.12167476196652
216,295,574,119.41942890501528
340,468,650,121.75385004179539
321,470,618,135.07035203922436
347,485,647,138.97481786280562
386,472,748,139.6710420953463
362,490,666,140.69825869569246
390,470,758,143.12232530251876
380,485,731,144.31216164966833
249,414,550,144.89996549343965
350,492,647,145.7840869230932
395,465,771,146.64924138910504
341,490,634,147.36349615830918
396,467,771,148.22280526288793
389,484,747,149.81655449248592
356,499,654,151.25144627407698
207,307,533,153.16004700965587
394,482,760,154.3502510525979
204,296,535,154.72879499304582
270,452,563,155.21919984331836
399,477,773,157.4102919125684
400,477,774,158.00316452527144
205,315,524,159.8780785473731
326,494,608,160.99689437998487
385,505,725,161.40012391568973
197,308,522,163.48700254148645
195,300,524,163.8169710378018
193,255,546,164.2589419179364
403,480,782,165.23922052587878
354,511,638,166.388100536066
343,507,624,166.68833192518306
191,298,521,167.28717822953436
210,348,512,168.01190434013895
330,502,606,169.0562036720333
359,516,645,169.64963896218583
209,350,509,171.0
188,297,512,176.16185739256952
334,511,604,178.03651310896873
367,528,650,180.5103875127412
200,203,574,181.23189564753773
186,268,514,185.14858897652988
184,269,509,189.21416437465774
251,455,518,193.05180651835403
392,541,713,193.82982226685345
291,505,552,201.0198995124612
240,455,507,202.37094653136353
260,473,514,206.60348496576722
256,474,511,209.6115454835444
259,475,511,210.20466217474817
401,557,719,210.6418761785035
402,559,719,212.60761980700502
183,190,538,213.92522057952868
357,554,608,216.33307652783935
230,462,493,217.97476918212345
314,530,557,218.01146758828995
393,568,695,218.51544567833184
176,197,521,220.6581065811995
266,491,510,220.86421167767313
234,467,492,221.43396306799912
182,180,536,222.79138223908032
263,492,507,223.8146554629522
250,478,496,224.1428116179504
169,205,508,224.96444163467257
194,392,458,225.93804460515275
168,201,508,227.56317804073663
175,183,524,228.52789764052878
171,307,455,229.0720410700529
172,185,519,230.53416232740864
170,185,518,231.23364807051763
301,534,539,231.81242417092315
375,580,634,234.5548976252681
268,509,507,234.96808293893875
165,230,475,237.53947040439405
173,167,528,237.89283301520456
404,587,710,238.89118861942146
222,458,461,244.1823089414956
218,456,458,246.0081299469593
217,457,457,247.34186867572583
153,245,455,248.29418035870273
163,283,439,250.13996082193665
162,284,438,250.83859352181037
160,282,438,251.372233947984
405,599,719,252.03571175529868
166,168,503,253.87595396177244
280,536,507,254.01771591761076
167,166,504,254.62128740543278
237,493,468,255.72055060162842
164,301,429,255.7381473304286
161,294,430,256.1952380509833
150,279,433,257.00194551792794
151,283,431,257.8565492672234
147,276,432,258.80494585691366
149,283,429,259.7883754135277
146,275,431,260.049995193232
152,289,427,260.2498799231231
158,307,418,265.5051788572118
157,308,416,267.3200329193456
154,307,416,267.47897113605023
142,287,419,268.49581002317336
137,281,418,270.9335711941213
148,305,412,271.7517249255283
141,296,412,273.38617375427015
159,321,408,273.5415873317986
140,294,412,273.7882393383616
144,302,409,275.2180953353177
143,305,406,277.67066823847273
156,327,401,279.94642344563005
131,284,407,280.86473612755304
211,459,421,281.00177935379696
136,300,403,281.47646438023907
135,296,403,282.21445746098834
134,297,402,283.0070670495703
384,627,621,283.21370023358685
376,622,596,284.67525357852935
348,602,543,286.8327038536575
225,509,441,287.05748553207945
145,322,394,287.3673607075097
231,512,441,288.7299776607895
381,631,613,288.87713651308576
233,515,441,290.423828223512
133,307,392,291.19237627383035
130,295,394,291.240450487222
358,612,551,292.0359566902678
243,521,443,292.2498930709813
132,309,390,292.8839360565888
388,638,618,294.59803122220626
288,569,482,295.2371927789587
300,578,491,296.150299679065
378,634,596,296.1621177666043
214,487,417,296.5434200922354
127,297,388,296.7709554521803
387,639,611,297.122870206923
289,571,480,298.0620740718282
246,527,439,299.015049788468
383,641,604,300.76070222022025
235,524,431,303.77129554979354
114,239,397,303.99013141876827
138,105,496,306.4000652741445
382,647,597,308.37963616296065
406,661,669,311.1944729586308
101,191,408,315.06348566598444
178,417,372,315.2031091217217
100,207,399,315.29351404683223
128,96,482,322.0558957696629
409,675,665,325.3459696999488
408,675,660,325.61480310329875
94,202,388,327.365239449762
93,206,385,328.26970618684874
377,656,561,328.3245345690754
208,486,380,329.38731001664286
336,624,490,333.430652460148
226,539,404,334.5100895339332
110,296,349,335.37590849671955
90,177,392,335.96577206614364
206,486,372,336.68976818430343
413,688,693,338.2499076126999
292,599,449,339.6498196672567
290,599,447,341.0131962256006
199,486,364,344.02325502791234
124,340,336,344.14531814336806
96,111,428,347.3110997362451
361,652,508,347.5456804507862
273,589,426,348.764963836679
307,616,453,349.6927222576987
278,597,432,350.0185709358862
279,598,431,351.4327816240255
88,133,402,352.6655639554279
315,622,454,353.63823322712153
272,591,421,353.78241900919835
310,621,451,354.79853438254224
407,702,628,355.8201793040974
415,705,711,356.3509506090871
411,704,635,356.84870743775997
102,315,321,360.7020931461308
412,710,632,363.18590281011734
286,611,426,364.1936298179857
374,680,523,365.44356609468446
89,283,320,366.1816489121212
283,611,423,366.29223305988893
86,161,365,367.3499693752539
99,316,313,368.57156699886656
116,50,465,369.08671067921154
373,680,512,370.30257898102735
98,317,311,370.4726710568541
115,47,465,371.52927206345396
391,700,553,372.32915545253775
372,681,508,373.02144710458674
80,203,337,373.1728821873315
335,648,455,373.4019282221237
120,360,306,374.13366595376044
129,384,307,374.54639232009697
414,724,658,374.64650005038084
117,357,303,377.064981137204
121,363,303,377.22407134221964
108,47,455,377.4042925034107
410,722,614,377.809475794348
333,651,449,379.4232465202943
95,319,300,381.26237684828016
303,632,423,381.54029931319184
363,677,479,383.83590243748694
308,638,422,386.66264365723254
257,588,375,386.87077946001557
104,344,292,388.0463889794621
323,649,431,389.1040991816971
74,198,317,393.53907048728973
284,628,400,394.5681183268613
123,385,282,399.5359808577946
105,358,277,403.07939664537554
72,143,334,403.1935019317648
84,53,397,410.24139235333143
78,59,386,413.66290624130176
85,47,398,413.9239060503754
63,128,330,414.46833413422553
112,376,266,414.81562169233695
87,41,402,415.6500932274646
83,44,398,416.1249812255929
79,280,269,416.9184572551328
76,56,382,418.6167698504206
77,46,388,421.5210552273753
223,585,327,424.06839071074376
109,376,256,424.7964218305046
379,726,482,424.9470555257443
75,57,372,425.1035168050248
203,535,296,426.2405424170723
73,59,368,426.64387959983674
71,71,357,426.81377672235465
245,600,332,428.4903732874287
70,68,357,428.78082979536293
92,354,251,429.01864761336424
202,535,292,429.84764742871397
69,71,353,429.8488106299702
68,70,353,430.49854819731974
252,606,331,432.82444478102207
262,614,337,432.83368630456664
236,597,324,433.2955111699174
248,606,327,436.05618903989887
62,239,258,436.3542139134215
66,62,352,436.4951317025197
254,611,328,438.20657229210974
55,72,341,438.41190677261494
352,701,417,438.60004559963284
54,228,258,439.2812311037202
351,701,414,440.40549497026035
53,70,339,441.22669910149364
255,615,327,441.40004531037374
52,71,336,442.91872843671894
59,245,248,444.57732735712017
58,244,248,444.81456810675616
371,720,433,444.8696438283916
51,207,258,445.57042092131746
50,208,257,446.19838637090567
185,515,265,446.59825346725216
49,209,254,448.7282028132397
344,700,398,449.47079994144224
187,520,263,450.32099662351965
397,763,492,453.7763766438266
41,155,270,454.00991178607546
40,154,270,454.440315112997
398,765,489,456.8435180671824
48,227,237,459.758632327877
44,206,242,461.06398688251505
192,543,260,462.2218082263103
119,421,214,471.37776782533984
47,241,221,471.7647718937903
39,207,230,472.1747557843388
45,240,217,475.8875917693169
46,243,216,476.1774879181081
155,470,218,477.33007447677124
36,87,280,478.715990959149
212,579,257,481.00935541837435
42,227,214,481.9595418704769
38,219,215,483.1004036429694
37,215,215,484.2003717470692
264,645,292,487.41050460571734
122,435,197,490.42226703117797
281,673,309,491.9044622688434
82,350,188,492.0
125,443,196,492.8539337369643
81,350,187,493.0
113,422,191,494.2721922180126
107,414,187,497.13680209777266
345,727,350,501.0279433325052
349,731,353,502.08565006381133
355,738,361,502.2997113278087
337,720,338,503.8491837841955
139,470,190,504.47993022517755
126,451,184,506.1788221567552
346,731,346,506.6724780368478
365,754,364,512.9054493763933
111,426,172,513.6535797597443
366,755,364,513.6934883760938
369,756,363,515.097078228949
31,122,216,516.9912958648337
118,438,170,517.5364721447175
338,730,326,519.3418912431385
201,573,210,520.2201457075648
174,521,187,521.8141431582704
342,735,327,522.3351414561345
339,733,324,522.9005641611031
28,121,209,523.7193905136605
91,405,157,525.8840176312644
241,640,240,526.9724850502159
60,316,153,528.0956352783082
196,571,200,528.4325879428709
198,574,200,529.6942514318991
65,322,150,530.7391072834184
61,321,144,536.7839416376015
360,758,331,536.9031570031974
103,428,147,538.6770832326172
106,430,147,538.9703145814248
25,129,184,543.0073664325374
67,331,135,545.3310920899339
56,321,135,545.7710142541467
215,614,201,546.9341825119362
64,328,133,547.4422343955571
26,160,166,547.9927006813139
177,536,164,548.4997721056956
27,177,159,548.9717661228126
271,683,243,549.4160536424104
57,323,131,549.6635334456889
219,618,198,551.4961468587065
274,688,240,554.8369129753355
34,220,138,557.372406923773
97,425,127,558.062720489373
24,138,162,559.7034929317487
22,134,162,561.2307903171386
33,215,135,561.4712815451918
21,135,161,561.7704157393837
30,206,136,562.7361726422072
276,695,234,563.8625719091488
43,293,118,564.8831737625046
32,217,128,567.7966185175816
15,100,167,570.674162723353
18,131,153,570.6925617177782
16,109,162,571.3186501419326
29,206,127,571.44116057561
17,129,152,572.3853597009623
14,106,162,572.5906041841763
181,545,140,574.1297762701391
213,617,171,574.7782180980765
13,110,157,575.438093977102
10,114,150,580.1689409129034
7,109,150,582.2207485138262
180,547,131,583.2752352020442
179,546,130,583.8801246831407
190,585,131,597.18171438851
295,723,211,599.2411868354844
247,669,168,603.2453895389503
189,585,123,604.5444565952118
11,161,101,609.0664988324346
353,781,246,611.6510443054929
8,158,99,611.9027700541974
4,149,102,611.9517954871936
12,167,94,613.9096024660308
9,164,93,615.7637533989802
6,157,93,617.9142335308355
224,658,144,618.1909090240651
2,143,96,619.6006778563109
3,146,94,620.4933520997627
35,260,65,621.5504806530198
19,190,79,621.9332761639306
23,200,75,623.3177359902412
239,668,143,624.0937429585398
5,162,84,624.94799783662
238,668,142,624.9543983363906
20,199,67,631.3240055629122
258,687,134,641.626838590781
261,689,134,642.6795468972075
297,737,165,644.2002794162697
298,738,164,645.6004956627589
299,741,166,645.8149889867841
220,643,99,650.6996234822947
0,136,63,653.0581903628497
1,138,62,653.3513602955151
269,714,114,672.94279103056
