223,603,165,5.0990195135927845
221,604,150,10.198039027185569
224,614,156,12.649110640673518
226,617,155,15.811388300841896
229,617,172,19.209372712298546
234,628,159,26.019223662515376
238,631,159,29.017236257093817
201,586,129,34.88552708502482
233,616,198,40.496913462633174
231,613,199,40.52159917870962
200,583,121,43.382023926967726
208,573,199,48.60041152089147
203,567,200,53.150729063673246
213,573,209,56.938563381947034
244,658,144,58.240879114244144
187,546,139,59.80802621722272
186,547,131,62.177166226839255
184,546,130,63.52952069707436
182,535,162,67.02984409947557
262,669,166,67.26812023536856
252,666,139,67.35725647619564
258,653,204,67.35725647619564
255,667,138,68.62215385719105
237,642,97,74.62573282722254
179,520,185,85.72630868059116
257,640,240,88.56635930193812
272,687,132,89.49301648732151
276,689,132,91.39474820797966
225,579,257,99.68951800465283
285,682,233,108.30050784737807
204,543,258,114.38968484964018
290,687,238,115.36463929644994
288,683,243,115.97413504743201
293,693,234,117.29023829799307
286,714,112,121.85236969382254
294,692,245,123.79418403139947
197,520,263,131.65485179058157
314,725,210,132.77424449041314
313,737,165,135.09256086106296
142,470,189,135.14806694880988
315,738,164,136.0588108135596
195,515,265,136.35981812836215
318,741,164,139.05754204644924
279,644,294,140.42791745233566
316,717,241,140.6627171641441
162,470,219,144.5856147754679
212,534,291,147.59742545180114
214,534,294,150.2664300500947
127,451,182,152.59423318068085
348,749,224,160.3277892319357
126,443,194,162.5945878558078
117,438,170,164.30459518832697
299,673,309,165.05150711217394
253,596,325,165.10905486980417
270,615,326,166.50825805346713
243,585,326,166.86821147240718
263,606,327,167.0478973228936
269,611,328,168.24089871371942
264,605,330,170.02646852769718
123,435,195,170.6282508847817
261,600,332,172.01162751395617
105,430,145,172.6528308484978
103,428,145,174.6453549339346
110,427,170,175.28548142958104
277,614,336,176.40861656959956
95,424,122,182.0109886792553
113,421,192,183.8069639594757
120,421,212,188.32153355365392
107,414,187,189.92893407798613
90,405,157,197.02284131541703
379,780,245,197.25364381932212
365,732,323,208.4922060893404
364,730,326,209.61870145576228
363,719,338,213.00938946440834
371,735,327,213.49004660639335
271,587,375,215.52262062252305
366,724,344,220.77137495608437
367,722,350,224.72205054244233
373,725,352,228.01973598791838
385,756,330,229.38177782901587
210,485,363,234.30322234233142
381,737,360,241.29857024027308
217,485,372,242.1425200166216
306,629,401,242.5077318355025
109,376,256,245.5442933566162
124,385,282,248.94376875109768
112,376,266,249.6237168219398
245,539,403,251.03386225766437
85,351,188,252.55692427648862
390,753,363,253.00197627686626
83,350,187,253.44230112591703
391,754,364,254.40125785852553
394,756,363,254.80384612481814
370,699,396,255.15681452785068
133,392,305,255.1960031034969
130,385,304,260.43233286210835
227,497,399,261.04788832702707
289,591,421,261.23169792351007
301,613,422,262.23081436017395
326,638,421,263.47106102948004
322,631,422,263.60007587252323
91,354,250,263.82570003697515
317,626,423,264.09278672466615
304,611,426,266.1522120892479
291,589,426,266.3174797117155
108,360,277,268.799181546373
295,597,430,270.04629232781554
297,598,431,271.02951868754076
376,700,413,271.31715758499314
346,648,430,273.89048906451643
378,700,416,274.11676344215067
242,507,418,274.93453766305896
62,325,132,278.41156585170813
230,487,414,278.8207309365643
228,486,414,279.23466833471804
119,361,302,279.72307734614964
68,322,150,280.178514522438
59,323,129,280.71693928225994
122,362,306,280.9199174141983
64,321,144,281.4551474036316
241,496,422,282.630500831032
185,417,374,282.8798331447472
121,359,305,282.9734969922095
58,320,133,283.28960446864266
118,357,304,284.18479903049
310,600,446,286.0069929215018
63,316,153,286.08565151017274
311,600,448,288.00694436072195
98,341,284,288.95847452532
358,651,447,291.1528808031959
330,621,451,291.61961525247233
360,651,449,293.1245469079654
327,616,453,293.33428030150174
333,621,453,293.6153946917634
397,720,433,297.4104907362886
361,648,454,297.57688082241873
47,292,119,312.69953629642623
125,341,335,314.23876272668844
423,790,415,316.8106690122667
92,316,299,317.98899352021607
302,570,479,320.6009981269553
99,318,310,321.1790777743781
282,534,474,321.27869521647403
429,800,415,322.84516412670644
97,316,311,323.4145945995635
307,569,482,323.6865767992241
431,803,416,325.4796460610095
389,677,479,327.6980317304332
251,490,468,327.7315975001495
104,316,321,328.2026812809426
235,457,457,330.5056731736991
362,623,491,331.6654941352808
236,456,458,331.84333653096
320,578,491,331.86895003901765
38,277,89,332.6649966557949
239,458,460,332.77019097268914
37,274,87,336.02529666678373
79,280,267,339.31254029286924
408,726,482,345.05072090925995
387,652,508,351.57360538015365
36,262,66,352.7548723972498
298,536,507,353.2208940592275
405,712,497,354.49823694907144
406,714,497,355.12392203285884
88,283,319,356.4295161739555
399,681,508,356.85431200981725
265,478,496,358.150806225534
398,679,510,358.3699206127657
254,467,492,358.39782365410645
284,508,507,359.5066063370741
249,462,493,361.23261203828207
111,296,352,361.24783736376884
140,322,389,361.7195045888457
278,492,506,363.0647325202491
51,243,215,363.1886562105155
205,390,457,364.90135653351575
147,322,394,364.90546721034474
158,327,400,365.0
432,763,488,365.3833603217311
52,241,220,365.95218266871973
280,491,509,366.22670574386024
50,240,217,366.46009332531696
61,245,248,367.6860073486616
433,763,491,368.0787959119623
400,680,521,369.3304753198685
60,243,248,369.6281915655244
157,321,404,372.1518507276297
274,475,511,373.2693397534815
161,321,406,373.46619659615783
273,474,511,373.6107600163571
134,307,392,375.2985478255944
65,239,258,375.99601061713406
256,453,506,376.7187279655738
275,473,514,376.77181423243434
46,228,213,377.73668077114246
128,297,388,380.80047268878224
53,227,236,382.623836162882
35,220,138,382.632983418837
375,602,543,383.0
131,297,393,383.8150596315887
321,534,539,385.0519445477454
143,304,405,385.78361810735305
33,217,128,386.3275812053807
41,219,215,386.9289340434494
268,455,518,387.0051679241506
136,299,401,387.15629918677547
57,227,257,387.3422259449646
137,300,403,387.6248186068586
34,215,135,387.806652856807
382,611,549,389.1040991816971
150,305,412,389.50353015088325
160,308,416,389.8358628961681
146,302,409,389.8730562631893
135,296,402,390.1281840626232
159,307,416,390.59057848340376
170,314,424,390.69169430639295
40,215,217,391.1751525851303
163,307,418,391.90432505906335
144,296,412,396.40887981981433
32,206,136,396.72660611559695
30,206,127,397.37262110014575
141,293,412,398.7292314340648
42,206,228,401.7959681231259
168,301,427,402.35556414693707
132,284,407,402.657422631199
308,504,551,403.0942817753683
334,530,557,403.47614551544433
48,206,238,403.6087214122113
49,206,242,404.40079129497263
403,656,561,404.61957441527716
54,208,253,404.82712359722143
424,700,553,405.03456642612616
55,208,255,405.2912532981683
56,207,257,406.73578647569235
145,287,419,407.80632658162625
164,294,429,408.93153461184676
25,201,72,410.5423242492788
151,288,425,410.8783274888078
138,281,417,411.2055447096987
21,198,64,415.24932269661804
156,285,430,416.4000480307369
176,307,455,417.19300090006305
152,283,429,417.2792829748441
155,283,431,418.5713798147217
20,188,78,422.0426518730068
166,284,438,422.3837118071671
153,279,433,422.91606732305644
148,277,431,423.16190754839926
167,283,439,423.7947616476636
165,282,438,423.8914955504533
149,276,432,424.5703710811672
28,177,157,425.0105881034024
287,452,563,430.01046498893487
219,350,509,430.4706726363597
266,415,550,432.51473963322917
114,239,397,433.5181657093506
220,348,512,434.07372645669307
76,197,318,434.72865099967817
402,620,596,436.3714014460618
81,202,336,437.0080090799252
407,634,596,437.17273473994237
412,647,597,439.31082390489763
13,167,94,439.9784085611475
404,625,600,440.6007262817437
27,160,166,442.04072210600685
10,164,93,443.0947979834564
12,161,101,444.92920785221554
413,641,604,445.7095466781029
6,162,83,446.68669109343296
9,158,99,448.1707263978762
7,157,93,450.0155552867034
384,554,608,450.56409089051914
359,510,604,453.43136195018536
411,631,613,453.9273069556402
93,206,385,455.45691343967985
5,149,102,456.6979308032827
94,205,387,457.3160832509611
355,501,607,458.2684802602073
419,638,618,459.412668523627
45,155,270,460.3357470368774
4,146,94,460.75155995395176
352,494,608,460.83402652147987
44,154,270,461.3068393163058
415,627,621,461.67737653040786
101,206,398,462.01731569282117
2,146,84,462.2899523026647
154,245,454,462.47702645645006
283,413,583,463.303356344415
3,143,95,463.57955088636083
24,138,161,464.0010775849556
216,314,524,464.15514647583086
199,297,512,465.7563740841342
209,308,522,466.347509910796
281,403,582,466.56725131539184
23,135,161,467.00107066258425
22,133,161,469.00106609686935
446,722,614,469.5913116743111
19,131,153,471.05201411309133
296,429,599,471.85802949616107
202,298,521,471.9502092382204
18,130,152,472.06779174182174
207,300,524,472.96934361541867
1,139,62,473.25785783228156
26,129,183,473.5588664569591
372,507,624,473.6253793875493
218,307,533,475.5565160945647
0,136,62,476.1932380872286
344,470,618,476.64242362592944
401,577,636,476.656060488063
100,192,405,477.62432936357
443,702,628,478.5645202060011
102,190,407,480.3675675979801
31,123,214,482.0342311496145
194,269,509,482.3795186365192
29,121,208,483.3890772452352
215,295,534,483.86465049639656
448,710,632,484.198306481962
89,177,392,484.19933911561674
193,266,509,484.4553643009849
198,272,516,485.42352641791064
447,704,635,485.828158920415
86,161,365,486.31882546329626
380,511,638,486.58503881644367
368,492,634,486.59634195090285
196,268,514,486.69497634555466
169,230,474,486.805916151396
11,114,150,488.1024482626573
386,517,643,490.42226703117797
73,143,334,490.87371084628273
14,110,157,492.0091462564492
247,345,580,492.39110471250393
305,418,617,492.65099208263047
328,442,626,492.7027501445471
246,344,580,492.9137855649809
8,109,150,493.1014094484014
43,124,283,493.57167665902386
340,450,631,494.91918532220996
15,107,160,495.0
16,107,162,495.0040403875508
393,528,650,495.55625311360967
337,443,631,497.1136690939005
377,492,647,499.2684648563336
374,485,647,500.8572650965542
17,100,167,502.04880240869016
66,128,329,503.2265891226337
67,128,331,503.9017761429305
383,499,654,504.6236221185053
444,675,660,505.3009004543728
369,470,651,508.43386983952985
445,675,665,510.24895884264185
442,661,669,512.4080405302009
450,724,658,512.7260477096906
240,301,576,513.4754132380634
232,295,574,515.4076056869941
388,490,666,518.2470453364881
206,255,546,519.042387479096
441,649,679,521.1237856786043
449,670,681,525.4188805134432
87,133,402,527.7546778570513
39,87,278,528.3455308791775
174,204,508,528.6851615091916
177,204,511,530.664677550711
173,201,509,531.6032355055789
426,568,695,536.0792851808396
183,197,524,544.5374183653498
259,299,615,546.6571137376701
260,299,616,547.4897259309986
192,204,536,547.5216890681136
175,185,518,549.59348613316
439,587,710,550.2045074333724
178,185,519,550.2453997990351
267,299,622,552.4970588157008
171,168,502,552.5576892958779
190,198,537,552.5803109051209
248,283,614,554.8666506468018
181,183,524,555.0288280801277
172,166,504,555.3665456254995
440,598,717,557.0143624719204
425,542,714,557.2396252959762
309,353,659,557.6755329042148
96,111,428,559.3791200965585
191,190,540,560.4855038268162
452,705,711,560.5443782609901
303,346,660,561.7259118110896
312,351,664,563.0426271606796
189,184,538,563.5672098339293
71,71,353,564.9867255077769
188,180,536,565.2079263421559
437,552,723,565.2158879578669
436,550,723,565.3963211765708
70,70,353,565.9266736954532
72,68,357,569.1792336338352
180,167,528,569.7797820210893
414,505,722,570.3095650609413
319,350,673,571.5531471350674
329,360,678,571.7412001946335
417,506,724,572.1118771708905
336,363,680,572.2945046040544
250,266,624,572.880441278981
69,61,352,574.0601013831217
418,505,726,574.2516869805434
323,350,679,576.9445380623687
211,199,574,577.7586001090767
350,368,690,579.3582656698703
342,361,687,579.4911561016268
324,347,681,580.056893761293
74,59,367,581.117888212022
351,368,692,581.188437600061
410,484,730,582.0859043131005
354,368,694,583.0197252237698
75,57,372,584.7811556471361
338,351,689,585.527112950374
300,316,671,585.5911543047761
80,59,386,588.1538914263851
339,349,691,588.192145476289
77,56,380,588.6560965453428
392,424,722,589.5150549392272
395,424,724,591.4220151465449
451,645,752,593.5596010511497
420,483,746,597.9607010498265
129,96,482,599.7666212786437
416,471,747,601.4399388135112
78,45,387,601.4798417237273
139,102,495,601.8513105410672
292,285,672,602.1901692987025
84,47,397,603.4848796780248
82,43,397,607.1655457945551
427,482,759,610.9017924347579
421,470,757,611.4188417116371
409,438,754,616.2239852521159
422,461,763,619.2656941894973
434,477,772,624.6350934745822
435,477,773,625.614897520831
430,467,771,625.7363662118416
428,463,771,626.6115223964525
106,48,454,627.1778057297628
396,382,748,627.8088881180323
332,297,710,628.9077833832239
116,49,464,631.0507111159926
335,294,712,632.113913784533
115,47,464,632.8040771044384
438,480,782,633.8517176753567
345,292,721,640.9531964192081
325,277,713,641.4312122121904
356,302,729,643.2425669994174
349,289,727,647.6557727682198
331,273,719,648.6308657472291
347,283,727,650.5766672729663
343,278,726,652.1748231877707
353,286,732,653.4829760598205
341,275,726,653.670406244615
357,278,740,664.3613474608528
