264,645,292,32.7566787083184
337,720,338,55.226805085936306
338,730,326,59.481089431852205
255,615,327,60.728905802755904
339,733,324,61.84658438426491
342,735,327,64.5600495662759
254,611,328,64.8459713474939
262,614,337,65.30696746902278
271,683,243,66.75327707311455
345,727,350,67.80117993073571
346,731,346,68.79680225126747
248,606,327,69.3757882838098
252,606,331,70.51950084905593
274,688,240,70.61161377563892
349,731,353,72.80109889280519
241,640,240,76.48529270389177
245,600,332,76.53757247260981
236,597,324,77.46612162745726
276,695,234,78.16009211867653
355,738,361,83.24061508662703
360,758,331,87.80091115700337
223,585,327,89.82204629154248
344,700,398,93.00537618869137
365,754,364,97.9081201943945
366,755,364,98.73702446397704
369,756,363,99.02019995940222
284,628,400,101.51847122568385
212,579,257,107.42439201596628
257,588,375,107.61505470890214
351,701,414,108.66922287382016
295,723,211,110.01818031580054
352,701,417,111.57060544785082
308,638,422,118.29623831720095
303,632,423,121.1486689980538
215,614,201,123.06502346320826
219,618,198,123.8789731956154
323,649,431,124.33824833895642
353,781,246,125.03199590504823
283,611,423,129.76902558006668
286,611,426,132.41223508422476
371,720,433,132.60844618650805
203,535,296,138.61096637712328
272,591,421,138.80922159568507
192,543,260,138.9280389266328
202,535,292,139.04315876734103
201,573,210,140.71602609511115
247,669,168,141.05672617780408
333,651,449,141.718029904455
279,598,431,143.20963654726592
273,589,426,144.03124660989366
278,597,432,144.5856147754679
198,574,200,147.24808997063425
335,648,455,148.12494725737457
213,617,171,148.92951352905172
196,571,200,149.2816130673835
310,621,451,151.22169156572744
315,622,454,153.70751445521458
307,616,453,154.8709139896837
290,599,447,156.58863304850706
297,737,165,157.58172482873766
299,741,166,158.3445610054226
292,599,449,158.35403373454054
298,738,164,158.90248582070703
187,520,263,159.76545308670458
185,515,265,164.01219466856725
226,539,404,164.2589419179364
224,658,144,165.6804152578089
239,668,143,166.0752841334315
238,668,142,167.0748335327616
363,677,479,170.0470523119998
258,687,134,175.55910685578235
261,689,134,175.72990639046048
379,726,482,180.93645293306707
336,624,490,187.51533270642165
235,524,431,192.57466084612483
174,521,187,194.90510511528424
199,486,364,194.92049661336284
246,527,439,195.48913013259843
206,486,372,197.327139542436
190,585,131,198.56485086741813
289,571,480,199.11052207254141
372,681,508,199.16073910286636
269,714,114,199.2636444512646
177,536,164,199.48433522459854
208,486,380,200.02499843769527
361,652,508,200.10497245196083
288,569,482,201.8539075668341
398,765,489,202.14846029589245
243,521,443,202.63267258761604
373,680,512,203.1206537996567
397,763,492,203.93381279228808
300,578,491,205.30221625691235
189,585,123,205.7668583615933
233,515,441,205.8834621818858
231,512,441,208.19462048765814
225,509,441,210.52315787105226
181,545,140,212.00235847744713
220,643,99,212.13203435596427
374,680,523,214.11445537375565
214,487,417,215.08137994721903
180,547,131,218.08255317654368
179,546,130,219.4766502386985
155,470,218,222.46348014898985
139,470,190,235.30830839560255
237,493,468,240.16869071550522
280,536,507,240.77582935170216
211,459,421,241.5367466867102
348,602,543,244.53425117966603
391,700,553,245.48930730278255
358,612,551,249.56962956257317
377,656,561,252.57276179350774
126,451,184,254.77244748991205
125,443,196,256.25963396524236
268,509,507,257.0992026436488
217,457,457,261.83964558485025
122,435,197,263.0361191927831
218,456,458,263.2299375071156
222,458,461,263.3040068058213
178,417,372,263.6380093992518
263,492,507,268.26293072282647
301,534,539,268.73965096353015
119,421,214,269.3120866207085
250,478,496,270.1740179958095
266,491,510,271.15493725912495
118,438,170,273.0311337558411
234,467,492,275.54491466909707
113,422,191,277.35356496717327
230,462,493,279.95892555873263
111,426,172,282.44999557443793
259,475,511,282.85685425670704
256,474,511,283.5577542582816
314,530,557,286.2743439430086
107,414,187,286.29530209208815
260,473,514,286.40006983239374
129,384,307,289.0069203323685
382,647,597,289.1712295509358
123,385,282,289.26285623978754
378,634,596,289.6377047278203
376,622,596,291.49614062625255
106,430,147,292.04965331258313
103,428,147,293.7158490786631
240,455,507,294.4961799412685
291,505,552,295.4200399431291
383,641,604,296.73051747334654
112,376,266,300.0966510976089
109,376,256,301.69189581425616
251,455,518,302.00165562460086
387,639,611,303.90788077968625
381,631,613,306.88760157425713
97,425,127,307.6166445431716
91,405,157,308.1038785864274
410,722,614,308.91099041633333
121,363,303,310.0580590792634
388,638,618,310.975883309301
120,360,306,313.01437666663173
384,627,621,315.37279527568637
117,357,303,316.0569568922665
105,358,277,316.62122480970856
194,392,458,318.05974281571696
407,702,628,320.31546949843056
357,554,608,321.8105032468642
92,354,251,324.2298567374695
412,710,632,325.1122882943676
411,704,635,327.47060936823016
104,344,292,329.4389169481954
124,340,336,334.0928014788705
334,511,604,336.55460181076114
270,452,563,336.68531301498734
375,580,634,338.04437578519185
330,502,606,342.70978976387585
82,350,188,344.920280644673
81,350,187,345.2723562638631
326,494,608,348.4852938073571
408,675,660,351.0056979594491
414,724,658,352.706676999458
249,414,550,353.78241900919835
95,319,300,354.1143882984706
98,317,311,356.0056179332006
409,675,665,356.0056179332006
343,507,624,356.0631966379002
99,316,313,357.0224082603219
156,327,401,358.0223456713282
102,315,321,358.2010608582839
406,661,669,360.1999444752872
145,322,394,361.14540008146304
159,321,408,365.65694304908254
354,511,638,366.7219655270188
321,470,618,369.7161073039691
367,528,650,370.54824247323046
359,516,645,370.87059737865445
132,309,390,372.90347276473574
341,490,634,372.9798922194064
133,307,392,375.2932186970609
267,412,583,378.41379467455994
277,429,599,378.9934036365277
110,296,349,379.1160772111887
209,350,509,379.90656746100086
157,308,416,380.3603554525629
143,305,406,380.5693103759156
154,307,416,381.3200755271088
158,307,418,381.88610867639585
148,305,412,382.1426435246399
210,348,512,383.1892482834037
350,492,647,383.4123107048077
67,331,135,383.7186469276676
265,403,582,383.96484214052725
127,297,388,384.20957822521814
144,302,409,384.24080990961903
413,688,693,384.29285707647495
136,300,403,384.6621894597908
65,322,150,385.3336216838598
356,499,654,386.39487574241974
347,485,647,386.76607917447984
64,328,133,387.29962561303876
134,297,402,387.3306081372863
130,295,394,387.43902746109615
135,296,403,388.54214700595867
61,321,144,388.75313503559045
60,316,153,389.5959445374143
89,283,320,390.1550973651376
141,296,412,390.8170927684714
164,301,429,390.87593939765594
56,321,135,392.65761166695853
57,323,131,392.6627051299881
140,294,412,392.7467377331096
171,307,455,394.04568263083405
79,280,269,395.0303785786607
161,294,430,397.84670414620757
340,468,650,397.8768653742009
287,418,617,399.8612259271959
393,568,695,400.0262491387284
131,284,407,401.15458367068425
362,490,666,401.17078657349913
142,287,419,401.36766187624033
152,289,427,401.721296423279
415,705,711,403.27162062312294
137,281,418,406.8722158122867
149,283,429,408.0441152620633
151,283,431,408.63675801376456
162,284,438,409.8316727633432
404,587,710,410.11827562302074
163,283,439,411.0960958218893
160,282,438,411.7304943770864
150,279,433,413.05205483086513
147,276,432,415.6176127163044
146,275,431,416.27875276069517
405,599,719,416.6245312028566
205,315,524,417.59909003732275
197,308,522,422.6038333948238
392,541,713,425.0176466924638
43,293,118,425.30106983171345
402,559,719,425.55375688624815
401,557,719,426.09388636778164
227,344,580,426.2417154620134
228,344,581,426.8782027698299
188,297,512,427.29966065982313
207,307,533,429.10604749875057
195,300,524,430.5275833207438
191,298,521,430.7772045965292
59,245,248,432.3251091481965
58,244,248,433.3151278226967
62,239,258,436.9862698071874
204,296,535,439.5509071768593
46,243,216,439.9420416373048
47,241,221,440.87186347055535
45,240,217,442.6657881517387
114,239,397,442.83179650969055
54,228,258,447.9129379689763
385,505,725,448.6423965699185
184,269,509,450.7948535642349
48,227,237,451.7742799230607
153,245,455,452.21676218380054
186,268,514,453.9273069556402
42,227,214,456.00548242318314
221,301,576,457.90064424501526
216,295,574,461.6373035186823
380,485,731,461.98268365816483
38,219,215,463.62916215440976
49,209,254,467.24832797988694
37,215,215,467.54678910243837
50,208,257,467.89849326536626
51,207,258,468.7824655423878
80,203,337,470.83330383480734
44,206,242,471.7817291926427
39,207,230,472.6489183315667
165,230,475,473.08033144488263
93,206,385,473.1437413725347
100,207,399,474.6114200058823
74,198,317,475.0673636443573
293,353,661,475.7141999141922
389,484,747,477.0377343565182
94,202,388,477.5793127847981
35,260,65,479.69260990763655
285,346,660,479.7186675542239
193,255,546,480.5132672465975
364,424,721,481.39900290715184
296,350,666,481.43327678921406
294,347,665,482.7131653477042
386,472,748,482.8270912034659
368,424,723,483.1117883057709
242,299,615,483.23079372076444
316,364,681,483.5959056898642
244,299,616,483.86465049639656
312,361,679,483.98760314702275
34,220,138,484.2003717470692
302,350,675,488.14444583545145
253,299,623,488.335949936107
394,482,760,489.7775005040554
33,215,135,489.9387716847892
320,361,687,490.1305948418238
32,217,128,490.60880546520974
328,368,694,491.1720676097125
306,350,680,491.9044622688434
329,368,695,491.9562988721661
101,191,408,492.0619879649311
390,470,758,492.75754687269887
304,347,681,494.631175725914
232,283,616,496.3355719671924
30,206,136,498.01405602653426
317,351,689,498.08031480876656
309,345,685,498.95891614440563
318,349,691,500.89919145472777
29,206,127,501.2115321897532
90,177,392,502.8966096525209
399,477,773,503.6983224113418
400,477,774,504.61965875300575
396,467,771,505.8458263146984
395,465,771,506.66359648192605
282,316,671,508.42206875783825
169,205,508,508.55186559484764
403,480,782,510.86005911599705
168,201,508,512.2352974952039
229,265,622,514.2304930670681
86,161,365,515.0533952902359
27,177,159,518.185295044157
41,155,270,519.4660720393586
40,154,270,520.4632551871457
176,197,521,521.0758102234262
370,382,748,526.6896619452484
23,200,75,527.7167801008416
72,143,334,530.5892950295926
170,185,518,530.8719242905958
172,185,519,531.2664115112116
275,285,672,531.331346713141
20,199,67,532.202968800438
26,160,166,532.5579780643607
183,190,538,534.5371829910432
19,190,79,534.9663540821983
175,183,524,535.0934497823721
200,203,574,539.5600059307584
166,168,503,540.981515395859
182,180,536,542.7504030399241
167,166,504,543.2071428101807
63,128,330,545.4044370923287
88,133,402,547.9498152203357
313,297,710,549.7062852105659
12,167,94,549.7826843399126
173,167,528,551.3592295409591
11,161,101,552.6373132534574
9,164,93,552.9348967102727
24,138,162,554.8279012450618
8,158,99,556.1699380585038
21,135,161,557.9856628982504
25,129,184,558.1764953847484
5,162,84,558.3421889844972
22,134,162,558.6859582985776
31,122,216,558.7933428379404
6,157,93,559.38537699872
331,303,729,559.7320787662612
28,121,209,560.9848482802365
4,149,102,563.404827810341
18,131,153,564.0035460881429
305,277,713,565.7137085134141
17,129,152,566.202260680757
325,289,727,567.609020365251
3,146,94,569.1695705147984
324,285,727,570.3227156619312
2,143,96,571.1996148458085
311,274,719,572.1022635858034
327,286,731,572.5844915818101
322,280,726,573.0078533493237
96,111,428,574.4606165787172
319,275,726,576.4486100252129
10,114,150,581.172951882656
16,109,162,582.8421741775384
13,110,157,583.1577831084826
332,278,740,584.6246659182283
14,106,162,585.7456786012168
7,109,150,585.9837881716525
36,87,280,586.7171379804752
1,138,62,589.2656446798846
15,100,167,590.3329568980542
0,136,63,590.664879606025
138,105,496,597.9908026048561
55,72,341,601.8513105410672
128,96,482,602.3769583906742
52,71,336,602.6051775416471
69,71,353,603.6058316484359
53,70,339,603.7458074388592
71,71,357,603.9105894087303
68,70,353,604.6031756449845
70,68,357,606.9011451628676
66,62,352,612.5112243869495
73,59,368,616.8281770477091
78,59,386,618.8093405888441
75,57,372,619.2132104533946
76,56,382,621.3034685240377
84,53,397,626.2140209225597
77,46,388,631.9572770369845
85,47,398,632.2950260756445
83,44,398,635.2652989106205
87,41,402,638.8059173176154
116,50,465,642.2343808922097
108,47,455,642.800124455495
115,47,465,645.1449449542328
