352,701,417,3.0
344,700,398,16.0312195418814
371,720,433,26.870057685088806
323,649,431,54.70831746635972
333,651,449,61.032778078668514
308,638,422,63.50590523722971
355,738,361,64.63745044476924
335,648,455,67.00746227100382
349,731,353,67.97793759742936
345,727,350,69.07966415668217
363,677,479,69.28924880528002
303,632,423,69.58448102845921
379,726,482,72.44998274671983
365,754,364,72.86288492778748
366,755,364,73.59347797189639
346,731,346,74.32361670424818
284,628,400,74.33034373659252
369,756,363,75.0066663703967
337,720,338,78.33900688673555
310,621,451,88.14193099768123
315,622,454,88.54942122905152
283,611,423,90.44888059008801
286,611,426,90.79647570252934
338,730,326,92.65527507918802
342,735,327,93.40770846134703
307,616,453,93.5200513259055
339,733,324,95.51963149007642
372,681,508,96.1041102138717
398,765,489,98.59513172565875
397,763,492,99.6393496566492
373,680,512,100.22474744293447
360,758,331,100.68763578513501
279,598,431,104.39348638684312
278,597,432,105.54619841567009
361,652,508,106.00471687618433
290,599,447,107.20541031123382
292,599,449,107.83784122468327
336,624,490,108.18964830333815
281,673,309,108.66922287382016
272,591,421,110.22250223978767
374,680,523,111.00450441310929
273,589,426,112.64102272262978
262,614,337,116.18089343777659
257,588,375,119.54078801814885
255,615,327,122.3315167894194
254,611,328,124.48293055676348
252,606,331,126.15070352558483
248,606,327,128.81770064707723
245,600,332,130.09611831257686
264,645,292,134.23859355639868
236,597,324,137.53544997563355
391,700,553,139.00359707575916
223,585,327,145.0
300,578,491,145.11374848717816
289,571,480,145.79437574886077
288,569,482,148.48568954616468
377,656,561,153.73353570382747
226,539,404,162.30834852218786
348,602,543,162.60996279441184
358,612,551,163.37074401495514
271,683,243,171.9447585708852
274,688,240,174.4849563716024
246,527,439,175.78680269007683
235,524,431,177.81451009408653
276,695,234,180.0999722376436
243,521,443,182.3211452355431
241,640,240,184.3827540742355
353,781,246,186.07525359380813
233,515,441,187.94946129212502
280,536,507,189.40432941197517
382,647,597,190.80094339389416
231,512,441,190.91883092036784
225,509,441,193.8891435846783
378,634,596,193.94071259021402
376,622,596,198.40614909825754
212,579,257,198.82907232092595
383,641,604,199.24858845171275
410,722,614,201.0994778710278
203,535,296,203.66639388961548
295,723,211,204.1886382735337
202,535,292,206.00970850908945
387,639,611,206.52602741543257
301,534,539,208.60009587725506
381,631,613,210.95260131128984
268,509,507,213.3377603707323
388,638,618,213.50644018389704
407,702,628,214.0023364358436
214,487,417,214.02102700435768
237,493,468,214.89532335534898
208,486,380,217.671771252039
412,710,632,218.1857007230309
206,486,372,219.06391761310215
384,627,621,219.82947936980608
192,543,260,220.6354459283458
199,486,364,220.73740054644117
411,704,635,221.02036105300343
314,530,557,222.91253890259293
263,492,507,228.7575135378071
215,614,201,230.08259386576813
266,491,510,230.9025768587263
219,618,198,231.39792566053828
187,520,263,235.71593073019056
250,478,496,237.59840066801797
185,515,265,238.32121181296472
291,505,552,239.70815588961506
201,573,210,240.8318915758459
211,459,421,242.10121850168372
357,554,608,243.402958075698
414,724,658,245.08161905781512
259,475,511,245.93698379869588
234,467,492,246.6576574931336
256,474,511,246.85623346393342
408,675,660,247.37016796695596
222,458,461,247.50353532828578
217,457,457,247.759964481754
247,669,168,248.07257002740147
198,574,200,248.84734276258607
218,456,458,248.9196657558418
260,473,514,248.96586111352696
196,571,200,250.39169315294788
375,580,634,251.0796686312932
299,741,166,251.20509548972132
297,737,165,251.58895047279003
230,462,493,251.7180962902747
409,675,665,252.3430205097815
298,738,164,252.7231687044146
213,617,171,257.1089263327899
406,661,669,258.11818998280614
240,455,507,262.9923953273174
251,455,518,267.0805122055894
334,511,604,268.70057685088807
239,668,143,273.00183149568795
224,658,144,273.40263349134
238,668,142,273.99452549275503
330,502,606,276.52305509667724
413,688,693,279.3027031734566
261,689,134,280.25702488965374
258,687,134,280.349781523011
326,494,608,283.6987839240768
343,507,624,285.8950856520622
178,417,372,287.08883642524313
174,521,187,289.70502239346837
270,452,563,290.17580877805784
367,528,650,292.61749776799064
354,511,638,293.7277651159318
359,516,645,295.94931998570297
415,705,711,297.0269348055829
177,536,164,299.5413160150032
269,714,114,300.2815345638156
155,470,218,302.9471901173536
341,490,634,304.8294605185004
190,585,131,305.8512710452582
321,470,618,308.1833869630224
393,568,695,310.8858311341963
194,392,458,312.11696525501463
350,492,647,313.0015974400131
189,585,123,313.2682556532021
356,499,654,313.69411852950003
181,545,140,315.2966856787429
404,587,710,317.1939469788161
249,414,550,317.59250620882096
347,485,647,317.71842880135233
220,643,99,320.2951763608063
405,599,719,321.6037935099647
139,470,190,321.7716581677137
180,547,131,322.18783341398847
179,546,130,323.5444328063767
362,490,666,328.6715685908959
277,429,599,328.95136418625776
340,468,650,331.6398649137344
129,384,307,334.57136757349696
267,412,583,334.78649913041596
402,559,719,336.43572937486886
401,557,719,337.2847461715398
125,443,196,337.76915193664445
392,541,713,339.1179735726197
126,451,184,339.70575502926056
265,403,582,342.0935544555027
123,385,282,342.4616766880639
122,435,197,343.2855953866984
119,421,214,344.0930106817051
287,418,617,348.2786240928375
121,363,303,355.75975039343615
112,376,266,357.1120272407526
113,422,191,357.169427583045
120,360,306,357.6940033045005
118,438,170,358.75479090877656
109,376,256,361.37100049671943
117,357,303,361.46507438478756
209,350,509,363.6289317422364
107,414,187,365.9207564487153
111,426,172,366.31816771762766
210,348,512,366.35092466104135
385,505,725,367.6098475285993
124,340,336,369.3304753198685
105,358,277,369.3480743147309
156,327,401,374.22586762542215
104,344,292,377.27046001509314
145,322,394,379.5273376187808
159,321,408,380.04736546909515
106,430,147,380.4339627320358
103,428,147,381.861231339344
92,354,251,383.3770989508893
380,485,731,383.59483833857826
91,405,157,392.0012755081289
132,309,390,392.7340066762745
157,308,416,393.0050890255748
227,344,580,393.70674365573166
154,307,416,394.0050761094329
158,307,418,394.0203040453626
228,344,581,394.1294203684876
133,307,392,394.6137351892354
148,305,412,396.00505047284435
143,305,406,396.0807998376089
171,307,455,396.1275047254356
102,315,321,397.04533746160524
389,484,747,397.46446382035214
98,317,311,397.57389250301634
99,316,313,398.0276372313862
97,425,127,398.1770962775232
95,319,300,398.6477141537375
144,302,409,399.0313270909942
164,301,429,400.2811511925087
136,300,403,401.15084444632544
205,315,524,401.36766187624033
134,297,402,404.1781785302121
127,297,388,404.8357691706601
386,472,748,404.9654306234052
141,296,412,405.0049382414985
135,296,403,405.14935517658176
130,295,394,406.49231235043055
140,294,412,407.0049139752492
161,294,430,407.3143748997818
197,308,522,407.56962595365223
394,482,760,409.48382141422877
110,296,349,410.18288603987367
207,307,533,411.5786680575173
152,289,427,412.20504606324266
364,424,721,413.4948609112331
142,287,419,414.03019213579097
390,470,758,414.3633671066978
368,424,723,414.9819273173231
188,297,512,415.7162493817147
195,300,524,415.81366018927275
191,298,521,416.9628280794344
131,284,407,417.0587488591985
82,350,188,417.46496859018004
162,284,438,417.6900764921283
81,350,187,418.0071769718793
149,283,429,418.26905216618644
151,283,431,418.3455509504075
163,283,439,418.74694028732915
160,282,438,419.68678797407955
137,281,418,420.01904718714843
150,279,433,422.4275085739564
204,296,535,422.6890109761549
399,477,773,423.151273187261
400,477,774,424.0
147,276,432,425.38100568784216
146,275,431,426.33906694085636
293,353,661,426.7469976461463
396,467,771,426.85477624128794
395,465,771,427.95443682709964
89,283,320,428.43902716722715
403,480,782,429.26099287030496
316,364,681,429.95116001704196
312,361,679,431.07423954581185
221,301,576,431.5599610714599
285,346,660,431.90392450173454
296,350,666,432.09373982968094
294,347,665,433.9550667983956
328,368,694,435.0735569992734
329,368,695,435.71779858068686
320,361,687,436.0378423944417
216,295,574,436.389734068069
302,350,675,437.4037036880232
306,350,680,440.40549497026035
184,269,509,442.3222806958745
304,347,681,443.40162381299416
186,268,514,444.3973447265409
317,351,689,445.1123453691214
79,280,269,445.2707041789298
309,345,685,447.41144375172166
318,349,691,447.9207519193546
242,299,615,449.4496634774577
244,299,616,449.89776616471437
253,299,623,453.08387744434253
153,245,455,457.8394915251414
370,382,748,461.8625336612616
65,322,150,461.8841846177459
114,239,397,462.3126647627123
282,316,671,462.8973968386515
67,331,135,463.401553730671
232,283,616,464.2499326871249
193,255,546,465.12363947664494
60,316,153,465.1300893298562
61,321,144,466.1544808322666
64,328,133,467.00107066258425
56,321,135,471.4244372113096
57,323,131,472.200169419707
165,230,475,474.9336795806337
229,265,622,483.0734933734204
59,245,248,485.2751796661354
58,244,248,486.2149730314771
62,239,258,487.62690655869267
275,285,672,489.5099590406716
100,207,399,494.2276803255763
93,206,385,495.84876726679477
54,228,258,498.06124121437114
47,241,221,498.84767214050424
46,243,216,498.96693277210267
94,202,388,499.676895603549
313,297,710,500.8313089254704
45,240,217,501.32823578968697
80,203,337,503.9176520027851
43,293,118,504.0634880647477
169,205,508,504.82868381263756
48,227,237,505.9693666616587
331,303,729,507.5716698161945
168,201,508,508.7592750997273
101,191,408,510.03529289648185
74,198,317,512.2675082415436
42,227,214,514.4667141808108
176,197,521,515.2329570204142
49,209,254,517.3625421307577
50,208,257,517.3954000568617
325,289,727,517.4098955373776
51,207,258,518.0463299744531
305,277,713,518.8227057483125
324,285,727,520.6006146750117
38,219,215,521.4642844912775
327,286,731,522.220260043595
200,203,574,523.0716968064703
322,280,726,524.0085877158884
44,206,242,524.03148760356
90,177,392,524.4616287203479
311,274,719,524.7418412896002
37,215,215,525.1637839760087
183,190,538,525.8298203791793
170,185,518,526.3762912593993
172,185,519,526.574781014055
39,207,230,527.1546262720266
319,275,726,528.0340898086032
175,183,524,529.550752997293
332,278,740,534.0458781790194
182,180,536,535.0934497823721
166,168,503,540.3794962801605
86,161,365,542.2185906071462
167,166,504,542.5172808307584
173,167,528,546.0329660377658
34,220,138,554.5601860934482
33,215,135,560.3900427380914
32,217,128,562.185022923948
35,260,65,562.3895447107814
72,143,334,563.7055969209459
41,155,270,564.6698150246744
40,154,270,565.6368092689867
30,206,136,567.7226435505281
88,133,402,568.1267464219582
29,206,127,572.1835369879144
63,128,330,579.1243389808444
27,177,159,582.7529493704858
96,111,428,590.1660783203318
26,160,166,595.1344385934997
138,105,496,601.614494506241
23,200,75,604.9148700437112
128,96,482,608.8094940127002
20,199,67,610.2565034475257
19,190,79,611.020457922646
31,122,216,611.9191123016178
28,121,209,615.1625801363409
25,129,184,616.5095295289441
24,138,162,616.8249346451552
21,135,161,619.9717735510222
22,134,162,620.4780415131546
12,167,94,622.5399585568784
11,161,101,624.1546282773204
9,164,93,625.6276848094241
18,131,153,626.9138696822714
8,158,99,627.7531361928827
36,87,280,628.452066589012
17,129,152,629.1486310880761
6,157,93,631.6462617636552
5,162,84,631.9976265778218
71,71,357,632.573315908915
69,71,353,632.9462852406988
55,72,341,633.2219200248835
68,70,353,633.9416376923036
4,149,102,634.0725510538995
52,71,336,634.8102078574351
53,70,339,635.4415787466224
70,68,357,635.5611693613763
3,146,94,640.6442070291434
66,62,352,642.000778815727
2,143,96,642.2522868779838
78,59,386,642.6103018159606
16,109,162,643.4034504103937
10,114,150,643.6342128880348
73,59,368,643.645865363866
13,110,157,644.4610151126288
75,57,372,645.3681120105022
76,56,382,645.7933105878382
14,106,162,646.1648396500694
7,109,150,648.1975007665487
84,53,397,648.2229554713409
15,100,167,649.7768847843081
116,50,465,652.9946401005142
85,47,398,654.1956893774217
108,47,455,655.2839079360945
77,46,388,655.5158274214285
115,47,465,655.985518132832
83,44,398,657.1947960840835
87,41,402,660.1090818948032
1,138,62,663.9826804970141
0,136,63,665.1511106508054
