103,428,147,25.079872407968907
111,426,172,25.80697580112788
106,430,147,26.92582403567252
107,414,187,31.32091952673165
118,438,170,35.4682957019364
97,425,127,36.05551275463989
113,422,191,38.01315561749642
122,435,197,50.0
126,451,184,53.33854141237835
125,443,196,54.45181356024793
119,421,214,59.20304046246274
81,350,187,62.64982043070834
82,350,188,63.13477647065839
139,470,190,72.89718787443039
67,331,135,77.20103626247513
64,328,133,80.65358020571685
65,322,150,83.2946576918352
61,321,144,85.0
57,323,131,86.02325267042627
56,321,135,86.83317338436964
60,316,153,89.08984229416954
155,470,218,89.1403387922662
109,376,256,103.16006979447037
92,354,251,106.94391053257777
112,376,266,112.79184367674819
43,293,118,118.59595271340417
174,521,187,119.81652640600127
123,385,282,126.58988901172162
105,358,277,128.87590930814028
177,536,164,131.18688958886096
181,545,140,141.0283659410404
179,546,130,143.56183336806478
180,547,131,144.3606594609487
104,344,292,148.14182393908885
129,384,307,151.46286673637206
121,363,303,151.92103211866353
117,357,303,153.68799562750502
185,515,265,154.1557653803451
120,360,306,155.64703659241314
187,520,263,156.40012787718558
95,319,300,166.86821147240718
79,280,269,167.83622970026465
196,571,200,171.4788616710526
35,260,65,171.72361514946044
192,543,260,172.20046457544765
46,243,216,172.40939649566667
198,574,200,174.38463235044537
45,240,217,175.57049866079439
47,241,221,176.0454486773231
201,573,210,176.16185739256952
98,317,311,177.36967046256808
99,316,313,179.60233851484227
190,585,131,181.86808406094787
189,585,123,183.1829686406463
59,245,248,184.06792224611002
58,244,248,184.93782739072068
34,220,138,185.9731163367437
42,227,214,186.90371852908652
102,315,321,187.0721785835617
202,535,292,187.41664813991312
32,217,128,190.22355269524328
203,535,296,190.31815467789718
124,340,336,190.43634106966033
33,215,135,191.2694434560837
62,239,258,194.31160541768986
38,219,215,194.83326204732086
48,227,237,195.15122341404884
37,215,215,198.65548066942426
30,206,136,200.10497245196083
212,579,257,200.6888138387389
29,206,127,201.2486024796197
89,283,320,203.60009823180343
54,228,258,203.78910667648555
39,207,230,211.02843410308478
213,617,171,212.46176126540982
215,614,201,213.58136622842358
178,417,372,215.3346233191495
44,206,242,216.39316070523117
219,618,198,216.91011963483862
49,209,254,218.68927728629038
110,296,349,220.7826985975124
23,200,75,220.79175709251467
50,208,257,220.92758994747578
51,207,258,222.27235545609355
199,486,364,222.28360263411244
20,199,67,224.80213522117623
27,177,159,228.00877176108818
19,190,79,228.7116088002531
206,486,372,229.7520402520944
208,486,380,237.25513693068902
220,643,99,244.96530366564158
26,160,166,245.16525039246488
12,167,94,246.19707553096563
223,585,327,247.58836806279893
241,640,240,249.22680433693324
9,164,93,249.35316320431951
11,161,101,250.3437636531016
145,322,394,251.11352014576994
132,309,390,252.00198411917316
224,658,144,253.33377192944488
8,158,99,253.71834777958017
5,162,84,253.7282010340987
236,597,324,254.46610776290032
133,307,392,254.61539623518448
127,297,388,255.0
6,157,93,256.12496949731394
156,327,401,256.1640099623677
130,295,394,261.283371074395
74,198,317,261.627597932634
4,149,102,261.8415551435639
245,600,332,262.01145013147806
248,606,327,263.2508309578528
239,668,143,263.3723599772763
238,668,142,263.4274093559742
247,669,168,264.2290672882149
159,321,408,264.6828290615015
252,606,331,265.85146228674387
3,146,94,266.5520587052368
24,138,162,267.0468123756582
136,300,403,267.4714938082187
254,611,328,267.72560579817537
134,297,402,267.7480158656643
143,305,406,268.33002068348594
2,143,96,269.0074348414928
135,296,403,269.0669061776271
211,459,421,269.46613887462746
21,135,161,270.0296280040396
255,615,327,270.1851217221259
80,203,337,270.56237728109943
22,134,162,271.0461215365385
144,302,409,272.237029075767
214,487,417,272.6242835845699
148,305,412,273.9069184960467
18,131,153,274.02919552485645
41,155,270,274.3519637254306
40,154,270,275.26351011349107
264,645,292,275.3633962602873
262,614,337,275.8278448597966
17,129,152,276.04528613979267
157,308,416,276.56825558982723
154,307,416,276.9205662279348
25,129,184,277.31750756127894
141,296,412,277.3193105429191
131,284,407,277.74268667239465
140,294,412,278.11148843584294
158,307,418,278.792037189013
226,539,404,281.0071173475861
258,687,134,282.936388610585
1,138,62,283.3972476930572
257,588,375,284.6278271708513
261,689,134,284.92981591964013
0,136,63,284.95087295883127
142,287,419,287.34648075102643
28,121,209,288.7213189218974
137,281,418,288.95847452532
31,122,216,289.0847626562147
271,683,243,290.99828178186897
10,114,150,291.08418026406036
164,301,429,291.20439557122074
114,239,397,291.81500989496755
152,289,427,293.86391408269236
161,294,430,294.7032405658275
274,688,240,294.92032822442064
13,110,157,295.0
16,109,162,296.04222671774374
7,109,150,296.08275870100914
149,283,429,298.10736320996836
235,524,431,298.72562662081737
14,106,162,299.04180309782777
151,283,431,299.93332592427936
276,695,234,300.048329440442
194,392,458,301.2806001056158
225,509,441,302.4433831314549
93,206,385,302.63013729633735
146,275,431,303.2754523531372
150,279,433,303.4007251144928
231,512,441,303.48805577814755
147,276,432,303.75318928366823
217,457,457,304.473315743761
233,515,441,304.55869713406645
15,100,167,305.16389039334257
218,456,458,305.29002604081256
162,284,438,305.9444394003591
160,282,438,306.7409330363328
163,283,439,307.25884853003015
246,527,439,307.25884853003015
94,202,388,307.52235691084314
281,673,309,308.1038785864274
222,458,461,308.58548248418947
243,521,443,308.62922739105574
269,714,114,311.9775632958242
100,207,399,312.6787488781417
171,307,455,313.7004941022567
72,143,334,316.18507238641104
86,161,365,320.62439083762797
295,723,211,322.5523213371747
272,591,421,322.94271937914937
237,493,468,323.21045775160184
273,589,426,325.909496639788
63,128,330,326.58536403213174
90,177,392,327.42785464892876
284,628,400,329.81509971497667
101,191,408,329.84390247509504
297,737,165,332.0963715550051
298,738,164,333.073565447635
279,598,431,335.1492204973779
278,597,432,335.393798392278
299,741,166,336.12051410171324
283,611,423,336.44018784919257
153,245,455,338.2366035780279
286,611,426,338.8170597830044
234,467,492,340.6890077475351
230,462,493,340.8005281686048
36,87,280,340.9589418097141
250,478,496,346.77081768799405
290,599,447,348.9068643635433
303,632,423,349.6927222576987
292,599,449,350.5709628591621
308,638,422,352.865413436908
240,455,507,353.5533905932738
209,350,509,356.2709642954362
210,348,512,359.54693713060607
263,492,507,360.6508006368487
256,474,511,360.6618915272308
259,475,511,360.85454133209964
165,230,475,362.97245074523215
289,571,480,363.1597444651596
337,720,338,363.2987751149183
266,491,510,363.3249234500711
260,473,514,363.4184915493432
307,616,453,363.5065336414189
288,569,482,364.0343390396021
251,455,518,364.44615514503647
310,621,451,364.81776272544624
268,509,507,365.1246362545261
88,133,402,366.072397211262
338,730,326,366.31407289373965
323,649,431,366.8950803703969
315,622,454,367.8287645087045
339,733,324,368.06657006579667
188,297,512,371.06468438804575
342,735,327,371.2142238654117
280,536,507,373.7124563083227
345,727,350,375.41044204976504
300,578,491,376.14491888100787
346,731,346,376.8248930206177
184,269,509,377.35924528226417
197,308,522,377.6691673938978
205,315,524,377.87431773011514
52,71,336,378.9419480606495
191,298,521,379.40084343606827
349,731,353,380.38401648860065
55,72,341,380.4536765494585
344,700,398,380.9278146840947
53,70,339,381.2466393294504
195,300,524,381.72503192743335
333,651,449,381.81147180251145
186,268,514,382.38462312179865
335,648,455,384.51657961653615
353,781,246,386.38969965567145
69,71,353,387.26218508912024
68,70,353,388.124979871175
207,307,533,388.5614494516923
71,71,357,389.30193937354073
355,738,361,390.5188855868561
70,68,357,391.8788077964921
351,701,414,392.0012755081289
249,414,550,393.10303992719264
204,296,535,393.4018301940142
360,758,331,393.55431645453973
352,701,417,393.97461847179954
66,62,352,394.55544604022384
336,624,490,398.55990766759265
96,111,428,399.8462204398086
301,534,539,403.1935019317648
169,205,508,403.98143521701587
73,59,368,405.2616438796053
365,754,364,405.77087130546965
168,201,508,405.97660031090464
366,755,364,406.63128261362283
369,756,363,406.98525771826183
291,505,552,407.4616546375867
270,452,563,408.71138961374686
75,57,372,409.05867549778236
78,59,386,414.9180642006323
76,56,382,415.24209805847
193,255,546,416.9184572551328
371,720,433,418.80902569070787
314,530,557,419.0763653560052
176,197,521,419.23740291152455
166,168,503,419.38645662443605
167,166,504,421.34309060431974
363,677,479,421.50682082262915
170,185,518,422.75406562208246
172,185,519,423.60830964465276
265,403,582,425.0047058562999
84,53,397,426.03286258221914
267,412,583,426.0575078554537
77,46,388,426.89811430832066
227,344,580,427.375712927162
228,344,581,428.3654981438164
175,183,524,428.92073859863666
361,652,508,429.19692449969864
216,295,574,431.26442004876776
85,47,398,431.5611196574594
221,301,576,431.7140257160983
348,602,543,433.36474245143665
83,44,398,434.05299215648773
183,190,538,437.47685653071983
87,41,402,438.77215043801493
182,180,536,440.75616841968304
173,167,528,440.7777217600726
277,429,599,442.6511041441103
358,612,551,445.06741062450305
372,681,508,446.51651705172117
128,96,482,448.4484362777955
373,680,512,449.0545623863541
138,105,496,452.6820075947353
379,726,482,456.7997373029017
374,680,523,457.80017474876524
330,502,606,459.35824799387245
334,511,604,459.396343041605
326,494,608,459.6977267727131
287,418,617,460.1836589884521
200,203,574,463.3497599006608
321,470,618,465.55987799637546
108,47,455,465.79823958447935
116,50,465,469.9882977266562
242,299,615,470.1063709417263
244,299,616,471.08067249676037
115,47,465,472.25840384264205
232,283,616,474.93683790584197
357,554,608,474.9757888566532
377,656,561,475.6227496661614
253,299,623,477.903756001143
343,507,624,478.0094141332365
341,490,634,484.5141896786925
229,265,622,485.61816275753114
376,622,596,489.70399222387397
398,765,489,489.71828636472213
397,763,492,490.2948092729516
354,511,638,492.5413688209347
391,700,553,493.8025921357643
378,634,596,495.13836450026776
347,485,647,496.4876634922564
340,468,650,497.00905424348156
350,492,647,497.66354095915045
359,516,645,500.46478397585577
382,647,597,502.1593372625864
383,641,604,505.4750241109841
356,499,654,505.811229610415
285,346,660,506.4484179065031
293,353,661,506.67543852055826
375,580,634,508.0885749551942
367,528,650,508.1121923355117
381,631,613,508.93221552580064
387,639,611,510.75630196797374
294,347,665,511.3003031487464
296,350,666,511.9628892800727
384,627,621,514.3734052223151
362,490,666,516.0484473380382
388,638,618,516.5365427537533
302,350,675,520.9117007708696
282,316,671,521.6483489861729
312,361,679,523.8511238892211
316,364,681,525.6015601194501
306,350,680,525.8840176312644
304,347,681,527.2001517450465
275,285,672,528.7958017987662
309,345,685,531.3981558116287
320,361,687,531.8232789188529
317,351,689,534.7335785229875
318,349,691,536.9283006137784
328,368,694,538.2731648521966
329,368,695,539.2708039566021
410,722,614,556.1816250111109
407,702,628,556.8213357981176
393,568,695,562.1503357643754
313,297,710,563.4474243440998
411,704,635,563.8129122324177
364,424,721,564.3199447122173
412,710,632,564.4909210961679
368,424,723,566.3188148031107
305,277,713,570.5436004373373
408,675,660,570.8844016085918
392,541,713,572.3914744298695
406,661,669,572.4334022399462
409,675,665,575.2947070849862
385,505,725,576.735641347056
311,274,719,577.0658541275857
380,485,731,579.5480998157099
331,303,729,581.0232353357308
325,289,727,581.6837628815163
404,587,710,582.179525576089
401,557,719,582.1924080576798
324,285,727,582.494635168428
322,280,726,582.5684509137102
402,559,719,582.7177704515283
319,275,726,583.6617170930435
327,286,731,586.2055953332414
370,382,748,591.4473772027399
414,724,658,593.9377071713834
405,599,719,594.5418404115895
386,472,748,594.7856756849479
389,484,747,595.2654869887889
332,278,740,596.6724394506588
390,470,758,604.5047559779823
413,688,693,606.1229248263095
394,482,760,607.8963727478558
395,465,771,616.9246307289084
396,467,771,617.122354156775
399,477,773,620.1935181860578
400,477,774,621.1867674057457
403,480,782,629.4839156007085
415,705,711,630.012698284725
