412,710,632,29.5296461204668
411,704,635,30.479501308256342
407,702,628,37.20215047547655
410,722,614,44.04543109109048
408,675,660,49.040799340956916
409,675,665,49.49747468305833
413,688,693,50.20956084253277
415,705,711,56.302753041036986
406,661,669,63.953107821277925
388,638,618,94.847245611035
387,639,611,97.12878049270464
382,647,597,98.2344135219425
383,641,604,99.02019995940222
381,631,613,103.31505214633539
384,627,621,103.81714694596457
391,700,553,107.70793842609746
378,634,596,109.288608738514
377,656,561,118.46096403457132
376,622,596,119.36498649101419
405,599,719,139.0898989862312
374,680,523,141.98943622678414
375,580,634,145.98630072715727
404,587,710,146.53668482670133
373,680,512,152.48606493709516
358,612,551,154.8967397978408
372,681,508,156.0416611036937
393,568,695,160.3277892319357
361,652,508,166.38509548634457
348,602,543,167.6573887426379
397,763,492,170.51979357247652
398,765,489,173.90227140552247
402,559,719,175.9147520817967
379,726,482,176.0113632695344
357,554,608,177.2004514666935
401,557,719,177.79201331893398
363,677,479,185.06755523321746
392,541,713,191.0863679072895
336,624,490,195.50959055759898
367,528,650,196.16319736382766
359,516,645,208.40585404445815
354,511,638,213.9369065869655
335,648,455,216.76023620581336
314,530,557,218.7167117528974
343,507,624,219.64744478368056
334,511,604,219.73848092675985
333,651,449,221.38202275704322
300,578,491,221.82200071228283
301,534,539,224.18965185752887
356,499,654,225.03555274667156
371,720,433,225.03555274667156
330,502,606,228.00877176108818
315,622,454,228.07893370497854
385,505,725,229.01964981197574
310,621,451,231.2098613813866
307,616,453,231.70886905770354
350,492,647,232.26062946612367
362,490,666,234.13671220037236
288,569,482,234.5229199886442
289,571,480,234.71898091121648
341,490,634,235.2275494069519
326,494,608,235.3720459187964
323,649,431,239.06902768865731
347,485,647,239.25300416086733
280,536,507,241.13274352522097
352,701,417,242.09502266672067
291,505,552,243.30433617179946
292,599,449,243.52823244954578
351,701,414,245.08161905781512
290,599,447,245.246814454337
380,485,731,249.899979991996
308,638,422,251.18120948828954
303,632,423,252.36679654819886
389,484,747,255.9707014484275
340,468,650,256.12496949731394
321,470,618,257.13031715455105
286,611,426,258.0561954303752
278,597,432,259.2392717163046
279,598,431,259.6247291765559
283,611,423,260.7565914794869
344,700,398,261.1053427258814
394,482,760,262.6175927084855
268,509,507,262.7279962242319
386,472,748,267.5892374517331
273,589,426,268.41944787961995
272,591,421,271.7682836535566
399,477,773,272.45917125323564
400,477,774,272.88275870783775
390,470,758,272.97618943783357
403,480,782,273.70056631289606
284,628,400,275.2816739269071
266,491,510,276.0307953834137
263,492,507,276.81221071332817
396,467,771,280.74543629416314
395,465,771,282.57742301889584
270,452,563,288.11282512238154
259,475,511,289.15393824051574
260,473,514,289.3734611190183
256,474,511,290.01551682625535
250,478,496,294.55050500720586
246,527,439,294.56747953567447
365,754,364,295.526648544594
366,755,364,295.62983611266304
243,521,443,295.6924077483221
369,756,363,296.73051747334654
355,738,361,297.3297832374012
237,493,468,299.1003176193566
277,429,599,300.8421513019743
233,515,441,301.2806001056158
235,524,431,302.5376009688713
251,455,518,303.2507213511618
231,512,441,303.3694117738306
349,731,353,305.08031729365956
225,509,441,305.4734030975528
234,467,492,305.94934221207274
364,424,721,306.54363474063524
368,424,723,306.9609095634166
345,727,350,308.0146100430952
240,455,507,308.4833869108675
287,418,617,308.7345137816632
230,462,493,309.62719518801964
346,731,346,312.07851576165893
257,588,375,313.9824835878588
226,539,404,314.2308068920041
337,720,338,320.0249990235138
267,412,583,320.887830869293
249,414,550,328.27427556846425
360,758,331,328.76283244916846
265,403,582,329.874218453034
222,458,461,331.0060422409235
342,735,327,331.1827290182868
338,730,326,332.05421244128195
339,733,324,334.1212354819729
217,457,457,334.20053859920694
218,456,458,334.40095693642985
214,487,417,338.0088756231114
262,614,337,339.32432862970495
252,606,331,347.6391807607422
255,615,327,348.4852938073571
245,600,332,348.78646762740095
254,611,328,348.81083698761427
248,606,327,351.40432552830083
281,673,309,352.706676999458
370,382,748,353.643888678993
211,459,421,355.51933843322786
236,597,324,357.33037934102384
328,368,694,357.8155949647807
329,368,695,357.9175882797603
223,585,327,359.00139275495854
316,364,681,360.73397400300405
312,361,679,363.60693062701654
320,361,687,364.156559737704
208,486,380,365.96174663480883
293,353,661,371.01212918178294
206,486,372,372.07526120396665
296,350,666,374.08555171243916
317,351,689,374.2859869137502
302,350,675,374.3861642742691
264,645,292,374.4288984573707
306,350,680,374.64650005038084
318,349,691,376.4491997600739
294,347,665,377.064981137204
304,347,681,377.7009398982216
285,346,660,378.0052909682614
199,486,364,378.2591704109763
309,345,685,379.9605242653505
194,392,458,387.5874094962322
228,344,581,387.72283915188694
227,344,580,387.9226727068167
209,350,509,402.5878786054046
210,348,512,403.3509638019971
282,316,671,408.2070553040454
203,535,296,408.36870595088453
202,535,292,411.91868129522845
353,781,246,415.92427195344106
271,683,243,417.02038319487457
274,688,240,419.5473751556551
178,417,372,419.57716811094474
276,695,234,424.9905881310785
241,640,240,426.35665821000146
212,579,257,426.4106002434742
253,299,623,426.4387412044079
331,303,729,426.9449613240564
244,299,616,427.0702518321781
242,299,615,427.16975548369527
313,297,710,430.15462336234395
205,315,524,430.3916820757576
221,301,576,430.8746917608413
207,307,533,435.332057170156
216,295,574,437.1464285568395
192,543,260,437.2241987813575
197,308,522,437.6665397308778
275,285,672,439.2231778947919
325,289,727,440.4384179428493
232,283,616,442.9954853043087
327,286,731,444.04166471177
324,285,727,444.3894688221133
187,520,263,444.5683299561497
195,300,524,444.6706646496933
185,515,265,445.1179618932492
204,296,535,445.3234779348603
295,723,211,447.0011185668331
191,298,521,447.4874299910557
322,280,726,449.17702523615344
305,277,713,450.37095821111734
188,297,512,451.2704289004543
332,278,740,453.4754679141971
311,274,719,454.1156240430404
319,275,726,454.1200281863816
229,265,622,460.40960024743185
171,307,455,463.786588853106
215,614,201,470.0521247691579
219,618,198,472.05508153180597
201,573,210,472.7631542326453
156,327,401,472.92494119045995
159,321,408,474.24571690211394
186,268,514,478.1966122841106
184,269,509,478.7755215129529
145,322,394,480.9365862564419
164,301,429,481.00935541837435
158,307,418,481.1330377348868
157,308,416,481.26915546292804
198,574,200,481.93775531701186
154,307,416,482.1337988567074
193,255,546,482.18772278024665
196,571,200,482.8799022531379
148,305,412,485.8775565921933
161,294,430,486.70730423941654
129,384,307,488.67269209563983
143,305,406,488.9427369334777
144,302,409,489.984693638485
162,284,438,491.9349550499537
299,741,166,492.2936115774813
163,283,439,492.38399649054395
152,289,427,492.5302021196264
247,669,168,493.0770730829005
297,737,165,493.17136980972447
141,296,412,493.65980188789933
160,282,438,493.7246196008459
132,309,390,494.0131577195085
298,738,164,494.1983407499463
133,307,392,494.6160126805439
136,300,403,494.7736856381916
140,294,412,495.39479205982775
151,283,431,495.99395157602476
149,283,429,496.9124671408436
134,297,402,497.86042220686716
142,287,419,498.0863378973569
135,296,403,498.20578077738116
213,617,171,498.61608477866014
150,279,433,498.6481725625794
124,340,336,501.13870335467004
147,276,432,501.77684282955903
146,275,431,503.12026395286443
130,295,394,503.7231382416337
137,281,418,503.83429815763833
127,297,388,505.20193982208735
123,385,282,506.25783944547464
121,363,303,506.3062314449626
120,360,306,506.3595560468865
131,284,407,506.55799273133573
155,470,218,508.05117852436877
117,357,303,510.6016059512543
174,521,187,512.8840024800929
239,668,143,518.0357130546117
224,658,144,518.2200304889806
238,668,142,519.029864266017
153,245,455,520.2403290787826
112,376,266,524.1831740908897
261,689,134,525.1675922979254
258,687,134,525.3046734991037
165,230,475,526.806416058119
104,344,292,527.5945412909425
200,203,574,527.7281497134675
110,296,349,527.8872985780204
105,358,277,528.3152467987271
177,536,164,528.5640926131854
102,315,321,529.9528280894442
109,376,256,531.7029245734877
139,470,190,532.4847415654274
99,316,313,534.3117067779818
98,317,311,534.8439024612695
119,421,214,537.5360453030104
169,205,508,540.2416126142081
95,319,300,540.5450952510807
125,443,196,540.7448566560759
168,201,508,544.0854712267183
269,714,114,544.0919040015207
122,435,197,544.0974177479618
176,197,521,544.5162991132589
190,585,131,545.0229352972221
126,451,184,546.9963436806502
183,190,538,547.3170927350981
181,545,140,548.0556541082301
92,354,251,550.0445436507847
114,239,397,550.7685539316856
189,585,123,552.7621549997792
89,283,320,555.6302727533841
180,547,131,555.9298516899412
113,422,191,556.1411691288463
172,185,519,556.6345300104908
170,185,518,556.8850868895664
179,546,130,557.1965541889145
175,183,524,557.3481856075249
182,180,536,557.5123317021786
107,414,187,563.8625719091488
220,643,99,564.8380298811333
118,438,170,565.6323894544937
111,426,172,570.087712549569
173,167,528,571.9694047761645
166,168,503,577.2010048501302
100,207,399,578.247351917845
167,166,504,578.8609504881116
93,206,385,585.5365061206688
94,202,388,587.6937978233223
101,191,408,588.7180989234151
106,430,147,589.5396509141688
79,280,269,590.3024648432361
103,428,147,590.5395837706394
91,405,157,593.9377071713834
82,350,188,600.6463185602655
81,350,187,601.4291313197258
90,177,392,608.2474825266439
97,425,127,609.3947817302015
80,203,337,611.9493443088243
74,198,317,626.8628239096653
62,239,258,628.6692294044619
59,245,248,630.5085249225422
58,244,248,631.2685640834652
86,161,365,634.6794466500393
54,228,258,637.1938480556761
138,105,496,639.8476381139498
88,133,402,644.0628851284632
65,322,150,647.817875640986
60,316,153,649.221841899978
48,227,237,651.3447627792826
47,241,221,651.3509038912896
128,96,482,652.196289471199
61,321,144,653.1500593278699
46,243,216,653.2419153728579
50,208,257,653.4959831552142
51,207,258,653.6734658833874
67,331,135,654.2002751451577
49,209,254,654.554046660778
96,111,428,654.7281878764653
45,240,217,654.7801157640632
64,328,133,657.6024634990353
56,321,135,660.2560109533271
57,323,131,662.2159768534734
44,206,242,664.3643578639661
72,143,334,665.2345451042061
42,227,214,666.4420454923294
39,207,230,671.1728540398517
38,219,215,671.7693056399645
37,215,215,674.7814460994019
63,128,330,680.2940540677979
41,155,270,688.6980470423886
40,154,270,689.5244738223582
43,293,118,690.9131638635929
116,50,465,701.0884394996112
115,47,465,703.9730108462966
108,47,455,706.780022354905
78,59,386,718.476861144463
71,71,357,719.0340742969
84,53,397,719.9736106275008
69,71,353,720.717697854021
68,70,353,721.6238632417861
70,68,357,721.7596552869937
76,56,382,722.772439983706
34,220,138,724.1657268885348
55,72,341,724.9779306985834
85,47,398,725.2096248671828
73,59,368,725.4825979994282
75,57,372,725.7306662943216
53,70,339,727.6517023961395
83,44,398,728.0109889280518
52,71,336,728.0748587885727
66,62,352,729.3010352385357
87,41,402,729.4004387166216
77,46,388,729.7835295483175
33,215,135,729.8013428324176
32,217,128,733.4500664666955
30,206,136,735.396491696826
27,177,159,740.412047443854
36,87,280,740.7111447791237
29,206,127,741.8119707850501
31,122,216,746.8386706645553
26,160,166,748.4383742166084
28,121,209,751.80449586312
35,260,65,752.9575021208036
25,129,184,760.7239972552463
24,138,162,767.7317239765464
21,135,161,770.668540943511
22,134,162,770.7892059441414
18,131,153,778.8928039210531
17,129,152,781.0640178628125
23,200,75,783.8781793110458
19,190,79,787.652842310621
16,109,162,790.0892354664757
20,199,67,790.5099619865647
11,161,101,791.9709590635252
14,106,162,792.4266527572127
13,110,157,792.4626174148532
12,167,94,792.6821557219514
10,114,150,793.8286968861732
15,100,167,794.0132240712368
9,164,93,795.5029855380808
8,158,99,795.5105279001655
7,109,150,797.6772530290682
4,149,102,799.8506110518389
6,157,93,800.446125607464
5,162,84,803.3181188047485
3,146,94,807.5766217517692
2,143,96,808.3347079026114
1,138,62,835.8301262816506
0,136,63,836.5219662387832
