34,220,138,5.830951894845301
32,217,128,7.280109889280518
30,206,136,9.055385138137417
29,206,127,12.041594578792296
27,177,159,44.94441010848846
19,190,79,61.326992425847855
23,200,75,61.84658438426491
12,167,94,63.12685640834652
26,160,166,63.13477647065839
11,161,101,63.812224534175265
9,164,93,66.06814663663572
8,158,99,67.4166151627327
20,199,67,69.85699678629192
6,157,93,71.61005515987263
5,162,84,73.55270219373317
4,149,102,73.79024325749306
43,293,118,79.83107164506812
42,227,214,79.90619500389191
37,215,215,80.0
38,219,215,80.09993757800315
3,146,94,80.26207074328447
24,138,162,81.59656855530139
2,143,96,81.88406438373708
35,260,65,83.21658488546619
21,135,161,84.11896337925236
22,134,162,85.38149682454625
46,243,216,85.70297544426332
45,240,217,85.72630868059116
18,131,153,85.90692637965812
17,129,152,87.66413177577246
47,241,221,89.8443097808648
39,207,230,95.33624704172071
25,129,184,98.97979591815695
10,114,150,102.1077861869505
60,316,153,102.59142264341595
48,227,237,102.70345661174214
56,321,135,106.0
1,138,62,106.10372283760829
61,321,144,106.38138934982942
0,136,63,106.88779163215975
7,109,150,107.05606008068857
13,110,157,107.28000745712129
44,206,242,107.37783756436893
65,322,150,108.04628637764465
57,323,131,108.07404868885037
16,109,162,109.38464243210744
14,106,162,112.29425630903836
64,328,133,113.01769772916099
67,331,135,116.0
58,244,248,116.66190466471906
59,245,248,116.91449867317569
49,209,254,119.15116449284078
15,100,167,119.36917525056458
28,121,209,119.63277142990545
50,208,257,122.20065466273084
51,207,258,123.25988804148737
31,122,216,123.3288287465668
54,228,258,123.68508398347798
62,239,258,125.31959144523253
81,350,187,144.66858677681205
82,350,188,145.03103116229988
41,155,270,147.73286702694156
40,154,270,148.14182393908885
79,280,269,148.93287078412206
92,354,251,181.04419349981927
74,198,317,182.7922317824256
91,405,157,191.2694434560837
36,87,280,193.4140636044856
95,319,300,195.04102132628407
89,283,320,197.101496696499
109,376,256,201.40009930484146
105,358,277,201.52667317256046
80,203,337,202.35612172603032
104,344,292,203.19940944796076
98,317,311,203.42074623793906
99,316,313,204.65825172711703
107,414,187,205.6817930688081
112,376,266,207.56203891848818
97,425,127,210.15232570685484
102,315,321,211.17765033260503
72,143,334,211.62466774929618
103,428,147,213.3377603707323
63,128,330,213.52751579129094
111,426,172,214.21951358361358
113,422,191,214.44113411377026
106,430,147,215.3346233191495
117,357,303,219.97272558205938
119,421,214,220.62864727863425
121,363,303,223.89283150650448
120,360,306,224.2008028531566
123,385,282,224.7420743875076
118,438,170,225.72992712531496
122,435,197,228.56946427727394
110,296,349,228.81652038259824
125,443,196,236.01906702637396
86,161,365,236.25410049351524
124,340,336,236.6981199756348
126,451,184,241.03319273494262
129,384,307,241.13274352522097
52,71,336,247.25897354797863
93,206,385,250.1619475459847
53,70,339,250.28184113115358
55,72,341,250.76881783826315
94,202,388,253.33377192944488
90,177,392,259.7941492797711
139,470,190,260.86394921491166
69,71,353,261.2661478263114
68,70,353,261.81863951980193
114,239,397,263.09694030908076
100,207,399,264.12118430750684
71,71,357,264.61292485439935
66,62,352,265.51459470243816
127,297,388,265.9567634033773
70,68,357,266.2573942635209
155,470,218,268.1678578800972
130,295,394,271.07379069175977
132,309,390,271.773803005367
133,307,392,272.9706943977686
101,191,408,274.05291459862275
88,133,402,279.30807363912703
134,297,402,279.30807363912703
135,296,403,279.9732130043873
145,322,394,280.2320467041555
73,59,368,280.40149785619906
131,284,407,280.6153951585693
136,300,403,281.1565400270817
75,57,372,284.83855076165514
143,305,406,285.55384781158176
144,302,409,287.4804341168282
140,294,412,288.0451353520833
141,296,412,288.60006930006097
156,327,401,288.61739379323626
137,281,418,290.5942188000305
148,305,412,291.2541845192958
159,321,408,292.85662020859286
142,287,419,292.9846412356798
76,56,382,293.7515957403466
78,59,386,295.52834043455124
154,307,416,295.67718883945037
157,308,416,295.98986469134377
158,307,418,297.578561055732
152,289,427,301.2308085173228
149,283,429,301.7614952242913
146,275,431,302.0198668962027
147,276,432,303.19960422137757
151,283,431,303.7103883636515
77,46,388,304.253184042501
150,279,433,304.7950130825634
161,294,430,305.3948264132842
164,301,429,306.32009401931174
84,53,397,308.0389585750478
160,282,438,310.31919051196303
174,521,187,310.3868553917836
162,284,438,310.75713990188547
96,111,428,310.90995481007036
178,417,372,311.4048811435042
163,283,439,311.5124395590006
85,47,398,312.07851576165893
83,44,398,313.70368184004474
87,41,402,318.69264189811474
153,245,455,321.40317359976393
177,536,164,322.3073067741406
185,515,265,326.9556544854363
181,545,140,330.037876614185
187,520,263,330.77031305726337
179,546,130,331.03776219639957
180,547,131,332.02409551115414
171,307,455,332.9624603465081
165,230,475,340.3307215048327
192,543,260,351.0113958264033
199,486,364,354.79853438254224
202,535,292,356.4393356519451
203,535,296,358.2192066319169
206,486,372,360.0138886209808
108,47,455,361.4194239384486
196,571,200,361.8853409576022
198,574,200,364.83694988309503
208,486,380,365.32998781923175
201,573,210,365.77178677421256
128,96,482,366.8378388334551
194,392,458,368.3177975607478
116,50,465,368.9512162874653
190,585,131,370.0216209899092
189,585,123,370.1945434497921
115,47,465,370.30257898102735
166,168,503,370.98921817217274
167,166,504,372.2391704267567
169,205,508,373.1340241789805
168,201,508,373.2626421167808
211,459,421,375.9414848084739
138,105,496,377.38706920084053
184,269,509,377.878287283088
186,268,514,382.6878623630491
212,579,257,383.9010289124008
170,185,518,384.1731380510615
172,185,519,385.1700922968968
188,297,512,385.8147223733174
176,197,521,386.4194612076364
175,183,524,390.31397617815327
214,487,417,391.8009698813927
191,298,521,394.82274503883383
173,167,528,395.92044655460774
209,350,509,397.6191645280695
197,308,522,398.0175875511031
195,300,524,398.1783519981969
210,348,512,399.7724352678659
205,315,524,401.64785571443053
182,180,536,402.5245334138032
217,457,457,402.8001986096829
218,456,458,403.00124069287926
213,617,171,403.6087214122113
183,190,538,403.77468964758054
215,614,201,404.42180950092194
222,458,461,406.6017707782395
219,618,198,407.89459422747933
204,296,535,408.1188552370498
207,307,533,408.4947980084936
193,255,546,412.9418845309834
223,585,327,416.85009295908765
226,539,404,421.1139988174224
225,509,441,424.34891304208617
236,597,324,426.1983106489278
231,512,441,426.4328786573568
235,524,431,427.8983524156175
233,515,441,428.5277120560583
220,643,99,429.5113502574757
245,600,332,432.4742766916895
237,493,468,433.78911927340914
243,521,443,434.1658669218482
230,462,493,434.94022577820965
248,606,327,435.59729108432253
246,527,439,435.6145084819834
234,467,492,436.98169298038107
252,606,331,437.3751250357066
241,640,240,437.77848279695064
200,203,574,439.16397848639633
254,611,328,440.52809218028307
240,455,507,442.7008018967212
224,658,144,443.0914126904289
257,588,375,443.5414298574599
255,615,327,443.6935879635855
216,295,574,446.22976144582736
250,478,496,446.64303420069143
262,614,337,447.21918563496354
221,301,576,449.3072445443096
251,455,518,451.9834067750718
238,668,142,453.0540806570447
239,668,143,453.07063466969475
247,669,168,455.1977592211983
256,474,511,456.5709145357378
259,475,511,457.1389285545479
264,645,292,457.7652236682031
260,473,514,458.48118827275783
249,414,550,460.24558661653674
227,344,580,463.3206233268707
263,492,507,463.80275980205204
228,344,581,464.281164812875
266,491,510,465.6189429136233
258,687,134,472.0010593208452
272,591,421,472.4108381483219
273,589,426,473.8744559479863
261,689,134,474.00105485114693
268,509,507,474.1518744031284
271,683,243,480.29990630854803
278,597,432,483.872917200374
279,598,431,484.05061718791353
274,688,240,484.5141896786925
265,403,582,484.9257675149878
232,283,616,485.78287330864185
242,299,615,487.29457210192686
244,299,616,488.27963299732255
270,452,563,489.2371613031864
267,412,583,489.4006538614349
229,265,622,489.5600065364817
283,611,423,489.65293831447593
281,673,309,489.9387716847892
276,695,234,490.10305038838516
284,628,400,490.70765227373414
280,536,507,491.350180624776
286,611,426,491.4234426642669
290,599,447,494.77267507411926
253,299,623,495.17673612559787
288,569,482,495.70656642816425
289,571,480,495.7428769029365
292,599,449,496.0362889950694
269,714,114,499.44168828803225
303,632,423,506.78693747964735
291,505,552,507.9261757381677
300,578,491,508.43386983952985
277,429,599,510.9716234782515
308,638,422,511.1731604847813
307,616,453,511.78608812667034
295,723,211,513.6535797597443
310,621,451,514.4822640286058
301,534,539,514.7591669897681
315,622,454,517.117008035899
297,737,165,522.8613582968243
287,418,617,523.0038240777977
298,738,164,523.8033982325811
323,649,431,525.3303722420778
314,530,557,526.6013672599037
299,741,166,526.9127062426944
333,651,449,537.300660710556
335,648,455,538.4134099370111
285,346,660,541.0970338118664
275,285,672,541.5431654078925
336,624,490,541.5773259655541
293,353,661,543.8014343489726
337,720,338,544.273828141681
282,316,671,545.4328556293616
321,470,618,546.1812885846604
294,347,665,546.1904429775387
296,350,666,547.8923251880792
326,494,608,549.1538946415659
338,730,326,549.277707539638
339,733,324,551.4027566126234
330,502,606,551.5523547225594
344,700,398,551.7191314428021
342,735,327,554.3139904422402
334,511,604,554.5962495365435
345,727,350,555.3098234319289
302,350,675,556.6192594583841
346,731,346,557.4737661989127
349,731,353,560.1606912306504
351,701,414,560.3900427380914
306,350,680,561.4712815451918
304,347,681,561.7294722551061
352,701,417,561.8896688852715
348,602,543,562.3459789133376
312,361,679,563.2512760748972
309,345,685,565.1548460377917
316,364,681,565.9655466545645
343,507,624,569.548066452692
355,738,361,569.7411693040973
341,490,634,569.7595984272665
317,351,689,570.4489460065643
320,361,687,570.9816109122955
318,349,691,571.9195747655434
340,468,650,573.7891598836632
361,652,508,574.5415563734272
358,612,551,575.0347815567333
363,677,479,576.0034722117567
353,781,246,576.7815877782508
360,758,331,577.2910877538297
347,485,647,578.8298541022224
328,368,694,579.5601780660918
329,368,695,580.5247626070743
313,297,710,580.8175272837417
305,277,713,581.3157489695252
357,554,608,581.936422644261
350,492,647,582.1279927988346
354,511,638,583.6308764964376
365,754,364,585.6295757558697
371,720,433,586.3693375339471
366,755,364,586.5500831131131
311,274,719,586.9727421269237
369,756,363,587.0817660258238
356,499,654,591.6223457578322
359,516,645,592.2001350894814
319,275,726,594.0378775802095
322,280,726,594.5637055858691
324,285,727,596.1241481436564
325,289,727,596.6070733740927
372,681,508,596.8961383691471
362,490,666,597.9849496433836
373,680,512,598.6267618474803
327,286,731,600.2141284575031
331,303,729,600.4831388140719
367,528,650,602.6557889873787
374,680,523,605.6145638935708
332,278,740,608.2713210402081
377,656,561,613.1533250337961
376,622,596,614.955282927141
379,726,482,617.6811475186854
375,580,634,618.2442882874051
364,424,721,622.1551253505833
378,634,596,622.9622781517353
368,424,723,624.0392615853589
382,647,597,632.5092884693473
383,641,604,633.5905617983905
381,631,613,633.6718393616684
370,382,748,635.3408534007552
384,627,621,637.1342087817919
387,639,611,637.4574495603608
391,700,553,640.2725981954874
388,638,618,642.0420546973539
397,763,492,654.0282868500414
398,765,489,654.0764481312563
380,485,731,654.3057389324963
385,505,725,657.4191965557441
393,568,695,661.9735644268584
392,541,713,663.5962627983977
386,472,748,664.6939145200594
389,484,747,668.5095362072257
390,470,758,673.167141206402
401,557,719,676.771748819349
402,559,719,677.7846265592043
394,482,760,679.6425531115602
395,465,771,683.3710558693571
396,467,771,684.1052550594828
404,587,710,684.8423176177126
399,477,773,689.7013846586071
400,477,774,690.6265271476328
407,702,628,692.9776331166829
406,661,669,695.752829674447
410,722,614,697.4883511572075
408,675,660,698.0150428178464
405,599,719,698.9363347258461
403,480,782,699.1666468017478
411,704,635,699.3718610295956
412,710,632,701.4513525541169
409,675,665,701.78344238091
414,724,658,729.8013428324176
413,688,693,731.5005126450699
415,705,711,756.2248342920245
