289,591,421,5.385164807134504
295,597,430,8.94427190999916
297,598,431,10.295630140987
304,611,426,22.0
310,600,446,22.825424421026653
301,613,422,24.331050121192877
311,600,448,24.596747752497688
317,626,423,37.12142238654117
327,616,453,38.18376618407357
330,621,451,40.607881008493905
333,621,453,41.86884283091664
322,631,422,42.190046219457976
306,629,401,47.16990566028302
326,638,421,49.25444142409901
271,587,375,51.03920062069938
245,539,403,55.036351623268054
302,570,479,56.302753041036986
346,648,430,59.135437767890075
307,569,482,59.464274989274024
361,648,454,65.30696746902278
358,651,447,65.45991139621256
320,578,491,65.92419889539804
360,651,449,66.12866246946176
282,534,474,73.0
362,623,491,73.35529974037323
242,507,418,82.38931969618392
241,496,422,93.08598175880189
277,614,336,93.40770846134703
261,600,332,94.64142856064674
227,497,399,95.88013350011565
298,536,507,96.79876032264049
264,605,330,97.32420048477151
243,585,326,100.07996802557443
269,611,328,100.43903623591775
263,606,327,100.44899203078147
253,596,325,101.24228365658294
230,487,414,102.70345661174214
389,677,479,102.7277956543408
270,615,326,103.32473082471591
387,652,508,103.40696301506973
228,486,414,103.69667304209909
251,490,468,107.54068997360952
378,700,416,111.44954015158609
376,700,413,111.75866856758807
370,699,396,114.0175425099138
284,508,507,114.5512985522207
217,485,372,117.18361660232202
375,602,543,117.72000679578642
210,485,363,121.59358535712317
398,679,510,123.10970717209915
399,681,508,123.23960402403117
382,611,549,124.95199078045935
321,534,539,125.67418191498204
278,492,506,125.73384588089239
280,491,509,128.42507543311004
397,720,433,131.18688958886096
265,478,496,131.2288078129189
400,680,521,131.55227098001768
239,458,460,135.34031180694095
235,457,457,135.5912976558599
236,456,458,136.79546776117988
254,467,492,138.70832707519762
405,712,497,142.0211251891774
274,475,511,142.20056258679148
214,534,294,143.0
279,644,294,143.0
273,474,511,143.0034964607509
249,462,493,143.58969322343438
334,530,557,143.67324037551322
406,714,497,143.75673897247393
299,673,309,144.03124660989366
275,473,514,145.60219778561037
212,534,291,145.7737973711325
408,726,482,148.00337833982033
403,656,561,150.71164520368026
308,504,551,151.16216457830973
367,722,350,153.18289721767243
373,725,352,154.82893786369524
363,719,338,156.98407562552325
256,453,506,157.78466338652817
366,724,344,157.95252451290546
381,737,360,162.04937519163718
268,455,518,162.5423021862309
424,700,553,168.67127793433
225,579,257,169.29559947027565
402,620,596,172.80335644888382
364,730,326,172.86121600868137
204,543,258,174.18381095842403
390,753,363,175.6843760839307
407,634,596,175.85505395068975
365,732,323,176.23280057923384
391,754,364,176.26400653565094
371,735,327,176.40011337864837
197,520,263,177.00282483621552
195,515,265,177.19198627477485
404,625,600,177.68511473953018
394,756,363,178.48809484108457
185,417,374,179.6886195617296
412,647,597,180.56854654119581
432,763,488,184.71599822430107
384,554,608,185.33483212823216
413,641,604,185.44001725625458
433,763,491,185.74444810007108
411,631,613,191.65855055279948
385,756,330,192.62658175859323
257,640,240,192.86523792534516
287,452,563,193.74725804511402
359,510,604,194.74342094150447
419,638,618,198.15398053029367
415,627,621,198.66806487203723
355,501,607,201.25854019146615
423,790,415,201.30076999355964
205,390,457,201.40009930484146
352,494,608,205.30221625691235
288,683,243,205.73040611440985
294,692,245,208.25465180878913
401,577,636,210.34257771549724
429,800,415,211.28653530218153
290,687,238,212.00943375236866
266,415,550,213.66328650472454
431,803,416,214.23351745233518
285,682,233,214.23818520515897
372,507,624,214.30818929756276
213,573,209,217.5890622251036
293,693,234,218.3575050232989
316,717,241,224.96444163467257
344,470,618,225.88713996153035
380,511,638,225.89378034819816
203,567,200,227.06827167175956
208,573,199,227.56317804073663
231,613,199,228.26519664635694
386,517,643,228.63289352147035
368,492,634,229.5059912072014
233,616,198,229.59311836376978
446,722,614,230.28894893155424
258,653,204,231.0411218809327
133,392,305,231.19256043393784
443,702,628,231.4584195919431
393,528,650,232.15727427758966
296,429,599,235.64592082189753
283,413,583,235.8495283014151
130,385,304,237.69728648009425
447,704,635,238.549785160247
162,470,219,238.76766950322232
448,710,632,238.90793205751876
377,492,647,241.3503677229434
281,403,582,242.75913988972692
374,485,647,244.24782496472716
383,499,654,245.12037858978596
340,450,631,247.68124676688785
328,442,626,248.21160327430303
444,675,660,249.30302846134862
124,385,282,249.70382456021773
179,520,185,250.68306683938587
337,443,631,251.67637950352037
219,350,509,253.00197627686626
442,661,669,253.44230112591703
445,675,665,254.0019684963091
369,470,651,254.53094114468678
314,725,210,255.24889813670106
229,617,172,255.53864678361276
220,348,512,255.88473967784793
305,418,617,256.3630238548453
122,362,306,256.76643082770767
348,749,224,257.68973592287296
119,361,302,259.53805116013336
388,490,666,259.61702563583924
121,359,305,259.88651369395836
441,649,679,260.0173071162764
223,603,165,261.37520922994975
118,357,304,262.1221089492453
379,780,245,263.1387466717891
158,327,400,263.28691574022434
125,341,335,264.1685068285014
142,470,189,265.1980392084376
222,602,160,266.3174797117155
112,376,266,266.4000750750645
449,670,681,267.5556016980396
450,724,658,268.41944787961995
161,321,406,268.7452325158532
157,321,404,268.9014689435519
147,322,394,268.9107658685312
182,535,162,269.46613887462746
140,322,389,269.5514793133215
426,568,695,269.8184574857695
234,628,159,269.8332818612263
238,631,159,270.2831848265815
224,614,156,271.15493725912495
262,669,166,272.02941017470886
120,421,212,272.06616842231597
226,617,155,272.44265451650557
109,376,256,272.5233934912744
108,360,277,273.2068813189009
126,443,194,274.11676344215067
170,314,424,275.00727263110696
221,604,150,276.40730815229904
123,435,195,277.62744821072715
127,451,182,280.3212442894758
160,308,416,281.1778796420515
163,307,418,282.11345235560816
159,307,416,282.177249260106
176,307,455,283.4872131155125
439,587,710,284.0070421662111
134,307,392,284.0422503783548
150,305,412,284.3448610402516
143,304,405,285.7726368986366
98,341,284,285.77613616255644
146,302,409,287.5030434621519
168,301,427,288.00173610587836
113,421,192,288.0624932197873
247,345,580,288.5342267392207
246,344,580,289.38037252032143
137,300,403,289.9137802864845
187,546,139,290.20337696174386
244,658,144,290.31879029783795
136,299,401,291.0755915565577
440,598,717,291.1391419922783
425,542,714,291.8098696069069
216,314,524,291.94006234157035
104,316,321,292.4961538208665
144,296,412,293.33428030150174
91,354,250,293.60006811988313
131,297,393,293.8588096348313
135,296,402,293.981291921782
128,297,388,294.462221685567
99,318,310,294.7829710142701
164,294,429,295.01525384291574
107,414,187,296.2195131992489
97,316,311,296.23301639081353
141,293,412,296.33089612796033
209,308,522,296.94612305938597
201,586,129,297.0151511286924
252,666,139,297.1497938750757
117,438,170,297.21541009846715
186,547,131,297.9748311518944
255,667,138,298.3756022197525
184,546,130,299.1070042643602
437,552,723,299.29584026511293
436,550,723,299.5496619927988
313,737,165,300.04166377354994
151,288,425,301.0016611249845
92,316,299,301.09466949781756
315,738,164,301.4050430898594
218,307,533,301.61730719572444
145,287,419,302.08111493438315
111,296,352,302.2002647252315
318,741,164,302.89932320822373
110,427,170,302.95214143491376
156,285,430,304.0263146505578
199,297,512,304.4010512465422
200,583,121,305.05901068481813
207,300,524,305.16389039334257
166,284,438,305.235974288746
132,284,407,305.5912302406599
152,283,429,306.01470552899906
155,283,431,306.04084694693944
202,298,521,306.1143577161973
167,283,439,306.27601930285044
165,282,438,307.23443817384793
414,505,722,307.688153818115
452,705,711,307.7027786679867
138,281,417,308.13146544940844
417,506,724,309.3428518650463
272,687,132,309.90321069650116
153,279,433,310.0790221862808
276,689,132,310.5414626100676
418,505,726,311.53811965793204
148,277,431,312.04006153056696
149,276,432,313.05750270517393
215,295,534,313.2091952673165
410,484,730,321.6224494652076
105,430,145,322.8652969893172
103,428,145,323.85490578343877
88,283,319,324.1681662347492
240,301,576,324.7214190656354
90,405,157,325.909496639788
232,295,574,329.15042154006125
198,272,516,329.52845097199116
194,269,509,330.58886853613205
451,645,752,330.7748478950599
309,353,659,331.6398649137344
196,268,514,332.84380721293286
237,642,97,333.24165405903267
193,266,509,333.4936281250363
85,351,188,336.5828278447966
312,351,664,336.5828278447966
420,483,746,337.0993918712996
303,346,660,337.3499666518436
286,714,112,337.9659746187477
83,350,187,337.9970414071697
392,424,722,338.88198535773483
336,363,680,339.988235090569
329,360,678,340.50697496527147
395,424,724,340.63029812393376
416,471,747,342.0014619851792
319,350,673,343.70045097439134
350,368,690,344.2920272094607
154,245,454,345.1376536977674
351,368,692,345.8279919266224
95,424,122,345.8916015170071
259,299,615,346.15170084805305
342,361,687,346.5616828213991
260,299,616,346.69871646719434
354,368,694,347.3686802231888
79,280,267,347.5082732828098
323,350,679,348.037354317033
427,482,759,349.7684948648177
267,299,622,350.0228563965502
114,239,397,351.1993735757511
324,347,681,351.55227207344285
421,470,757,351.7413822682796
338,351,689,354.7012827718558
206,255,546,354.902803595576
339,349,691,357.5262228144951
248,283,614,359.13785653979727
422,461,763,360.48994438125453
409,438,754,361.08863177895813
169,230,474,362.19469902250086
434,477,772,363.6756796927724
435,477,773,364.6272068839625
430,467,771,365.9357867167408
300,316,671,366.81603018406923
428,463,771,367.2887147735416
438,480,782,372.3130403303113
250,266,624,378.85749299703707
396,382,748,382.7962904731445
68,322,150,384.0117185711915
101,206,398,384.022134778713
93,206,385,385.1882656571978
94,205,387,385.9753878163736
63,316,153,386.08030252785494
61,245,248,387.3241536491108
65,239,258,388.23188946813735
64,321,144,389.03470282225464
60,243,248,389.1015291668744
292,285,672,391.0652119531984
174,204,508,393.6356183070836
177,204,511,394.27148007432646
62,325,132,395.13541982464693
173,201,509,396.7782756149837
81,202,336,397.32732098359406
100,192,405,397.5550276376844
58,320,133,397.75620673975664
59,323,129,398.7041509691114
102,190,407,399.45212479094414
57,227,257,399.50594488693156
192,204,536,400.4060439104285
183,197,524,404.06435131053075
52,241,220,404.40079129497263
51,243,215,405.2616438796053
190,198,537,406.45048898974153
76,197,318,406.60545987480293
50,240,217,406.79478856052225
332,297,710,407.33278777923096
53,227,236,408.8324840322745
335,294,712,410.8783274888078
89,177,392,413.40053217188773
175,185,518,414.34285320251394
178,185,519,414.566038165212
191,190,540,414.96626368898956
211,199,574,417.137866897744
356,302,729,417.3463789228319
55,208,255,417.61465491526997
181,183,524,417.6601489249363
56,207,257,417.71401700206326
54,208,253,418.43757001493066
345,292,721,418.6096033298806
46,228,213,419.15390967996467
189,184,538,420.2011423116315
188,180,536,423.5339419692358
325,277,713,423.9257010373398
49,206,242,424.90587192930155
349,289,727,424.97176376790026
41,219,215,425.9354411175478
48,206,238,426.6532549975448
47,292,119,427.15102715550154
171,168,502,427.8048620574572
40,215,217,428.4355260713098
347,283,727,429.22837744026197
172,166,504,430.1313752796929
353,286,732,430.6332546378647
331,273,719,430.9350299059012
42,206,228,431.1531050566608
343,278,726,432.11225393409063
86,161,365,432.3251091481965
180,167,528,434.15204709870943
341,275,726,434.27640967476003
357,278,740,441.94682938109196
73,143,334,455.38994279628093
87,133,402,456.63114217057074
38,277,89,459.25265377567496
45,155,270,461.18542908465787
44,154,270,462.12660602912706
37,274,87,462.7591166038763
35,220,138,468.08653046205035
67,128,331,470.6867323390367
66,128,329,471.0944703559998
34,215,135,473.8744559479863
33,217,128,476.64242362592944
96,111,428,478.0041840821061
32,206,136,480.40503744236486
30,206,127,485.8909342640589
36,262,66,486.3424719269334
43,124,283,486.4915209949707
139,102,495,491.86380228677126
28,177,157,492.04166490247553
129,96,482,496.17033365569125
27,160,166,501.63831592094317
31,123,214,511.9570294468082
29,121,208,516.2828682030811
26,129,183,520.2393679836234
24,138,161,523.092726005629
71,71,353,523.1185334128394
39,87,278,523.3622072714078
70,70,353,524.1087673374678
25,201,72,525.2237618387044
72,68,357,525.5492365135735
23,135,161,525.6814624846495
22,133,161,527.4097079121696
20,188,78,530.9472666847433
80,59,386,531.5072906367325
21,198,64,532.8461316365166
69,61,352,533.1603886261619
19,131,153,533.1913352634306
74,59,367,533.2738508496361
18,130,152,534.5624378872874
75,57,372,534.7335785229875
77,56,380,534.9813080846844
13,167,94,536.9431999755653
12,161,101,537.4095272694744
10,164,93,539.9203644983212
9,158,99,541.0083178658161
116,49,464,541.335385874598
106,48,454,541.7240995193033
84,47,397,542.7752757817917
115,47,464,543.3304703401053
78,45,387,545.3961862719614
7,157,93,545.4475226820633
5,149,102,546.4210830485954
82,43,397,546.7696041295638
6,162,83,547.7024739765195
11,114,150,549.3641779366397
14,110,157,549.3650880789569
16,107,162,549.563463123232
15,107,160,550.5270202269821
17,100,167,553.3552204506614
4,146,94,553.6000361271665
8,109,150,553.6930557628477
3,143,95,555.4070579313878
2,146,84,559.6543576172708
1,139,62,578.788389655494
0,136,62,581.1239110551209
