177,204,511,3.0
173,201,509,3.1622776601683795
183,197,524,17.46424919657298
175,185,518,21.470910553583888
178,185,519,21.95449840010015
181,183,524,26.40075756488817
192,204,536,28.0
190,198,537,29.614185789921695
191,190,540,34.92849839314596
189,184,538,36.05551275463989
171,168,502,36.49657518178932
188,180,536,36.87817782917155
172,166,504,38.2099463490856
180,167,528,42.05948168962618
169,230,474,42.80186911806539
193,266,509,62.00806399170998
206,255,546,63.60031446463138
196,268,514,64.28063471995279
194,269,509,65.00769185258002
211,199,574,66.18912297349165
154,245,454,67.80117993073571
198,272,516,68.46897107449476
199,297,512,93.08598175880189
215,295,534,94.64142856064674
202,298,521,94.89467845985885
207,300,524,97.32420048477151
102,190,407,101.96568050084302
139,102,495,102.82509421342633
100,192,405,103.69667304209909
149,276,432,104.6900186264192
165,282,438,104.80458005259122
167,283,439,104.89041900955492
209,308,522,104.93807697875924
218,307,533,105.99056561788883
153,279,433,106.06601717798213
148,277,431,106.10372283760829
166,284,438,106.30145812734649
101,206,398,110.01818031580054
155,283,431,110.3177229641729
129,96,482,111.08555261599052
216,314,524,111.15754585272202
152,283,429,111.72287142747452
232,295,574,112.4144118874444
156,285,430,112.44998888394787
176,307,455,115.83609109426992
114,239,397,116.3872845288522
151,288,425,118.0889495253472
240,301,576,118.46096403457132
89,177,392,119.10079764636339
138,281,417,119.20570456148481
164,294,429,119.75391434103521
94,205,387,121.00413216084813
145,287,419,121.69634341261039
96,111,428,122.67436570041843
93,206,385,123.01625908797584
168,301,427,126.37246535539299
87,133,402,127.58134659894448
132,284,407,128.84486796143648
141,293,412,130.9083648969767
250,266,624,131.52946437965906
248,283,614,132.20060514233663
144,296,412,132.9661611087573
163,307,418,136.7808466123821
159,307,416,138.10503249338888
170,314,424,138.40520221436765
160,308,416,138.85243966167826
146,302,409,139.30183056945089
150,305,412,139.34489585198304
135,296,402,140.356688476182
137,300,403,142.2708684165525
136,299,401,143.0873858870865
259,299,615,143.0873858870865
143,304,405,143.55835050598765
260,299,616,143.83671297690307
220,348,512,144.05554484295286
219,350,509,146.00342461736986
131,297,393,147.898613921835
267,299,622,148.39474384222643
86,161,365,149.3251485852266
128,297,388,151.81897114655993
134,307,392,155.12897859523216
161,321,406,155.21919984331836
157,321,404,156.54072952429985
246,344,580,157.42934923323543
247,345,580,158.31929762350515
116,49,464,161.1241757155021
115,47,464,163.04907236779974
158,327,400,163.68567438844488
147,322,394,164.07315441594946
106,48,454,165.08179790637126
140,322,389,167.5857989210303
81,202,336,172.01162751395617
111,296,352,181.10770276274835
292,285,672,182.91254740995763
73,143,334,184.3827540742355
80,59,386,189.49670181826386
76,197,318,190.12890364171355
84,47,397,192.27584351654787
67,128,331,192.62658175859323
205,390,457,192.86523792534516
66,128,329,194.4659353203023
82,43,397,195.5556186868585
77,56,380,195.67319693816015
300,316,671,197.77006851391846
78,45,387,199.80490484470096
75,57,372,200.26232796010336
74,59,367,202.25231766286387
72,68,357,203.21663317750347
71,71,353,204.24005483743878
88,283,319,204.84628383253624
70,70,353,204.89265482198232
303,346,660,208.00961516237658
69,61,352,211.62466774929618
309,353,659,212.13674834879504
281,403,582,212.31344752511555
312,351,664,214.34784813475503
266,415,550,215.13948963405113
325,277,713,217.60974242896387
104,316,321,217.97476918212345
319,350,673,220.32022149589446
125,341,335,220.6762334280699
331,273,719,221.9954954497951
283,413,583,222.0495440211486
332,297,710,222.3803048833237
335,294,712,222.97085011274456
324,347,681,224.4504399639261
323,350,679,224.84883811129646
97,316,311,226.61200321253946
99,318,310,228.47319317591726
341,275,726,229.2705825002414
343,278,726,230.21728866442677
345,292,721,230.46257830719503
329,360,678,230.72927859289987
347,283,727,232.81322986462774
338,351,689,233.173754955398
339,349,691,233.4823333787805
336,363,680,234.23279018958897
349,289,727,234.9170066214875
92,316,299,237.11811402758752
342,361,687,238.0966190436143
353,286,732,238.53720883753127
43,124,283,238.79907872519107
305,418,617,240.160363090998
356,302,729,241.75400720567177
296,429,599,242.7055829600959
45,155,270,242.99176940793694
44,154,270,243.19539469323837
357,278,740,243.51591323771842
350,368,690,244.989795705862
351,368,692,246.47920804806233
354,368,694,247.97580527140144
256,453,506,249.00803199896987
56,207,257,251.01792764661252
268,455,518,251.19912420229494
185,417,374,251.6445906432324
57,227,257,252.05158202241066
65,239,258,252.43811122728675
79,280,267,252.69942619642015
55,208,255,253.03161857759991
287,452,563,254.02558926218438
118,357,304,255.0
54,208,253,255.03137061938085
121,359,305,255.4094751570505
122,362,306,256.45272468819667
236,456,458,256.9124364447934
39,87,278,258.0484450641003
235,457,457,258.08913189051566
249,462,493,258.43567865138124
239,458,460,258.49564793241683
119,361,302,259.0077218926108
98,341,284,262.5737991498771
60,243,248,262.90872941003687
61,245,248,263.2128416320146
254,467,492,263.48624252510797
328,442,626,265.64638149238925
49,206,242,266.00751869073173
337,443,631,268.79360111431225
275,473,514,269.0669061776271
48,206,238,270.0074073057997
273,474,511,270.0166661522951
274,475,511,271.01660465735307
130,385,304,272.72146963523056
53,227,236,272.9706943977686
265,478,496,274.2626478396211
340,450,631,275.0363612324741
133,392,305,276.68212808202844
108,360,277,278.7418160233588
42,206,228,280.0071427660373
280,491,509,287.0017421549911
344,470,618,287.84718167805636
278,492,506,288.00694436072195
251,490,468,288.7836560472216
124,385,282,289.54619665953135
52,241,220,290.36700914532287
40,215,217,291.20782956507196
50,240,217,293.218348675522
41,219,215,293.38370779578065
51,243,215,295.584167370311
46,228,213,295.9746610775997
112,376,266,296.8972886369965
228,486,414,297.2541000558277
230,487,414,298.2029510249689
91,354,250,298.4359227707013
396,382,748,298.80428377116687
369,470,651,302.00165562460086
308,504,551,303.0659994126692
284,508,507,304.00164473239283
241,496,422,304.4010512465422
31,123,214,304.9540949061022
109,376,256,305.1032612083981
352,494,608,306.75723300355935
392,424,722,306.91366864315444
395,424,724,308.3115307606902
29,121,208,311.2699792784392
217,485,372,312.18103722039234
227,497,399,312.61797773000836
355,501,607,313.06548835666956
374,485,647,313.4996012756635
368,492,634,314.3564855383137
242,507,418,316.0838496348714
210,485,363,316.2056292984045
377,492,647,319.7889929312765
359,510,604,320.7054723574264
372,507,624,324.4456811239749
388,490,666,326.7414880299103
383,499,654,329.1519405988669
334,530,557,329.6619480619503
321,534,539,331.45286241032824
282,534,474,331.746891469988
298,536,507,332.00150602068055
380,511,638,333.3901618224509
26,129,183,333.54160160315837
409,438,754,339.5173044190826
386,517,643,340.87241014784405
27,160,166,344.81879299133334
245,539,403,351.0697936308392
28,177,157,352.03692988094303
85,351,188,352.1491161425796
83,350,187,352.64287884487334
24,138,161,353.2208940592275
393,528,650,353.75132508585745
23,135,161,353.79372521287036
22,133,161,354.18921496849674
17,100,167,356.506661929339
410,484,730,357.3289800729854
416,471,747,358.34341071101056
16,107,162,359.339672176619
15,107,160,361.2658301029866
422,461,763,362.0414340928397
19,131,153,362.42792386900874
14,110,157,363.3689584981084
18,130,152,363.6096808392208
384,554,608,364.0054944640259
421,470,757,364.3583400994137
307,569,482,365.92485567394846
420,483,746,366.7219655270188
120,421,212,367.02179771779225
302,570,479,367.14710948065493
428,463,771,369.120576505835
11,114,150,369.139540011633
414,505,722,369.3196447523473
35,220,138,370.3457843691487
8,109,150,370.3903346471125
417,506,724,371.29503093900945
418,505,726,371.6517186829626
430,467,771,371.938166904124
32,206,136,372.0053763052357
63,316,153,372.24857286496075
34,215,135,373.1621631409058
320,578,491,374.3861642742691
427,482,759,374.54639232009697
68,322,150,376.9456194200962
434,477,772,379.7696670351649
33,217,128,380.2223033963158
435,477,773,380.4655043496059
30,206,127,381.0052493076703
64,321,144,382.3414704161713
113,421,192,383.3340579703296
107,414,187,383.5896244686501
438,480,782,388.9113009414872
123,435,195,389.0115679513914
58,320,133,392.531527396208
162,470,219,392.7811095253946
214,534,294,393.31412382471086
291,589,426,393.6356183070836
401,577,636,394.3513661698156
126,443,194,394.6099339854485
195,515,265,394.6770831958704
212,534,291,394.95442775084825
62,325,132,394.989873287911
425,542,714,395.82824558133797
289,591,421,396.65854333418815
59,323,129,397.2429986796495
47,292,119,398.82953752198443
375,602,543,399.5359808577946
197,520,263,399.8512223315067
311,600,448,400.51966243868725
295,597,430,400.66569606094305
310,600,446,400.8241509689754
297,598,431,401.4536087769046
90,405,157,404.47744065645986
110,427,170,404.9357973802761
271,587,375,405.43556824728637
436,550,723,407.35856441223865
127,451,182,409.0048899463184
437,552,723,409.05867549778236
382,611,549,409.05989781448875
426,568,695,409.2248770541693
12,161,101,409.26519519744164
5,149,102,409.708432912968
117,438,170,411.0960958218893
9,158,99,411.5786680575173
304,611,426,415.1782749614917
142,470,189,415.3516582367284
13,167,94,415.6500932274646
327,616,453,415.6549049391815
10,164,93,416.92325432865937
3,143,95,417.4805384685614
7,157,93,417.65296598970775
301,613,422,417.94377612305703
4,146,94,418.04305998305966
362,623,491,419.3447269252351
333,621,453,420.61145966319083
330,621,451,420.87765443178375
204,543,258,421.21372247352053
243,585,326,422.2380844973603
402,620,596,425.20583250938597
38,277,89,425.3116504400038
103,428,145,426.5501142890481
37,274,87,426.7798027086099
6,162,83,427.0702518321781
105,430,145,427.6037885706814
2,146,84,427.948595043844
20,188,78,430.2975714549177
317,626,423,430.4753186885399
404,625,600,430.9350299059012
253,596,325,432.6118352518803
439,587,710,433.0046189130088
261,600,332,433.3497432790286
322,631,422,435.5743334954437
25,201,72,436.0103209787585
415,627,621,437.8333016114695
306,629,401,438.2624784304493
264,605,330,438.7311249501225
407,634,596,438.91229192174603
411,631,613,439.7203656871035
263,606,327,440.8684611082993
326,638,421,442.6341604530766
21,198,64,444.0405386898813
95,424,122,444.292696316291
277,614,336,444.6166888455718
269,611,328,445.02696547512716
36,262,66,445.78918784555555
440,598,717,446.0011210748242
361,648,454,447.2717294889092
413,641,604,447.4203839790941
419,638,618,447.7231287302455
387,652,508,448.0
270,615,326,449.4941601400401
1,139,62,450.71165948974516
346,648,430,450.7992901502841
360,651,449,450.87692333939646
358,651,447,451.1429928525988
0,136,62,451.1540756770352
225,579,257,451.2493767308715
412,647,597,451.8517455980446
179,520,185,451.8683436577517
403,656,561,455.09669302248284
389,677,479,473.88817246266024
213,573,209,474.9336795806337
398,679,510,475.00421050765436
203,567,200,476.05987018441283
400,680,521,476.1774879181081
441,649,679,476.7242389474234
399,681,508,477.0
182,535,162,478.8287794191155
208,573,199,481.2920111533122
442,661,669,484.5307007816945
279,644,294,489.28110529633165
444,675,660,494.91918532220996
445,675,665,496.47759264643554
449,670,681,497.0764528721915
424,700,553,498.03714720892054
187,546,139,503.1152949374527
451,645,752,504.0009920625157
378,700,416,504.4601074416093
376,700,413,505.01584133569514
370,699,396,507.51256142089727
405,712,497,508.11908053132584
299,673,309,509.47227598761447
186,547,131,509.6842159612165
184,546,130,509.75288130622664
406,714,497,510.1186136576473
257,640,240,511.7812032499826
443,702,628,512.2538433237959
231,613,199,512.6031603492121
233,616,198,515.6006206357786
447,704,635,515.8769233063251
448,710,632,520.9721681625613
397,720,433,521.4220938932297
408,726,482,522.6471084776036
223,603,165,526.1653732430518
222,602,160,528.6851615091916
446,722,614,528.7343378295002
229,617,172,532.4143123545797
221,604,150,536.8090908321133
201,586,129,538.1124417814552
224,614,156,540.3739445976277
452,705,711,540.5645197383935
450,724,658,541.2023651093923
367,722,350,541.5607075850315
200,583,121,541.6733332923081
258,653,204,542.2333446035941
363,719,338,542.3329235810786
226,617,155,543.3028621312426
373,725,352,543.8538406594183
366,724,344,545.2485671691398
288,683,243,547.4175737040235
234,628,159,549.1602680456772
285,682,233,551.4607873638886
238,631,159,551.4798273735857
381,737,360,553.1663402630352
290,687,238,553.3434738026644
294,692,245,554.3581874564495
364,730,326,556.5968020030299
433,763,491,559.2584375760458
432,763,488,559.3576673292322
365,732,323,559.4720725827161
293,693,234,560.5327822705823
371,735,327,561.0008912648892
390,753,363,567.8256774750504
391,754,364,568.5384771499639
394,756,363,570.7267297052066
262,669,166,577.2252593225629
316,717,241,578.3234389163213
385,756,330,579.9896550801575
244,658,144,581.9037721135686
252,666,139,591.2740481367333
255,667,138,592.6795086722672
423,790,415,593.3338014979427
314,725,210,600.204131941792
237,642,97,600.6371616874867
429,800,415,603.212234623934
431,803,416,606.0239269203815
272,687,132,612.0988482263302
276,689,132,613.6782544623852
348,749,224,614.5575644315185
379,780,245,633.2021794024402
313,737,165,633.8280523927606
315,738,164,635.2102014294165
318,741,164,637.7342706801949
286,714,112,645.6903282534129
