179,546,130,1.4142135623730951
181,545,140,9.219544457292887
177,536,164,34.785054261852174
190,585,131,38.0
189,585,123,38.8329756778952
174,521,187,61.741396161732524
196,571,200,73.05477397131553
198,574,200,74.09453421137081
213,617,171,80.62257748298549
201,573,210,83.16850365372699
215,614,201,96.89685237405806
139,470,190,97.0051545022222
219,618,198,97.62171889492625
220,643,99,101.19288512538814
126,451,184,109.65856099730654
224,658,144,111.75866856758807
118,438,170,115.76700738984316
155,470,218,116.18089343777659
106,430,147,118.0889495253472
103,428,147,120.07081243999309
238,668,142,121.49897118905987
239,668,143,121.59358535712317
97,425,127,122.06555615733703
125,443,196,122.64175471673585
247,669,168,127.4872542648872
111,426,172,127.75758294520134
192,543,260,129.0620006043607
122,435,197,130.0
212,579,257,130.0
187,520,263,134.73306943731373
185,515,265,137.7679207943562
113,422,191,138.6542462386205
258,687,134,140.03213916812098
261,689,134,142.03168660548954
241,640,240,143.28293687665675
107,414,187,144.30869689661813
91,405,157,144.3606594609487
119,421,214,150.88074761214565
202,535,292,161.4465855941215
203,535,296,165.43578814754684
269,714,114,167.86303941010956
271,683,243,176.1817243643619
274,688,240,178.21896644296868
276,695,234,180.31361568112376
264,645,292,188.48076824970764
297,737,165,193.0181338631166
295,723,211,193.32873557751316
298,738,164,193.82982226685345
299,741,166,197.1319355152787
236,597,324,199.37151250868314
223,585,327,199.64969321288726
248,606,327,204.68756679388224
81,350,187,204.80478510034868
82,350,188,205.08047201037937
254,611,328,207.13522153414664
255,615,327,207.46083967823904
245,600,332,207.87015177749788
252,606,331,208.5209821576716
109,376,256,211.81595785020542
67,331,135,216.03703386225243
262,614,337,216.6217902243447
112,376,266,217.86693186438367
281,673,309,218.08255317654368
64,328,133,219.0091322296858
123,385,282,221.46105752479374
57,323,131,224.0
65,322,150,225.80079716422614
56,321,135,226.03539545832197
61,321,144,226.37358503146962
92,354,251,227.26416347501865
60,316,153,232.04525420701884
105,358,277,238.8242031285774
129,384,307,239.88538930080756
199,486,364,240.85265205099984
257,588,375,247.42069436488129
206,486,372,248.60008045050992
121,363,303,251.87298386289865
43,293,118,254.33245958783948
120,360,306,256.11325619733157
117,357,303,256.2888994864975
208,486,380,256.3630238548453
104,344,292,259.09457732650446
353,781,246,260.731662825979
338,730,326,267.4210163767986
339,733,324,268.03917624108607
337,720,338,269.77397947170516
342,735,327,271.5879231482873
226,539,404,273.11719096387907
178,417,372,273.82658746002005
284,628,400,280.93059641128445
346,731,346,282.98586537139977
345,727,350,283.4801580357962
95,319,300,283.8045101826255
349,731,353,288.3400769924292
360,758,331,290.7249559291393
124,340,336,291.3314263858261
98,317,311,292.0616373302047
214,487,417,292.2259399848001
272,591,421,293.318939040765
99,316,313,294.0833215264001
35,260,65,294.49108645254444
273,589,426,297.9748311518944
283,611,423,298.9314302645341
355,738,361,298.96655331324274
102,315,321,299.8733065812961
79,280,269,300.5544875725531
235,524,431,300.8803749000589
286,611,426,301.86255150316344
211,459,421,303.05775027212223
303,632,423,304.1200420886463
279,598,431,304.30412419157255
308,638,422,304.89670381950674
278,597,432,305.1245647272602
344,700,398,307.73040148805575
246,527,439,308.6486675817668
233,515,441,311.64723647098174
365,754,364,311.66969695496545
231,512,441,311.96954979612997
369,756,363,312.2579062249665
225,509,441,312.3203483604615
366,755,364,312.3347563112373
243,521,443,313.0814590485997
46,243,216,315.6596268134397
323,649,431,316.86590223626143
45,240,217,318.8181299738144
47,241,221,318.9608126400483
290,599,447,320.24990241996954
351,701,414,322.18783341398847
292,599,449,322.2235249015813
59,245,248,323.87188825212974
89,283,320,324.6798423062325
58,244,248,324.8045566182839
352,701,417,324.8261073251348
34,220,138,327.0749149659753
310,621,451,328.4448203275552
307,616,453,329.3098844553561
32,217,128,330.01363608190496
42,227,214,330.58886853613205
315,622,454,331.59312417479345
33,215,135,332.02409551115414
110,296,349,332.4530041975858
62,239,258,333.1561195595843
333,651,449,334.5743564590687
48,227,237,337.0993918712996
217,457,457,338.19520990102745
38,219,215,338.58529206095176
335,648,455,339.37737107827326
218,456,458,339.42598604113977
29,206,127,341.023459603588
30,206,136,341.03665492143216
237,493,468,341.29898915760066
222,458,461,341.79087173299405
37,215,215,342.4616766880639
54,228,258,343.35113222472415
145,322,394,346.1126984090587
371,720,433,348.04166417255277
156,327,401,348.28149534536
289,571,480,349.82424158425613
23,200,75,351.4896869041822
288,569,482,351.6887828748594
132,309,390,351.7456467392312
20,199,67,353.83612025908263
39,207,230,354.1200361459374
133,307,392,354.5715724645731
159,321,408,357.49825174397705
127,297,388,358.53730628764424
44,206,242,358.61121008691293
49,209,254,359.6845840455218
19,190,79,360.7672379803909
300,578,491,361.33225707096784
50,208,257,361.65867886724357
194,392,458,361.8756692567214
51,207,258,362.9448993993441
130,295,394,364.2430507230028
143,305,406,366.31816771762766
336,624,490,367.16481312892716
136,300,403,367.41393550054687
134,297,402,368.70177650778953
234,467,492,369.7580289865252
135,296,403,370.11484704075303
144,302,409,370.55229050702144
148,305,412,370.84363281577316
27,177,159,371.05794695707567
250,478,496,371.46466857562643
363,677,479,371.48889620014216
230,462,493,371.84539798147296
157,308,416,371.94892122440683
154,307,416,372.5922704512266
158,307,418,374.1243108914469
280,536,507,376.16086984161444
141,296,412,376.7784494898826
268,509,507,377.91533443352097
140,294,412,378.1137395017536
263,492,507,380.00131578719567
131,284,407,381.24139334547607
12,167,94,381.7970665157081
266,491,510,383.11486528194126
9,164,93,384.88050093503045
164,301,429,386.4194612076364
259,475,511,386.76090805561
256,474,511,386.9483169623561
240,455,507,387.09172039711723
11,161,101,387.1640479176753
5,162,84,387.85822151915255
142,287,419,388.0
26,160,166,388.5794642026261
260,473,514,390.0833244321013
8,158,99,390.31397617815327
137,281,418,391.3118960624632
361,652,508,391.348949148966
161,294,430,391.6758864163072
6,157,93,391.84690888151715
152,289,427,392.65761166695853
379,726,482,394.0076141396255
74,198,317,395.47060573448437
251,455,518,397.7851178714458
149,283,429,398.1205847478877
4,149,102,399.0551340353861
151,283,431,399.6198193283211
372,681,508,400.10623589241897
80,203,337,400.9638387685353
3,146,94,402.7033647736259
171,307,455,403.2071427938746
373,680,512,403.54677547962143
150,279,433,403.7672596930068
162,284,438,404.2499226963439
146,275,431,404.9493795525559
147,276,432,405.0209871105447
2,143,96,405.51325502380314
160,282,438,405.55394215813016
163,283,439,405.65995612088705
114,239,397,406.96437190496175
301,534,539,408.2070553040454
24,138,162,410.173134176289
21,135,161,413.09078905247935
374,680,523,413.94806437523056
22,134,162,414.16180412973864
1,138,62,414.77945947213925
348,602,543,415.6549049391815
41,155,270,415.9146547069483
18,131,153,416.58132459341
0,136,63,416.58732577936166
40,154,270,416.8572897287512
17,129,152,418.5271795236242
398,765,489,419.1515239146817
397,763,492,420.68634396661844
25,129,184,421.34665063341845
291,505,552,423.08982497810086
358,612,551,425.0
93,206,385,425.2023047914957
209,350,509,426.25461874330466
314,530,557,426.33906694085636
210,348,512,429.83950493178264
94,202,388,430.20227800419656
100,207,399,432.92493575676605
28,121,209,433.0819783828461
10,114,150,433.4166586553867
31,122,216,433.4166586553867
13,110,157,437.7727721090018
7,109,150,438.41190677261494
16,109,162,439.09566155907305
249,414,550,439.6020928066653
14,106,162,442.08822648878584
270,452,563,442.3222806958745
153,245,455,442.9221150495875
377,656,561,443.60004508566044
15,100,167,448.44732132102206
391,700,553,448.8797166279626
101,191,408,451.07094785632114
86,161,365,451.38896752136066
72,143,334,452.133829745132
90,177,392,452.79244693347084
188,297,512,455.69836514958007
205,315,524,456.3693679466228
197,308,522,458.2597516692907
191,298,521,462.71049264091687
63,128,330,463.85558097321626
195,300,524,464.1745361391553
165,230,475,467.78734484806233
207,307,533,468.1922681975857
184,269,509,469.22063040748753
376,622,596,471.00955404322747
267,412,583,471.7297955397772
378,634,596,473.06870536952664
265,403,582,473.43109319097323
186,268,514,473.84596653342953
334,511,604,474.3680006071236
204,296,535,475.6227496661614
382,647,597,476.60885430298083
357,554,608,477.0513599184054
330,502,606,477.12681752339176
326,494,608,479.9354123212831
383,641,604,482.24993519958093
277,429,599,482.64686883890585
36,87,280,483.5297302131483
387,639,611,488.73714816862446
381,631,613,489.2647545041437
227,344,580,492.75754687269887
321,470,618,493.0496932358847
228,344,581,493.66891739302366
343,507,624,494.62005620476003
88,133,402,494.8100645702349
388,638,618,495.429106936603
384,627,621,496.4876634922564
287,418,617,502.8289967772344
375,580,634,504.0813426422367
341,490,634,506.21932005801597
193,255,546,507.43373951679644
354,511,638,508.2764995551142
221,301,576,508.46927144125436
169,205,508,509.0117876827608
216,295,574,509.65969038172915
168,201,508,511.707924503813
410,722,614,513.7256076934457
359,516,645,514.9339763503667
52,71,336,518.2673055480154
350,492,647,518.922922985678
367,528,650,519.3476677525374
55,72,341,519.3505559831433
347,485,647,519.7114584074513
53,70,339,520.3777474104749
407,702,628,520.6092584655021
176,197,521,524.0229002629561
340,468,650,524.978094781106
356,499,654,525.1980578791205
69,71,353,525.2237618387044
68,70,353,526.1302120198003
412,710,632,526.8491245128913
71,71,357,526.9269399072323
96,111,428,527.5462065070699
411,704,635,527.8872985780204
70,68,357,529.6385559983337
170,185,518,529.9179181722392
172,185,519,530.6486596609851
166,168,503,531.0602602341847
66,62,352,532.9784235782909
167,166,504,533.1885220069914
175,183,524,535.6724745588483
362,490,666,538.0278803184831
183,190,538,541.3852602352598
73,59,368,542.5062211624859
242,299,615,543.8382112356578
408,675,660,544.2655601817921
244,299,616,544.7283726776126
75,57,372,546.0595205652952
182,180,536,546.5473447012619
409,675,665,549.1265792146652
173,167,528,549.5534550887656
406,661,669,549.945451840453
78,59,386,550.6078459302955
253,299,623,550.9700536326816
76,56,382,551.4363063854247
232,283,616,552.1965229879667
414,724,658,555.9298516899412
200,203,574,560.8787747811465
84,53,397,561.0632762888692
77,46,388,563.0719314616916
293,353,661,564.3899361257251
393,568,695,564.3908220373538
285,346,660,565.8992843254001
229,265,622,566.2199219384638
85,47,398,566.8236057187456
83,44,398,569.4716849853029
296,350,666,570.1175317423592
294,347,665,570.224517185994
128,96,482,571.4910323005953
138,105,496,573.2268311933767
87,41,402,574.0008710794784
302,350,675,578.5715167548434
312,361,679,578.7054518492115
413,688,693,579.4178112554015
316,364,681,579.6455813684772
404,587,710,580.38004789965
392,541,713,582.0309270133332
306,350,680,583.2752352020442
304,347,681,585.2349955359813
320,361,687,586.2866193253944
282,316,671,587.3338062805511
401,557,719,588.085027865869
402,559,719,588.1224362324566
309,345,685,589.677878167394
405,599,719,590.2948415834243
328,368,694,590.7706830911635
317,351,689,591.4220151465449
329,368,695,591.7237531145763
318,349,691,593.9730633623043
385,505,725,595.4829972383762
108,47,455,595.7986236976383
116,50,465,598.8029726045121
275,285,672,601.1031525453847
415,705,711,601.1355920256261
115,47,465,601.295268566118
364,424,721,602.6848264225672
380,485,731,603.1948275640301
368,424,723,604.6428698000168
389,484,747,619.2132104533946
386,472,748,621.5416317512448
313,297,710,630.6671071175347
390,470,758,631.710376675894
394,482,760,632.3495868584085
370,382,748,638.6814542477338
305,277,713,641.5793014117585
396,467,771,644.9806198638839
395,465,771,645.2317413147
399,477,773,645.8049241063434
331,303,729,645.8637627239974
400,477,774,646.7990414340454
311,274,719,648.2846596981915
325,289,727,649.4459176867616
324,285,727,651.0453133231204
322,280,726,652.1610230610229
319,275,726,654.2239677663912
327,286,731,654.3095597651007
403,480,782,654.4386907877621
332,278,740,665.7642225292675
