147,276,432,3.1622776601683795
146,275,431,4.47213595499958
151,283,431,4.47213595499958
149,283,429,5.656854249492381
160,282,438,5.830951894845301
162,284,438,7.0710678118654755
163,283,439,7.211102550927978
152,289,427,11.661903789690601
137,281,418,15.132745950421556
161,294,430,15.297058540778355
142,287,419,16.1245154965971
164,301,429,22.360679774997898
140,294,412,25.80697580112788
131,284,407,26.476404589747453
141,296,412,27.018512172212592
158,307,418,31.76476034853718
154,307,416,32.7566787083184
144,302,409,33.24154027718932
148,305,412,33.421549934136806
157,308,416,33.61547262794322
135,296,403,34.48187929913333
171,307,455,35.608987629529715
134,297,402,35.84689665786984
136,300,403,36.61966684720111
143,305,406,37.48332962798263
153,245,455,40.496913462633174
130,295,394,42.15447781671598
127,297,388,48.46648326421054
159,321,408,48.877397639399746
133,307,392,49.64876634922564
132,309,390,52.43090691567332
114,239,397,53.81449618829484
156,327,401,57.688820407423826
145,322,394,58.05170109479997
165,230,475,64.53681120105021
184,269,509,76.6550715869472
100,207,399,79.62411694957753
188,297,512,81.02468759581859
186,268,514,81.74350127074322
110,296,349,85.70297544426332
93,206,385,87.36704184073076
94,202,388,89.1852005660132
191,298,521,90.02777349240623
101,191,408,91.48223871331527
195,300,524,93.39164844888434
197,308,522,93.60555539069249
205,315,524,97.86214794290998
204,296,535,103.40696301506973
207,307,533,103.84603988597736
209,350,509,104.00480758118829
210,348,512,104.89041900955492
169,205,508,105.3612832116238
168,201,508,108.2081327812286
90,177,392,109.9317970379817
89,283,320,113.07077429645558
124,340,336,114.58621208504974
193,255,546,115.52056094046635
194,392,458,115.73245007343446
102,315,321,117.64352935882194
176,197,521,120.28299963003916
80,203,337,122.44182292011173
99,316,313,125.57467897629681
170,185,518,126.73200069437868
172,185,519,127.40486646906389
98,317,311,127.7810627597063
166,168,503,131.2288078129189
175,183,524,132.27622613304328
167,166,504,133.4541119636259
86,161,365,136.19104228986575
183,190,538,137.64446955835166
95,319,300,138.88484438555562
74,198,317,141.4814475470194
216,295,574,141.90489773083945
182,180,536,142.86357128393507
221,301,576,144.68241081762497
173,167,528,146.8638825579659
88,133,402,149.25481566770299
120,360,306,150.63200191194434
178,417,372,150.88074761214565
117,357,303,151.6047492659778
121,363,303,154.77725931156684
104,344,292,155.2610704587599
200,203,574,160.17802595861892
227,344,580,160.72958657322553
228,344,581,161.64467204334326
79,280,269,164.00304875214974
129,384,307,164.01524319403975
96,111,428,168.07438829280326
72,143,334,168.21712160181556
105,358,277,174.86280336309378
249,414,550,178.64489917151286
218,456,458,178.7568180517879
62,239,258,179.51323071016242
217,457,457,179.61069010501575
211,459,421,180.3995565404749
222,458,461,181.1767093199344
54,228,258,182.28000438885226
63,128,330,182.7840255602223
232,283,616,183.04371062672436
242,299,615,183.09560344257315
244,299,616,184.08965207202712
123,385,282,184.4911922016875
138,105,496,185.05404615949362
59,245,248,188.09837851507388
58,244,248,188.2817038376273
51,207,258,189.2326610286924
128,96,482,189.44656238633627
229,265,622,189.51780918953236
50,208,257,189.7814532561072
240,455,507,190.9240686765291
253,299,623,191.049731745428
49,209,254,192.20041623263984
230,462,493,192.5850461484484
112,376,266,193.12690128513947
265,403,582,193.84787850270635
251,455,518,195.45076106272904
92,354,251,196.84765683136794
234,467,492,197.0406049523803
267,412,583,200.47194317410106
109,376,256,201.83656754909404
48,227,237,202.78066969018522
44,206,242,204.47493733951845
41,155,270,204.80478510034868
40,154,270,205.41178155110774
214,487,417,208.61447696648477
250,478,496,208.73428084528905
256,474,511,210.02142747824567
260,473,514,210.23082552280482
259,475,511,210.95023109728987
208,486,380,213.67732682715777
47,241,221,215.37873618349607
39,207,230,215.3903433304288
206,486,372,215.8008341040414
270,452,563,216.40009242142204
237,493,468,216.8432613663611
199,486,364,218.19715855161817
45,240,217,219.49259668608414
46,243,216,219.9659064491586
71,71,357,221.44976857066254
69,71,353,222.8542124349459
277,429,599,223.7319825147938
68,70,353,223.78784596130328
70,68,357,224.26992665089986
78,59,386,224.96444163467257
42,227,214,225.08887133752305
263,492,507,225.48835890129672
266,491,510,225.55043781824057
38,219,215,226.10616975217638
55,72,341,226.52372944131042
37,215,215,227.2003521124032
76,56,382,228.7575135378071
84,53,397,228.84929538890873
53,70,339,229.16587878652442
73,59,368,229.40139493908924
52,71,336,229.5059912072014
225,509,441,230.13908837917995
75,57,372,230.2281477143922
287,418,617,230.6013876801265
116,50,465,231.22499864850255
66,62,352,231.62469643800938
108,47,455,233.0407689654323
231,512,441,233.13729860320507
115,47,465,234.19649869287116
85,47,398,234.62523308459387
233,515,441,236.13555429032706
285,346,660,236.68122020980033
77,46,388,237.30571000294114
83,44,398,237.59208741033444
275,285,672,239.07530194480566
293,353,661,239.70815588961506
87,41,402,240.01041644062033
282,316,671,240.85887984460942
268,509,507,241.6112580158466
294,347,665,241.76021178018522
243,521,443,242.20652344641752
296,350,666,243.57750306627253
235,524,431,245.0081631293129
36,87,280,245.50560075077718
246,527,439,248.07257002740147
302,350,675,252.20031720836514
82,350,188,255.08037948850554
291,505,552,255.41534801182172
81,350,187,256.04101233982027
306,350,680,257.00194551792794
304,347,681,257.1536505671269
312,361,679,259.3067681338071
309,345,685,260.4995201531089
119,421,214,261.00766272276377
226,539,404,261.6123085789352
316,364,681,262.16216355530787
321,470,618,265.9059984280159
317,351,689,265.9323222175146
320,361,687,266.9082239272518
318,349,691,267.3275144836386
280,536,507,267.44158240632663
31,122,216,267.83950418114205
28,121,209,274.11676344215067
328,368,694,275.7571395267945
301,534,539,276.1539425755135
329,368,695,276.70381276737044
326,494,608,277.2183255125822
313,297,710,277.58422145359776
314,530,557,279.95892555873263
305,277,713,280.0071427660373
107,414,187,280.60826787534256
113,422,191,281.092511461974
330,502,606,282.23748865095865
60,316,153,282.4340631014609
122,435,197,282.8992753613908
311,274,719,286.04370295463593
65,322,150,286.2481440987871
155,470,218,287.5865087238968
340,468,650,287.76726707532254
125,443,196,288.20999288713085
334,511,604,288.20999288713085
185,515,265,289.6894889359985
203,535,296,290.3532331488665
25,129,184,290.69055712217414
341,490,634,291.41379514360676
61,321,144,292.0359566902678
202,535,292,292.2618688778952
26,160,166,292.31831964486935
27,177,159,292.3696290656743
322,280,726,293.00170647967224
319,275,726,293.027302482209
324,285,727,294.0612181162283
288,569,482,294.11052344314373
325,289,727,294.17001886664116
187,520,263,294.9254142999548
289,571,480,295.758347304011
331,303,729,296.97137909232936
347,485,647,297.03871801500895
343,507,624,297.4306641891518
327,286,731,298.08220342717544
111,426,172,299.5496619927988
34,220,138,300.8421513019743
56,321,135,300.945177731759
350,492,647,301.93542355940946
67,331,135,302.50289254815397
126,451,184,302.63013729633735
91,405,157,303.4007251144928
64,328,133,303.97532794620025
300,578,491,304.5734722525913
33,215,135,304.7950130825634
57,323,131,305.1884663613617
24,138,162,305.486497246605
30,206,136,305.83982736066275
332,278,740,307.001628660175
118,438,170,307.3271872125862
22,134,162,307.3532169995948
21,135,161,307.7661449867415
139,470,190,309.0792778560219
354,511,638,309.594896598765
273,589,426,310.0790221862808
32,217,128,311.23785116852355
356,499,654,311.8348922106056
272,591,421,312.23068395018447
362,490,666,314.3405796266209
257,588,375,314.39624679693617
29,206,127,314.58703088334715
43,293,118,315.3109576275458
192,543,260,315.6342820417326
18,131,153,316.7080674690811
359,516,645,317.98270393214784
278,597,432,318.0015723231569
17,129,152,318.5294334908471
279,598,431,319.00626953086675
16,109,162,319.90779921721196
290,599,447,320.30610359467084
292,599,449,320.3997503120126
15,100,167,320.61971243203374
14,106,162,321.51205265121865
364,424,721,322.4422428901027
103,428,147,322.48565859585136
106,430,147,323.4145945995635
13,110,157,323.6309626719916
223,585,327,323.83946640272245
368,424,723,324.2298567374695
357,554,608,325.96012026013244
10,114,150,327.5881560740559
7,109,150,330.13482094441355
367,528,650,330.2877533303347
370,382,748,331.41213013406735
286,611,426,332.0737869811467
283,611,423,332.150568266863
236,597,324,336.1621632486321
245,600,332,336.51448705813544
307,616,453,337.5929501633587
97,425,127,339.0457196308486
348,602,543,341.21693979050923
310,621,451,342.47335662792807
252,606,331,342.53904886888444
315,622,454,343.64225584174017
248,606,327,343.7513636336589
174,521,187,345.0797009387831
212,579,257,347.81604333325396
254,611,328,348.20827101032506
262,614,337,348.4838590236282
336,624,490,349.67699381000176
284,628,400,350.5567001213926
255,615,327,352.32371478513903
11,161,101,352.3464204444257
303,632,423,353.1416146533852
358,612,551,353.28883367579
8,158,99,355.24217092006404
4,149,102,355.613554297358
12,167,94,357.0224082603219
9,164,93,358.92199709686224
308,638,422,359.1684841407999
6,157,93,361.22569122364484
375,580,634,361.9419843013518
380,485,731,362.27061708065696
2,143,96,363.40748478808194
3,146,94,364.156559737704
19,190,79,365.0164379860173
23,200,75,366.61287484211465
5,162,84,368.0896629898753
35,260,65,368.4901626909462
201,573,210,369.00542001439493
385,505,725,369.2424677633926
386,472,748,369.42387578498494
335,648,455,369.655244788979
323,649,431,370.00540536592166
177,536,164,372.03494459526246
333,651,449,372.34392703520757
196,571,200,373.5679322425842
20,199,67,374.641161646715
389,484,747,374.9946666287402
198,574,200,375.91754415030965
390,470,758,376.96949478704505
376,622,596,379.760450810771
361,652,508,380.4655043496059
392,541,713,383.46316641888825
394,482,760,384.8869964028403
395,465,771,385.7978745405423
396,467,771,386.76607917447984
393,568,695,390.0833244321013
378,634,596,390.6328199217265
264,645,292,392.22060119274715
399,477,773,393.45139471096047
400,477,774,394.31586323656825
381,631,613,395.3530068179576
384,627,621,395.53508061864756
181,545,140,395.73349618145795
0,136,63,396.6724089220222
1,138,62,396.8904130865345
377,656,561,398.1369111248039
401,557,719,398.84834210511644
402,559,719,400.2449250146715
383,641,604,400.3560914985558
363,677,479,400.64947273146385
387,639,611,401.6017928246835
403,480,782,402.7430942921306
382,647,597,402.88956303185614
180,547,131,403.7672596930068
179,546,130,403.8539339909914
388,638,618,403.8638384406309
215,614,201,407.49110419737997
373,680,512,408.7077195258245
372,681,508,408.93642537685486
241,640,240,409.35314827175813
374,680,523,410.97566837952826
219,618,198,412.4875755704649
281,673,309,413.05205483086513
404,587,710,414.23785437837523
352,701,417,422.30320860727545
351,701,414,422.4275085739564
344,700,398,422.45236417849526
213,617,171,427.65406580552934
405,599,719,429.18061466007526
190,585,131,429.93022689734204
189,585,123,435.5869603190619
391,700,553,437.7682035050056
371,720,433,441.0
271,683,243,446.4482052825389
406,661,669,449.02115763068446
379,726,482,449.67766233158613
337,720,338,451.1163929630578
274,688,240,452.24993090104505
345,727,350,455.623748283603
408,675,660,456.4482446017292
409,675,665,458.9553355175207
349,731,353,459.0250537824706
346,731,346,460.29664348113596
276,695,234,461.14748183200567
338,730,326,463.51914739307153
355,738,361,464.61274196905106
407,702,628,465.78321137627967
339,733,324,466.9014885390707
342,735,327,468.15809295578777
411,704,635,470.5624294394953
247,669,168,471.51352048483193
412,710,632,474.72307717236583
224,658,144,476.615148731133
410,722,614,478.5498929056405
365,754,364,479.98541644512494
366,755,364,480.9750513280289
369,756,363,482.1089088577393
413,688,693,484.6452310711414
239,668,143,485.20201978145144
238,668,142,485.8003705227076
397,763,492,487.5828134789002
398,765,489,489.21569884867756
360,758,331,489.73972679373276
220,643,99,494.01619406655084
295,723,211,496.4070910049533
414,724,658,498.6481725625794
258,687,134,505.83099944546694
261,689,134,507.4455635829325
415,705,711,508.68457810316994
297,737,165,530.6486596609851
298,738,164,532.0169170242616
299,741,166,533.6037855937681
353,781,246,535.6986092944427
269,714,114,539.43118189441
