271,683,243,5.830951894845301
276,695,234,9.219544457292887
295,723,211,45.45327270945405
241,640,240,48.0
264,645,292,67.47592163134935
281,673,309,70.61161377563892
247,669,168,74.46475676452586
219,618,198,81.6333265278342
215,614,201,83.64807230295268
297,737,165,89.58794561770016
298,738,164,90.97252332435328
299,741,166,91.02197536858887
353,781,246,93.1933474020544
339,733,324,95.29428104561154
338,730,326,95.70788891204319
342,735,327,98.88377015466189
213,617,171,99.00505037623081
239,668,143,99.04039579888602
238,668,142,100.0199980003999
224,658,144,100.57832768544127
337,720,338,103.09219175087898
258,687,134,106.00471687618433
261,689,134,106.00471687618433
212,579,257,110.3177229641729
255,615,327,113.56936206565572
346,731,346,114.38968484964018
360,758,331,114.80853626799707
345,727,350,116.70903992407786
254,611,328,116.93160394008115
201,573,210,118.84864324004712
248,606,327,119.55333537798099
198,574,200,120.81390648431164
349,731,353,120.90492132250036
262,614,337,122.00409829181969
252,606,331,122.494897852931
196,571,200,123.64869590901475
236,597,324,123.84264209067892
245,600,332,127.31064370271639
269,714,114,128.65457628860312
355,738,361,130.92364186807515
223,585,327,134.82581355215328
365,754,364,140.470637501223
369,756,363,140.54536634126364
366,755,364,140.9432509913121
192,543,260,146.37281168304446
220,643,99,148.00675660252813
190,585,131,149.96666296213968
189,585,123,155.87815754620658
344,700,398,158.45504094221806
202,535,292,161.5951731952412
203,535,296,162.92636373527768
257,588,375,168.00297616411441
187,520,263,169.5670958647343
177,536,164,169.941166289984
284,628,400,170.88007490635061
351,701,414,174.4849563716024
181,545,140,174.49641830135081
185,515,265,174.79702514631077
174,521,187,175.20844728494114
352,701,417,177.47675904185314
180,547,131,178.21896644296868
179,546,130,179.62182495454164
308,638,422,188.74321179846442
303,632,423,191.3765920900464
323,649,431,194.94101672044292
371,720,433,195.63486396856774
283,611,423,198.53966858036205
286,611,426,201.30822139197394
272,591,421,205.35335400231475
273,589,426,210.70595625183452
279,598,431,211.14213222377006
333,651,449,212.24985276791125
278,597,432,212.47352776287215
335,648,455,218.68927728629038
155,470,218,219.10727965998757
310,621,451,221.38202275704322
226,539,404,221.5784285529618
139,470,190,223.6604569431083
315,622,454,223.94642216387382
307,616,453,224.8399430706208
290,599,447,225.32199182503248
292,599,449,227.1607360438859
199,486,364,237.0232056149777
363,677,479,239.25300416086733
206,486,372,241.3047865252573
126,451,184,243.52617929085162
379,726,482,244.96530366564158
208,486,380,245.77225229874912
125,443,196,248.9196657558418
235,524,431,251.7478897627545
246,527,439,255.9726547895302
122,435,197,256.62813563598206
336,624,490,258.0620080523284
118,438,170,259.61509971494337
398,765,489,260.6338427756457
243,521,443,262.86498435508673
397,763,492,262.9239433752658
233,515,441,265.1980392084376
289,571,480,267.0
231,512,441,267.16474318292825
214,487,417,267.8245694479877
372,681,508,268.09140232390894
119,421,214,268.26293072282647
225,509,441,269.15051551130273
288,569,482,269.675731203236
361,652,508,270.4071004984891
113,422,191,270.4755072090632
111,426,172,270.6806236138819
373,680,512,272.1176216271192
300,578,491,274.0456166407337
106,430,147,274.2498860528478
103,428,147,276.1322147088239
107,414,187,279.0788419067271
374,680,523,283.1130516242584
97,425,127,286.2481440987871
211,459,421,291.8938163099726
91,405,157,294.92032822442064
237,493,468,300.01499962501873
178,417,372,301.43821920917725
123,385,282,305.8970415025291
280,536,507,307.23443817384793
129,384,307,311.2956793789467
109,376,256,312.40998703626616
112,376,266,313.0814590485997
391,700,553,313.22994748267604
348,602,543,314.96825236839345
217,457,457,316.9384798348096
218,456,458,318.35200643313055
222,458,461,318.9686504971923
358,612,551,320.1515266245032
268,509,507,321.4498405661449
377,656,561,322.59107241211746
121,363,303,331.0498451895122
250,478,496,331.11327366929885
263,492,507,331.2174512310606
105,358,277,332.067764168701
92,354,251,334.18108863309425
266,491,510,334.22896343674347
120,360,306,334.5743564590687
234,467,492,335.17905662496275
301,534,539,336.3287082602376
117,357,303,336.94213153002994
230,462,493,339.2418016695466
82,350,188,341.9766073871135
81,350,187,342.1300922163965
259,475,511,344.68826495835333
256,474,511,345.3071096864355
104,344,292,347.90803382503253
260,473,514,348.28293096274473
314,530,557,354.1934499676695
240,455,507,354.36986327846785
382,647,597,359.3466293149276
378,634,596,360.0722149791622
124,340,336,360.99861495579177
291,505,552,361.7084461275407
376,622,596,362.0662922725616
251,455,518,362.72992708074145
383,641,604,367.02179771779225
194,392,458,367.6139279189514
67,331,135,372.12094808005634
95,319,300,373.84622507121827
387,639,611,374.22185932946246
410,722,614,375.54227458436685
64,328,133,375.5649078388448
65,322,150,376.90317058894584
381,631,613,377.33009421460144
98,317,311,377.7327097300418
99,316,313,379.0949749073443
61,321,144,379.3481250777444
57,323,131,380.9278146840947
388,638,618,381.29253861044805
102,315,321,381.69359439215117
56,321,135,381.72503192743335
60,316,153,382.0379562294825
384,627,621,385.85230334935153
407,702,628,388.25249516261965
357,554,608,391.637587573001
412,710,632,392.6168615839111
156,327,401,395.27458810300465
411,704,635,395.32391781929914
145,322,394,397.0793371607241
270,452,563,400.03124877939223
159,321,408,403.62482579742294
334,511,604,404.7530111067736
110,296,349,406.8722158122867
132,309,390,407.6039744654117
375,580,634,408.53396431630995
79,280,269,409.02933880102046
133,307,392,410.20117015922807
330,502,606,410.55084946934403
89,283,320,412.82562904936026
43,293,118,413.411417355641
249,414,550,413.73421420037283
326,494,608,416.0048076645269
143,305,406,417.42664026149555
127,297,388,418.07296013973445
157,308,416,418.7791780879274
414,724,658,419.5473751556551
154,307,416,419.68678797407955
148,305,412,419.84878230143767
408,675,660,420.2011423116315
158,307,418,420.52942822114125
136,300,403,420.8479535414186
144,302,409,421.37512978342704
130,295,394,422.09596065349876
134,297,402,423.2316150761897
343,507,624,424.51972863460657
135,296,403,424.5385730413669
409,675,665,425.19877704433725
141,296,412,428.0747598258977
406,661,669,429.8488106299702
140,294,412,429.9069666800016
164,301,429,430.6855001041944
209,350,509,431.97800869951703
210,348,512,435.4124481454337
354,511,638,435.5835166761938
321,470,618,436.35765147410905
131,284,407,437.1555787131167
161,294,430,437.4197069177382
171,307,455,437.47685653071983
142,287,419,439.13779158710537
359,516,645,440.01022715386966
367,528,650,440.1136216933077
267,412,583,440.25560757360034
152,289,427,440.6472512112154
341,490,634,440.95351228899403
277,429,599,442.67595371784086
59,245,248,443.0722288747062
58,244,248,444.07206622349037
137,281,418,444.2217914510723
265,403,582,445.1842315266793
46,243,216,445.64672106950366
149,283,429,446.9295246456649
47,241,221,447.4036209062238
151,283,431,447.7789633290068
45,240,217,448.5900132637819
62,239,258,449.36065693382636
162,284,438,449.91110233022704
163,283,439,451.2493767308715
160,282,438,451.7078701993137
350,492,647,451.7355421040058
150,279,433,452.24993090104505
413,688,693,453.0
147,276,432,454.5415272557613
347,485,647,454.81644649242844
146,275,431,455.02747169813824
356,499,654,455.10108767173915
54,228,258,460.35203920478074
48,227,237,461.00976128494284
42,227,214,461.732606602566
35,260,65,462.3948529125297
287,418,617,463.7121952245811
340,468,650,465.29560496527364
205,315,524,468.81232918941026
38,219,215,469.6658386555275
362,490,666,469.7658991455212
393,568,695,470.5581791872287
415,705,711,471.30669420240577
197,308,522,473.2060861823313
37,215,215,473.66021576653446
114,239,397,475.6574397610112
188,297,512,476.3034746881446
34,220,138,478.98642987040876
49,209,254,479.20454922715413
50,208,257,480.30094732365455
207,307,533,480.63499664506327
191,298,521,480.68804853043724
404,587,710,480.72965375562177
195,300,524,480.83261120685233
39,207,230,481.10393887391945
51,207,258,481.3366805054441
44,206,242,482.0041493597332
227,344,580,483.66930851564274
32,217,128,484.1332461213545
228,344,581,484.3727903175404
33,215,135,484.5141896786925
405,599,719,487.19811165479695
204,296,535,490.6006522621021
153,245,455,492.41649038187177
30,206,136,493.0922834520938
80,203,337,494.6048928185001
29,206,127,495.0686821038067
392,541,713,495.31606071275337
74,198,317,496.0131046655925
402,559,719,496.0665277964237
401,557,719,496.59037445363356
184,269,509,497.9176638762678
186,268,514,501.473827831523
93,206,385,503.33785869930347
100,207,399,506.5984603213871
94,202,388,508.0354318352215
221,301,576,512.5085365142711
165,230,475,514.7708227939886
23,200,75,515.139786854015
216,295,574,515.7567255984162
27,177,159,517.3799377633424
385,505,725,518.376311187153
20,199,67,518.700298823897
19,190,79,523.3784481615573
101,191,408,524.6265338314486
193,255,546,530.2122216622322
380,485,731,531.3097025276312
90,177,392,533.127564472144
26,160,166,533.1603886261619
41,155,270,533.8436100582267
40,154,270,534.8420327535972
293,353,661,538.0204457081534
242,299,615,540.3202753922899
244,299,616,541.0147872285933
12,167,94,541.0702357365446
86,161,365,541.621639154124
285,346,660,541.6308706120802
296,350,666,543.8014343489726
9,164,93,544.2288121737033
294,347,665,544.8908147509921
11,161,101,545.0229352972221
253,299,623,545.9029217727269
389,484,747,546.5025160051873
316,364,681,547.2266440881693
312,361,679,547.4029594366475
8,158,99,548.4350462908073
5,162,84,548.6456051040599
364,424,721,548.6866136511807
368,424,723,550.4407325044177
302,350,675,550.8802047632498
6,157,93,550.9718686103674
386,472,748,552.0144925633747
169,205,508,552.3703467783187
232,283,616,552.63097994955
72,143,334,553.0470142763633
320,361,687,553.8393268810007
306,350,680,554.8369129753355
328,368,694,555.4421662063477
24,138,162,555.5033753272792
168,201,508,555.8713880026565
329,368,695,556.2598313737924
4,149,102,556.3856576152912
304,347,681,557.4603124887009
21,135,161,558.6143571373725
394,482,760,559.3174411727208
22,134,162,559.4640292279746
3,146,94,561.3198731561176
317,351,689,561.4000356252216
25,129,184,561.7980064044372
309,345,685,561.8487340913033
390,470,758,562.0035587075939
2,143,96,563.7029359511976
18,131,153,563.7534922286513
318,349,691,564.2003190357127
176,197,521,565.7225468372284
17,129,152,565.8842637854493
31,122,216,566.5086054068375
63,128,330,567.1860364994893
28,121,209,567.8468103282786
282,316,671,569.3373340999166
229,265,622,569.9587704387046
399,477,773,573.2451482568343
400,477,774,574.175060412763
170,185,518,574.7112318373463
396,467,771,575.1538924496643
172,185,519,575.1956188984752
395,465,771,575.9253423838892
1,138,62,578.0864987179687
88,133,402,578.1600124532999
175,183,524,579.3798408643504
0,136,63,579.6835343530123
183,190,538,580.3516175561157
403,480,782,580.5411268807749
10,114,150,581.0129086345672
166,168,503,582.7254928351771
13,110,157,583.9289340322159
16,109,162,584.2302628245134
167,166,504,584.9615371971049
7,109,150,585.9530697931363
14,106,162,587.2035422236484
182,180,536,587.9455757125825
200,203,574,588.8811425067031
275,285,672,590.7901488684455
15,100,167,592.5141348524945
370,382,748,593.0430001273095
173,167,528,595.3024441407913
36,87,280,602.329643965827
96,111,428,606.8550073946824
313,297,710,611.3763161915908
331,303,729,622.371271830569
55,72,341,624.2251196483525
52,71,336,624.423734334306
53,70,339,625.8793813507519
305,277,713,626.6179059043876
69,71,353,627.2623055787745
71,71,357,627.9952229117671
68,70,353,628.245970938135
325,289,727,629.5792245619291
70,68,357,630.9429451226157
324,285,727,632.1218237017292
311,274,719,633.1168928404927
322,280,726,634.5549621585194
327,286,731,634.5746606980143
66,62,352,635.9402487655582
138,105,496,636.7299270491375
319,275,726,637.7813104818923
128,96,482,639.5529688774809
73,59,368,641.8917354196111
75,57,372,644.6588244955622
78,59,386,645.7220764384628
332,278,740,646.6065264130884
76,56,382,647.756126949024
84,53,397,654.1207839535448
77,46,388,658.8383716815529
85,47,398,660.1855799697537
83,44,398,663.0987860040161
87,41,402,666.9730129473006
108,47,455,676.0961470086928
116,50,465,676.5123797832528
115,47,465,679.342329021238
