16,109,162,5.0990195135927845
14,106,162,6.4031242374328485
7,109,150,7.0710678118654755
10,114,150,8.06225774829855
15,100,167,14.142135623730951
17,129,152,19.6468827043885
18,131,153,21.37755832643195
22,134,162,24.515301344262525
21,135,161,25.317977802344327
24,138,162,28.442925306655784
25,129,184,33.015148038438355
26,160,166,50.80354318352215
28,121,209,53.150729063673246
31,122,216,60.207972893961475
27,177,159,67.02984409947557
4,149,102,67.42403132415029
2,143,96,69.35416353759881
3,146,94,72.56031973468694
8,158,99,75.28612089887484
11,161,101,75.7429864739964
6,157,93,79.40403012442127
9,164,93,83.73768566183328
12,167,94,84.95881355103778
5,162,84,89.62700485902673
0,136,63,97.52948272189288
30,206,136,98.2700361249552
1,138,62,99.04039579888602
29,206,127,100.57832768544127
33,215,135,107.28000745712129
32,217,128,110.86027241532469
34,220,138,111.6288493177279
19,190,79,111.73182178770737
37,215,215,119.95415791042844
40,154,270,121.26417442921878
39,207,230,121.40016474453401
41,155,270,121.63058825805291
23,200,75,121.75385004179539
38,219,215,123.47064428438041
36,87,280,125.13193037750197
20,199,67,126.57408897558773
44,206,242,128.22246293064254
42,227,214,130.14607178090316
49,209,254,138.6001443000692
50,208,257,140.0142849854971
51,207,258,140.03570973148243
48,227,237,141.73566946961517
45,240,217,143.17821063276352
46,243,216,145.49914089093448
47,241,221,145.79780519610026
54,228,258,155.32224567009067
58,244,248,161.9783936208777
59,245,248,162.8066337714775
62,239,258,163.835283135227
63,128,330,173.93389548906217
35,260,65,175.96590578859303
72,143,334,180.0499930574839
74,198,317,182.60339536821323
52,71,336,183.19934497699495
53,70,339,186.34376834227646
43,293,118,187.1095935541521
55,72,341,187.88294228055935
69,71,353,199.84243793548956
68,70,353,200.0399960007998
66,62,352,200.82081565415473
80,203,337,202.60552805883654
79,280,269,203.57799488156869
71,71,357,203.7670238286853
70,68,357,204.3624231604235
60,316,153,206.03883129157958
61,321,144,211.4000946073582
65,322,150,212.11553455605272
56,321,135,212.14381914163798
86,161,365,214.1611542740653
57,323,131,214.5809870421888
73,59,368,217.07602354935472
64,328,133,219.31712199461307
75,57,372,221.43622106602163
67,331,135,222.0923231451281
76,56,382,231.38928237928394
78,59,386,234.61031520374377
89,283,320,237.6930794112441
77,46,388,239.70189819857498
81,350,187,241.8677324489565
82,350,188,241.99380157351138
90,177,392,244.36448187083164
88,133,402,246.07722365143832
84,53,397,246.67590072806058
93,206,385,247.38633753705963
94,202,388,248.64633518312712
85,47,398,249.09837414162303
83,44,398,249.8739682319869
95,319,300,253.23901753086943
87,41,402,254.53094114468678
98,317,311,258.00193797721755
99,316,313,258.40278636268613
100,207,399,260.71632093139084
92,354,251,261.48040079516477
102,315,321,262.5280937347468
101,191,408,263.74609001841145
110,296,349,267.3200329193456
104,344,292,270.14995835646545
96,111,428,271.0018450121696
114,239,397,272.472016911829
105,358,277,275.506805723561
109,376,256,283.82565070831777
117,357,303,286.9233347080715
112,376,266,287.4665197896966
120,360,306,291.03436223236594
124,340,336,291.44639301250584
121,363,303,292.1044333795706
91,405,157,295.0
127,297,388,297.2036338943385
130,295,394,300.6559495503124
123,385,282,302.0761493398643
108,47,455,304.58660508958695
131,284,407,304.591529757477
107,414,187,305.4766766874355
132,309,390,306.41475160311717
133,307,392,306.64963720832935
134,297,402,308.21096670949265
135,296,403,308.40233462151355
136,300,403,310.8311438707518
137,281,418,312.0288448204749
129,384,307,312.37157361066005
116,50,465,313.789738519283
113,422,191,313.8470965295043
115,47,465,314.37716202039866
140,294,412,314.45349417680194
141,296,412,315.62794553081005
119,421,214,316.1803282938393
142,287,419,316.18507238641104
143,305,406,316.2688729546428
111,426,172,316.3558123379433
97,425,127,316.4253466459348
144,302,409,316.80909077865806
145,322,394,317.98270393214784
103,428,147,318.1571938523471
146,275,431,319.845275094068
106,430,147,320.1562118716424
148,305,412,321.01401838549043
147,276,432,321.21799451462863
149,283,429,322.3553939365681
150,279,433,323.6309626719916
152,289,427,323.94598315151245
151,283,431,324.04474999604605
128,96,482,325.3013987058771
154,307,416,325.40743691563046
157,308,416,326.01380338875225
156,327,401,326.5348373451139
158,307,418,327.00152904841286
153,245,455,327.15286946624815
122,435,197,327.4522866006588
159,321,408,327.9054741842533
118,438,170,328.25752085824325
161,294,430,329.21877224727024
160,282,438,329.46168214224855
162,284,438,330.5102116425452
163,283,439,330.83681778181824
164,301,429,332.3627536292236
125,443,196,335.2760057027642
138,105,496,339.0368711512068
165,230,475,339.8882169184451
126,451,184,342.06724485106724
166,168,503,350.8275929855005
167,166,504,351.4896869041822
171,307,455,357.2296180329957
139,470,190,361.5093359790311
168,201,508,362.60446770551516
169,205,508,363.6289317422364
155,470,218,365.13148316736533
170,185,518,368.7085569931894
172,185,519,369.68770604389863
175,183,524,374.18979141606735
176,197,521,374.25258850140233
178,417,372,374.79861259081525
173,167,528,375.3531670307312
182,180,536,385.4101711164354
184,269,509,386.24474106452243
183,190,538,389.30836107127215
186,268,514,390.40107581818984
188,297,512,401.24057621332366
191,298,521,409.6828041302197
174,521,187,412.0934360069328
194,392,458,412.4621194728069
195,300,524,413.26625799839985
193,255,546,415.1457575358322
197,308,522,415.2457103932562
185,515,265,419.15271679902065
205,315,524,420.37364332222353
204,296,535,421.283752357007
187,520,263,423.4808142053191
207,307,533,424.4820373113567
209,350,509,426.03286258221914
177,536,164,426.0575078554537
200,203,574,427.244660586882
210,348,512,427.39794103388004
199,486,364,429.2143986401202
206,486,372,433.1293109453573
181,545,140,435.332057170156
179,546,130,436.83520920365385
208,486,380,437.1555787131167
211,459,421,437.6037019953099
180,547,131,437.7727721090018
192,543,260,445.08201491410546
202,535,292,445.92600283006595
203,535,296,447.15321758878133
216,295,574,456.195133687329
214,487,417,457.961788799022
218,456,458,458.6033144232606
217,457,457,458.70360800848295
221,301,576,460.48018415562683
222,458,461,462.0822437618654
196,571,200,463.0010799123475
198,574,200,465.98819727542457
201,573,210,466.02360455238744
190,585,131,475.7110467500203
189,585,123,476.2152874488596
212,579,257,479.54249029674105
227,344,580,483.40976407184826
228,344,581,484.2850400332432
230,462,493,486.6210024238576
234,467,492,489.5651131361384
225,509,441,489.75197804603096
229,265,622,490.1530373260988
232,283,616,490.52013210468743
240,455,507,491.4519305079592
231,512,441,492.1991466875984
237,493,468,493.3659899101275
233,515,441,494.65240320855617
226,539,404,495.025251881154
242,299,615,495.46442859200295
244,299,616,496.38896039295633
235,524,431,496.4594646091461
249,414,550,496.85510966477943
251,455,518,499.3455717236311
250,478,496,500.3448810570565
243,521,443,500.71648664688485
253,299,623,502.8687701577818
246,527,439,503.401430272104
223,585,327,504.5047076093542
215,614,201,505.9169892383532
213,617,171,507.1932570529699
256,474,511,507.7519079235449
259,475,511,508.46927144125436
260,473,514,509.13455981695057
219,618,198,509.65184194702954
236,597,324,514.8378385472458
265,403,582,516.2111970889434
263,492,507,518.0965161048663
266,491,510,519.3938775149356
245,600,332,520.3124061561477
267,412,583,522.1877057151002
248,606,327,524.3243271106157
257,588,375,525.364635277252
252,606,331,525.6348542476992
254,611,328,529.378881331698
268,509,507,530.7551224434861
270,452,563,530.8483775994799
255,615,327,532.8461316365166
262,614,337,535.1784749034662
220,643,99,536.1464352208266
241,640,240,536.4596909367935
275,285,672,543.9209501388966
277,429,599,545.0917353987309
224,658,144,548.1541753922887
272,591,421,548.6866136511807
273,589,426,549.3650880789569
280,536,507,551.3401853665304
264,645,292,551.7698795693726
287,418,617,553.5919074553024
282,316,671,553.7436229881117
285,346,660,555.612274882404
239,668,143,558.1755996100152
238,668,142,558.2015764936534
291,505,552,558.6143571373725
247,669,168,559.1082185051478
278,597,432,559.2798941496109
293,353,661,559.5221175253039
279,598,431,559.6606114423276
294,347,665,560.5648936563902
288,569,482,562.4108818292904
296,350,666,562.7441692279006
289,571,480,562.8943062422998
283,611,423,567.23628233744
290,599,447,568.5252852776207
286,611,426,568.6492767954603
292,599,449,569.548066452692
301,534,539,570.701322935211
302,350,675,570.8975389682461
284,628,400,572.1651859384665
300,578,491,574.9608682336564
304,347,681,575.1043383595711
306,350,680,575.438093977102
258,687,134,577.4582235971707
309,345,685,577.93511746562
312,361,679,579.2106697912254
271,683,243,579.4178112554015
261,689,134,579.4566420363132
314,530,557,580.0
305,277,713,580.538543078752
316,364,681,582.3160653803053
281,673,309,583.1577831084826
313,297,710,583.7619377794342
274,688,240,583.9289340322159
317,351,689,584.041950548075
321,470,618,584.9111043568929
318,349,691,585.0444427562747
311,274,719,585.4400054659743
303,632,423,585.8668790774915
307,616,453,586.2183893396726
320,361,687,586.4307290720703
310,621,451,589.5396509141688
276,695,234,590.0457609372344
308,638,422,590.7698367384713
315,622,454,591.9062425756296
326,494,608,592.3318326748952
319,275,726,592.4407143335103
322,280,726,593.852675332864
328,368,694,595.7625365865161
330,502,606,596.0411059650165
324,285,727,596.2591718372138
329,368,695,596.6640595846209
325,289,727,597.4453949943877
327,286,731,600.3765485093501
334,511,604,600.5081181799294
331,303,729,603.6828637620915
323,649,431,604.6461775286436
269,714,114,605.528694613228
332,278,740,606.7231658672677
340,468,650,609.272517023376
341,490,634,609.8598199586525
336,624,490,612.4418339728272
343,507,624,612.9420853555415
333,651,449,614.772315577076
335,648,455,615.0186989027244
295,723,211,615.3738700984954
347,485,647,617.0291727301068
350,492,647,621.3082970635431
348,602,543,625.347903170707
354,511,638,626.228392840823
297,737,165,627.0510346056371
298,738,164,628.0390115271503
299,741,166,631.0641805711999
356,499,654,631.1339002145265
357,554,608,632.8799254202964
359,516,645,634.8070573016655
362,490,666,635.201542819285
337,720,338,636.2868849819239
344,700,398,637.3233088472443
358,612,551,638.1535865291364
338,730,326,642.6204167313703
351,701,414,644.4610151126288
339,733,324,644.9945736205848
364,424,721,645.5168471852613
352,701,417,645.6632249090852
361,652,508,645.7282710242754
367,528,650,646.353618385478
345,727,350,646.4812448942351
368,424,723,647.2650152758142
342,735,327,647.707495710834
346,731,346,649.1240251292506
370,382,748,650.5881954047429
349,731,353,651.1965909001674
363,677,479,652.0529119634388
355,738,361,660.3029607687671
371,720,433,669.5341664172188
375,580,634,669.6484152150291
372,681,508,670.2551752877407
360,758,331,670.9545439148617
373,680,512,671.5094936037763
376,622,596,674.4368020800763
365,754,364,676.4502938132262
353,781,246,676.8766505058362
374,680,523,677.3891053154014
366,755,364,677.4023914926785
369,756,363,678.0501456382116
377,656,561,679.2142519117219
378,634,596,683.5912521382935
380,485,731,685.6391179038723
385,505,725,691.8446357384005
381,631,613,692.3705655210944
386,472,748,693.0548318856164
383,641,604,694.096535072752
382,647,597,694.2398720903316
384,627,621,694.6833811168941
379,726,482,696.4775660421518
387,639,611,697.106161212193
389,484,747,698.5527897016804
390,470,758,700.5719092284531
388,638,618,700.9315230462959
392,541,713,703.4891612526806
393,568,695,706.5465306687169
394,482,760,708.5146434619401
395,465,771,709.2397337995102
396,467,771,710.2429161913549
391,700,553,710.574415525918
399,477,773,717.0390505404848
400,477,774,717.898321491282
401,557,719,718.0898272500453
402,559,719,719.3364998385665
403,480,782,726.3091628225545
404,587,710,730.2999383814845
397,763,492,733.9168890276337
398,765,489,734.3357542704836
405,599,719,744.9597304552777
406,661,669,752.1602222930962
408,675,660,756.46149935076
407,702,628,756.5084269193569
409,675,665,759.7953671877711
411,704,635,762.4434405252629
410,722,614,763.8016758295311
412,710,632,765.2613932506983
413,688,693,788.2766012003655
414,724,658,792.4626174148532
415,705,711,812.982779645424
