412,710,632,21.633307652783937
407,702,628,24.413111231467404
411,704,635,27.65863337187866
414,724,658,44.04543109109048
391,700,553,64.8459713474939
408,675,660,65.76473218982953
409,675,665,69.35416353759881
382,647,597,76.90253571892151
383,641,604,81.61494961096282
406,661,669,82.13403679352427
387,639,611,83.05419917138447
388,638,618,84.09518416651456
377,656,561,84.64632301523794
413,688,693,86.00581375697809
378,634,596,89.82204629154248
381,631,613,91.00549433962765
384,627,621,95.25754563287887
415,705,711,98.47842403288143
374,680,523,100.22474744293447
376,622,596,101.6070863670443
373,680,512,110.30865786510141
372,681,508,113.65298060323803
358,612,551,126.763559432512
361,652,508,127.02755606560333
397,763,492,128.70508925446578
379,726,482,132.06059215375342
398,765,489,132.18925826253812
348,602,543,139.43098651304163
363,677,479,142.30249470757707
375,580,634,143.4015341619468
336,624,490,158.05062480104277
405,599,719,161.72198366332265
404,587,710,165.65325230734229
357,554,608,168.1071087134628
393,568,695,174.0028735394907
335,648,455,175.37673733993344
333,651,449,179.62739212046696
371,720,433,181.01104938649465
315,622,454,188.67962264113208
300,578,491,189.38056922503955
310,621,451,191.75505208468434
307,616,453,192.7615106809448
402,559,719,193.89172236070317
401,557,719,195.57607215607945
323,649,431,197.02284131541703
367,528,650,197.3119357768303
352,701,417,198.11612756158948
314,530,557,200.28230076569423
351,701,414,201.0994778710278
289,571,480,201.8836298465034
288,569,482,202.07176942858692
301,534,539,202.4080037943164
292,599,449,205.80087463370995
392,541,713,206.30559856678636
290,599,447,207.40781084616847
359,516,645,208.31946620515328
308,638,422,209.57099035887578
303,632,423,211.14213222377006
334,511,604,211.23683390924037
354,511,638,212.3605424743495
280,536,507,214.5809870421888
343,507,624,215.23243250030885
344,700,398,217.1174797200815
286,611,426,218.3231549790356
330,502,606,220.14540649307222
278,597,432,220.79175709251467
283,611,423,220.91174708466727
279,598,431,221.05429197371402
291,505,552,225.68340656769607
356,499,654,226.55904307707516
326,494,608,228.07893370497854
273,589,426,230.28894893155424
350,492,647,232.35533133543547
341,490,634,232.86047324524614
272,591,421,233.25951213187426
284,628,400,233.73489255992567
362,490,666,237.7561776274173
268,509,507,238.36526592605728
347,485,647,239.28643923131122
385,505,725,243.74166652421167
321,470,618,252.03174403237384
365,754,364,252.03967941576184
366,755,364,252.16859439668534
369,756,363,253.2923212416831
266,491,510,253.33179824096302
355,738,361,253.50542400508908
263,492,507,253.67104683033892
340,468,650,256.5384961365448
349,731,353,261.15512631384433
246,527,439,262.01145013147806
243,521,443,263.89770745499095
345,727,350,264.04734423962685
380,485,731,264.3066400982011
259,475,511,267.6153956707274
346,731,346,268.1510768205118
260,473,514,268.33002068348594
256,474,511,268.5386378158644
235,524,431,269.61639416029584
233,515,441,269.77397947170516
250,478,496,271.0350530835449
237,493,468,271.58240001885247
231,512,441,272.0827080135744
389,484,747,272.6407893181063
257,588,375,274.00182481144174
225,509,441,274.40481045346127
270,452,563,274.7744529609694
337,720,338,276.00724628168734
226,539,404,278.54802099458544
394,482,760,280.9199174141983
234,467,492,282.68179990936807
386,472,748,283.6476687723698
251,455,518,283.73403038761495
360,758,331,285.2805636562014
230,462,493,286.77691678376067
342,735,327,287.29427422070216
240,455,507,287.6421387766403
338,730,326,288.1110896859057
339,733,324,290.2085457046363
390,470,758,290.24127893874777
399,477,773,292.07190895394234
400,477,774,292.61749776799064
277,429,599,293.38370779578065
403,480,782,294.59803122220626
262,614,337,297.30960293942746
396,467,771,299.4561737550255
395,465,771,301.16108646370634
287,418,617,304.0148022712052
222,458,461,305.1311193569086
252,606,331,305.8512710452582
255,615,327,306.2972412543084
214,487,417,306.64963720832935
254,611,328,306.78494096027595
245,600,332,307.25884853003015
217,457,457,308.01623333843946
218,456,458,308.3699077406873
281,673,309,308.91099041633333
248,606,327,309.5561338432821
267,412,583,311.5461442547476
249,414,550,314.5790838565082
236,597,324,315.79265349276255
364,424,721,316.6275414426231
368,424,723,317.3089976663126
223,585,327,318.0220118167923
265,403,582,320.6009981269553
211,459,421,326.2177187094533
264,645,292,331.0785405307931
208,486,380,332.3431961090824
206,486,372,338.02366781040644
199,486,364,343.7964514069335
328,368,694,362.92698990292797
329,368,695,363.1487298614715
316,364,681,364.2155954925599
194,392,458,365.0150681821231
370,382,748,365.4531433713493
312,361,679,366.80512537313325
320,361,687,368.30693721405794
203,535,296,368.9078475717208
293,353,661,371.9811823197512
202,535,292,372.3613836046912
353,781,246,372.6996109469394
271,683,243,373.04423330216486
274,688,240,375.54227458436685
296,350,666,375.6168260341914
302,350,675,376.9681684174408
306,350,680,377.809475794348
294,347,665,378.4521105767545
317,351,689,378.50495373244456
285,346,660,378.80337907679757
228,344,581,379.4377419287649
227,344,580,379.52602018833966
318,349,691,380.8648054100037
304,347,681,380.938315216519
276,695,234,380.9580029347067
241,640,240,382.88379438153294
309,345,685,383.6274234201721
212,579,257,384.5750901969601
209,350,509,386.53460388430943
210,348,512,387.6596445337069
178,417,372,389.34432062122085
192,543,260,396.6824926814895
295,723,211,403.00124069287926
187,520,263,404.97530788925883
185,515,265,405.77087130546965
282,316,671,409.98170690897905
205,315,524,416.83210049131293
221,301,576,422.7114855312072
207,307,533,422.8309354813103
242,299,615,423.0011820314454
244,299,616,423.00472810596335
253,299,623,423.0957338475537
197,308,522,424.09904503547284
215,614,201,426.8875730212816
219,618,198,428.8029850642367
216,295,574,428.86944400365013
201,573,210,430.60074314845303
195,300,524,431.49044021855224
204,296,535,433.26319945271143
191,298,521,434.0794858087629
331,303,729,434.4951092935339
313,297,710,435.70747067269804
188,297,512,437.068644494203
232,283,616,439.00455578501686
198,574,200,439.65895873961216
196,571,200,440.6778868969942
275,285,672,440.83216761030496
171,307,455,444.41647134191595
325,289,727,447.50195530299084
299,741,166,448.4027207767589
156,327,401,448.7694285487816
247,669,168,449.13806340589747
297,737,165,449.250486922385
298,738,164,450.28435460273323
159,321,408,450.81814515389686
324,285,727,451.37345956535813
327,286,731,451.42551988118703
213,617,171,455.2735441468129
305,277,713,455.87937000921636
322,280,726,455.96929721199433
145,322,394,456.50848842053307
129,384,307,456.61033715850107
229,265,622,457.0700165182573
157,308,416,458.9117562233506
158,307,418,458.956424946857
154,307,416,459.8140928679764
164,301,429,459.85432475948295
311,274,719,460.14019602725426
319,275,726,460.8177513941927
332,278,740,461.53223072717253
148,305,412,463.3497599006608
186,268,514,464.88278092439606
184,269,509,465.0096773186554
161,294,430,465.8755198548213
143,305,406,465.9967811047626
144,302,409,467.3596045873028
155,470,218,469.38257317459073
132,309,390,469.83507744739535
133,307,392,470.64742642449454
141,296,412,471.46579939588406
152,289,427,471.654534590732
136,300,403,471.81034325245565
193,255,546,471.9247821422393
174,521,187,471.94279314340633
162,284,438,472.0381340527479
124,340,336,472.4489390399771
163,283,439,472.5949640019453
123,385,282,473.06764843941716
140,294,412,473.2737051643584
160,282,438,473.8945030278364
239,668,143,474.08543533839975
224,658,144,474.33743263630373
134,297,402,474.9410489734489
121,363,303,474.9757888566532
238,668,142,475.0789408087881
120,360,306,475.29780138351157
135,296,403,475.3914176760031
151,283,431,475.6153908359148
149,283,429,476.3884969224173
142,287,419,476.7074574621211
150,279,433,478.5498929056405
117,357,303,479.5268501345884
130,295,394,480.342586077895
261,689,134,481.1330377348868
258,687,134,481.27435003332556
127,297,388,481.3533006015436
147,276,432,481.7053041019997
137,281,418,482.59403228800915
146,275,431,483.0093166803307
131,284,407,484.4512359360847
177,536,164,486.92504556656354
112,376,266,490.7341439109368
139,470,190,493.23422427889165
105,358,277,496.0493927019768
104,344,292,496.5561398271096
109,376,256,497.87548644214246
269,714,114,500.0639959045242
119,421,214,500.6006392325124
102,315,321,501.49576269396334
110,296,349,501.6981164006897
190,585,131,502.0537819795804
125,443,196,502.5584543115358
153,245,455,502.80214796677234
99,316,313,505.40775617317155
98,317,311,505.8003558717609
181,545,140,505.9693666616587
122,435,197,506.21932005801597
126,451,184,508.27256467371916
189,585,123,509.7548430373173
95,319,300,510.88648445618526
165,230,475,511.2582517671475
180,547,131,513.7256076934457
179,546,130,515.0067960716635
92,354,251,516.9071483351725
113,422,191,518.5836480260441
200,203,574,520.5391435809606
220,643,99,521.0239917700527
107,414,187,526.4912155012655
118,438,170,527.0597689067151
169,205,508,527.7546778570513
89,283,320,528.3531016280684
114,239,397,529.5073181741684
168,201,508,531.6737721573259
111,426,172,531.9586450091774
176,197,521,533.1735177219514
183,190,538,537.4011537017761
172,185,519,545.3384270340758
170,185,518,545.5135195391587
175,183,524,546.4622585320966
182,180,536,547.5837835436693
106,430,147,550.7749086514381
103,428,147,551.837838499681
91,405,157,556.1816250111109
100,207,399,558.0770556114988
79,280,269,560.7040217440928
173,167,528,561.6235393927145
93,206,385,564.5325499915838
166,168,503,565.0106193692292
82,350,188,565.5616677251031
81,350,187,566.3152832124523
167,166,504,566.7768520326143
94,202,388,566.98853603931
101,191,408,569.5586010236348
97,425,127,570.419144138764
80,203,337,588.2941441149997
90,177,392,588.4802460575886
62,239,258,600.0208329716561
59,245,248,601.2362264534631
58,244,248,602.0298995897131
74,198,317,602.3163620556892
54,228,258,608.9105024549996
65,322,150,612.6140710104527
86,161,365,613.7768324073498
60,316,153,614.2939035998974
61,321,144,617.8195529440615
67,331,135,618.3219226260702
47,241,221,621.1360559490972
64,328,133,621.7692498025292
48,227,237,622.2170039463724
46,243,216,622.7720289158786
45,240,217,624.4461546042221
56,321,135,624.6935248583901
50,208,257,625.8154680095404
88,133,402,625.9912139958516
51,207,258,626.0678876927007
57,323,131,626.4902233874045
49,209,254,626.7128529079326
138,105,496,628.1822983816083
44,206,242,636.1131974735314
42,227,214,636.4157446198201
96,111,428,638.683802832043
128,96,482,639.7655820689325
38,219,215,642.0358245456401
39,207,230,642.4025217883254
72,143,334,643.1492828263124
37,215,215,645.174395028197
43,293,118,655.7873130825268
63,128,330,658.4010935592377
41,155,270,663.1930337390464
40,154,270,664.0481910223083
116,50,465,688.320419572164
115,47,465,691.2495931282708
34,220,138,691.7947672539884
108,47,455,693.4738639631634
33,215,135,697.4883511572075
71,71,357,699.8928489418934
32,217,128,700.8716002236073
78,59,386,701.1084081652423
69,71,353,701.3715135361573
68,70,353,702.2997935354957
70,68,357,702.6841395677008
84,53,397,703.3135858207205
30,206,136,703.3775657497188
55,72,341,705.002836873725
76,56,382,705.2517281084819
73,59,368,707.1668827087423
53,70,339,707.6220742741142
75,57,372,707.6644685159769
52,71,336,707.8735762832231
85,47,398,708.7178564139612
29,206,127,709.5244886541972
27,177,159,709.964787859229
66,62,352,710.1014012097146
83,44,398,711.5757162804251
77,46,388,712.7776651944139
87,41,402,713.235585203094
36,87,280,717.4824039654213
35,260,65,717.5270029761946
26,160,166,718.7127381645604
31,122,216,720.0027777724194
28,121,209,724.724775345786
25,129,184,732.495051177822
24,138,162,738.4849355267852
21,135,161,741.4701612337478
22,134,162,741.6522095969242
18,131,153,749.534522220291
23,200,75,750.336591137604
17,129,152,751.7266790529653
19,190,79,754.485917694956
20,199,67,756.7945560057894
11,161,101,760.1907655319156
12,167,94,760.5425694857587
16,109,162,761.6252359264365
9,164,93,763.4166621184005
8,158,99,763.754541721357
13,110,157,763.8016758295311
14,106,162,764.0418836686899
10,114,150,764.8267777738956
15,100,167,765.9588761806993
4,149,102,768.4224098762347
6,157,93,768.5479815860556
7,109,150,768.8075181734372
5,162,84,771.0382610480494
3,146,94,776.0
2,143,96,776.8944587265377
1,138,62,803.5919362462517
0,136,63,804.361237255998
