104,316,321,28.653097563788805
99,318,310,33.97057550292606
97,316,311,34.655446902326915
118,357,304,34.88552708502482
121,359,305,34.9857113690718
122,362,306,35.805027579936315
119,361,302,38.58756276314948
92,316,299,43.829214001622255
111,296,352,48.104053883222775
98,341,284,51.0
130,385,304,53.823786563191554
140,322,389,57.245087125446844
133,392,305,59.16924876994806
88,283,319,60.166435825965294
108,360,277,61.032778078668514
147,322,394,61.98386886924694
134,307,392,66.37017402418047
158,327,400,66.49060083951716
124,385,282,68.8839603971781
128,297,388,68.8839603971781
157,321,404,71.84010022264724
131,297,393,72.80109889280519
161,321,406,73.76313442364011
112,376,266,77.3692445355388
136,299,401,78.23042886243178
143,304,405,79.17701686727027
137,300,403,79.40403012442127
135,296,402,80.7093550959243
146,302,409,83.64807230295268
150,305,412,85.0
185,417,374,85.42247947700886
91,354,250,85.98837130682264
109,376,256,86.4060183089118
160,308,416,87.46427842267951
159,307,416,87.84645695758026
144,296,412,89.1852005660132
163,307,418,89.69392398596462
141,293,412,90.7358804442873
79,280,267,91.35097153287424
132,284,407,91.8313671900838
170,314,424,93.00537618869137
145,287,419,99.85990186255943
168,301,427,100.31948963187563
138,281,417,101.6070863670443
151,288,425,104.44615837837216
164,294,429,105.09519494249011
156,285,430,110.27692415006868
152,283,429,110.45361017187261
155,283,431,112.16059914247963
148,277,431,115.37764081484765
153,279,433,115.96551211459379
149,276,432,116.76472069936193
166,284,438,117.72000679578642
165,282,438,118.70130580579136
167,283,439,119.07980517283357
114,239,397,119.36498649101419
176,307,455,124.72369462135092
65,239,258,127.80062597655773
61,245,248,129.5569372901351
60,243,248,131.04579352272242
205,390,457,131.47243057006287
57,227,257,138.13037319865606
81,202,336,139.00359707575916
93,206,385,143.96180048887967
76,197,318,145.0
94,205,387,145.60219778561037
210,485,363,146.696966567138
120,421,212,146.72763884149435
85,351,188,147.33974345029924
83,350,187,148.27339613025663
217,485,372,148.67750334196495
101,206,398,148.97650821522163
53,227,236,150.98675438593943
52,241,220,152.3975065412817
154,245,454,152.8953890737062
51,243,215,154.9322432549145
56,207,257,155.04837954651444
55,208,255,155.2063143045411
50,240,217,155.32224567009067
54,208,253,156.24659996300718
113,421,192,163.8566446623389
49,206,242,163.93291310777101
100,192,405,164.62381358722072
107,414,187,165.0242406436097
228,486,414,165.12419568312816
230,487,414,166.00301202086666
48,206,238,166.23477373883
46,228,213,166.29191201017565
102,190,407,167.28717822953436
235,457,457,168.34488409215172
236,456,458,168.3864602632884
227,497,399,168.61791126686393
123,435,195,168.6297719858507
41,219,215,171.12568480505783
239,458,460,171.21331723905124
42,206,228,172.2614292289484
40,215,217,172.6267650163207
162,470,219,173.4848696572701
89,177,392,173.62315513778685
126,443,194,174.0258601472781
219,350,509,174.23260314877925
220,348,512,177.1383639983163
241,496,422,177.74701122663075
169,230,474,177.88198334851114
199,297,512,182.3869512876401
86,161,365,182.4828759089466
63,316,153,183.7090090333079
242,507,418,185.59364213248256
68,322,150,185.9731163367437
110,427,170,186.06719216455113
195,515,265,187.55265927200287
194,269,509,188.30825791770258
127,451,182,188.43831882077487
90,405,157,189.15602025840997
193,266,509,189.47559209565753
209,308,522,189.88944151795275
202,298,521,190.90573590125572
216,314,524,190.91883092036784
117,438,170,191.4001044931794
64,321,144,192.04426573058618
197,520,263,192.93781381574738
196,268,514,193.31321734428818
207,300,524,193.3959668659096
198,272,516,193.70596273734063
142,470,189,194.82556300444764
45,155,270,197.03045449879062
214,534,294,197.3068675946177
212,534,291,197.9520143873257
44,154,270,197.9747458642137
73,143,334,198.00252523642217
249,462,493,199.01004999748127
251,490,468,199.7248106770914
218,307,533,200.89798406156294
254,467,492,201.30822139197394
58,320,133,203.08865059377396
62,325,132,203.62956563328422
215,295,534,204.2473990042468
256,453,506,204.41379601191306
59,323,129,206.7849124090053
103,428,145,208.9712898940905
245,539,403,209.35137926462295
105,430,145,209.8118204487059
265,478,496,211.4000946073582
67,128,331,213.03755537463343
66,128,329,213.08449028495716
268,455,518,215.60380330597138
204,543,258,216.17816726024856
87,133,402,218.52459815773602
273,474,511,220.60145058453264
174,204,508,220.6762334280699
274,475,511,221.20578654275752
47,292,119,221.48814866714653
275,473,514,222.40728405337808
177,204,511,223.03587155433092
43,124,283,223.14345161801185
173,201,509,223.32935319836486
266,415,550,227.37853900489378
206,255,546,227.85302280198084
278,492,506,228.12715752404404
95,424,122,228.60008748904713
280,491,509,229.73027662891977
35,220,138,231.19256043393784
179,520,185,233.54014644167714
34,215,135,236.3810483097154
183,197,524,237.60681808399355
282,534,474,237.84448700779257
284,508,507,239.7352706632881
171,168,502,240.45373775427157
175,185,518,240.46829312822095
32,206,136,240.4703723954367
178,185,519,241.23018053303363
33,217,128,241.29857024027308
28,177,157,242.03305559365234
192,204,536,243.24884377936928
172,166,504,243.28172968803062
232,295,574,243.38652386687312
243,585,326,244.16592718886884
240,301,576,244.29695045169925
246,344,580,245.01836665850175
247,345,580,245.03265088555034
181,183,524,246.34325645326686
190,198,537,247.49343425634547
27,160,166,247.6327926588076
30,206,127,247.9697562203907
96,111,428,248.09070921741508
271,587,375,249.23081671414553
31,123,214,249.3290997858052
225,579,257,250.45558488482544
287,452,563,253.58430550804994
29,121,208,254.02558926218438
38,277,89,254.18890613085378
191,190,540,254.60950492862594
281,403,582,254.6625217812782
253,596,325,255.1960031034969
189,184,538,256.62813563598206
37,274,87,256.8910274805253
188,180,536,257.53058070838887
283,413,583,258.2401982651036
261,600,332,259.01737393464555
180,167,528,259.8557292037257
182,535,162,259.9326835932719
298,536,507,260.0173071162764
39,87,278,260.31711430484165
26,129,183,260.8601157708859
203,567,200,263.2508309578528
213,573,209,264.0075756488817
264,605,330,264.04734423962685
291,589,426,264.1685068285014
289,591,421,264.37851652507624
263,606,327,265.1207272168662
24,138,161,267.36678926149375
208,573,199,268.92378102354576
23,135,161,269.65162710430656
269,611,328,270.09072549793336
302,570,479,270.51247660690257
71,71,353,270.5993348107123
308,504,551,270.60118255469615
22,133,161,271.1825953117198
307,569,482,271.28029784707917
70,70,353,271.59712811441875
277,614,336,273.00183149568795
295,597,430,273.05860176892435
72,68,357,273.8850123683295
270,615,326,274.14777037211155
297,598,431,274.3446737226732
19,131,153,277.8920653779089
211,199,574,278.0017985553331
296,429,599,278.2804340948174
18,130,152,279.3027031734566
36,262,66,280.36048223670895
69,61,352,280.515596714336
321,534,539,280.8291295432153
310,600,446,281.78360491696463
311,600,448,282.57742301889584
259,299,615,283.13247782619356
187,546,139,283.6212262860451
320,578,491,283.73403038761495
74,59,367,283.8097954616789
260,299,616,284.1214529035075
304,611,426,284.9227965607526
248,283,614,284.96491012052695
301,613,422,285.5748588373984
129,96,482,285.71664284741973
75,57,372,286.40006983239374
80,59,386,286.574597618142
139,102,495,287.6125866508627
77,56,380,288.5307609250702
184,546,130,289.9137802864845
186,547,131,289.917229567337
267,299,622,290.05689097140925
16,107,162,291.0068727710739
334,530,557,291.556169545424
14,110,157,291.62475889402805
15,107,160,292.20027378495047
305,418,617,292.32345099221857
11,114,150,292.8378390850472
17,100,167,293.7771264070775
12,161,101,295.22195040342103
306,629,401,295.4657340538831
8,109,150,296.73051747334654
13,167,94,297.2490538252393
25,201,72,297.9412693803932
317,626,423,298.2767171604247
250,266,624,298.573274088623
9,158,99,298.63857754817946
20,188,78,299.0953025375023
327,616,453,299.24738929521175
10,164,93,299.8216136305053
84,47,397,300.4663042672173
78,45,387,300.5328601001894
5,149,102,301.9155511065967
322,631,422,302.768888758406
330,621,451,303.07754783223385
333,621,453,303.84864653310535
7,157,93,304.00657887618155
231,613,199,304.1052449399714
82,43,397,304.381339769704
279,644,294,305.761344842673
21,198,64,306.41475160311717
233,616,198,307.23606559126483
328,442,626,308.02921939322573
6,162,83,309.1035425225664
326,638,421,309.2005821469293
4,146,94,310.0096772683072
344,470,618,311.01446911679204
3,143,95,311.1334118991401
223,603,165,312.3203483604615
352,494,608,312.95047531518463
337,443,631,313.0814590485997
257,640,240,313.72918257631056
222,602,160,314.23876272668844
340,450,631,315.4314505562183
355,501,607,315.56932677305633
106,48,454,316.24357700987383
359,510,604,317.6822311681911
2,146,84,317.84587459962415
116,49,464,319.22562553780045
201,586,129,320.09529830973776
229,617,172,320.5386092189208
115,47,464,321.05606986942325
346,648,430,321.3627234139019
221,604,150,321.54937412472134
362,623,491,322.27317604789886
200,583,121,323.0479840519052
309,353,659,324.2221460665511
303,346,660,325.0384592629002
224,614,156,326.4506088216103
312,351,664,329.1519405988669
361,648,454,329.2567387313432
226,617,155,329.50872522590356
358,651,447,329.61189298931555
360,651,449,330.2968361943541
299,673,309,333.01651610693426
372,507,624,333.28216273902206
375,602,543,333.7439138021846
368,492,634,334.96566988275083
234,628,159,336.6674917481639
300,316,671,336.92877585626314
319,350,673,338.11980125393427
258,653,204,338.3858744096745
238,631,159,339.22853653547486
1,139,62,339.60712595586097
369,470,651,341.31656859871305
0,136,62,341.40005858230313
292,285,672,341.62113517755307
329,360,678,343.5258360007293
374,485,647,343.62770551863247
323,350,679,344.11771241829445
382,611,549,344.5228584578968
336,363,680,345.70073763299956
324,347,681,346.0520192109851
384,554,608,346.26290589666115
377,492,647,346.6193878016635
380,511,638,347.4320077367657
342,361,687,352.5677239907249
338,351,689,354.1412147717348
288,683,243,354.1581567605072
386,517,643,354.73934092513616
387,652,508,355.8791929854849
285,682,233,355.92836357896516
383,499,654,355.9845502265513
350,368,690,356.0252800012943
339,349,691,356.08987629529713
351,368,692,358.0195525386847
290,687,238,359.339672176619
354,368,694,360.0138886209808
294,692,245,362.3547985055531
388,490,666,362.9903579986664
370,699,396,363.1597444651596
389,677,479,365.5571090814676
293,693,234,366.2034953410467
393,528,650,366.3249923223912
376,700,413,367.375829362793
378,700,416,368.0244557091281
262,669,166,368.97831914626096
244,658,144,370.0945825056076
332,297,710,377.5725095925285
363,719,338,378.0119045744459
252,666,139,379.5273376187808
335,294,712,379.9184122940082
398,679,510,380.61660499773257
255,667,138,380.9002494092121
367,722,350,381.2951612596205
399,681,508,381.4826339428834
402,620,596,382.04973498224024
401,577,636,382.48790830560904
366,724,344,383.105729531679
325,277,713,383.3797073398643
237,642,97,383.7251620626409
373,725,352,384.37611788455325
400,680,521,386.67428153421326
316,717,241,387.5719288080601
403,656,561,387.6867292028449
404,625,600,388.4340355839071
345,292,721,389.09767411281194
364,730,326,389.1040991816971
331,273,719,389.9743581314033
365,732,323,391.184099881373
397,720,433,391.46519640959144
407,634,596,392.3901120058965
371,735,327,394.0812099047606
349,289,727,395.43393885704853
392,424,722,395.80045477487766
356,302,729,395.9254980422453
343,278,726,396.042926966257
347,283,727,396.2675863605299
341,275,726,396.531209364408
381,737,360,396.7883566840136
395,424,724,397.75620673975664
353,286,732,400.79171648126663
272,687,132,401.15458367068425
411,631,613,401.72627496841676
412,647,597,402.8399185780873
276,689,132,402.88087569404433
413,641,604,402.94044224922374
314,725,210,403.832886228945
415,627,621,404.4650788387052
405,712,497,404.82712359722143
406,714,497,406.6607923072988
357,278,740,409.8707113224852
419,638,618,410.24139235333143
408,726,482,412.1092088269807
390,753,363,412.95036021294374
391,754,364,414.01690786729955
385,756,330,415.03011938894264
396,382,748,415.03011938894264
394,756,363,415.94350577933056
424,700,553,420.0059523387734
410,484,730,420.0880860010196
414,505,722,420.31535779697606
417,506,724,422.547038801599
348,749,224,422.8297529739363
418,505,726,424.00117924364315
426,568,695,425.5925281299003
425,542,714,429.00116549958227
409,438,754,430.08138764657093
313,737,165,430.9477926617098
416,471,747,432.0231475279999
315,738,164,432.26149493101974
286,714,112,434.5779561827774
420,483,746,434.8390506842733
318,741,164,435.01839041585356
436,550,723,440.70965498840616
421,470,757,441.27655727446023
437,552,723,441.6616351914665
422,461,763,444.50421820270725
427,482,759,446.8299452811998
379,780,245,448.1305613322974
439,587,710,448.48745801861617
432,763,488,448.8797166279626
433,763,491,449.91110233022704
428,463,771,452.74717006293923
430,467,771,453.8413819827363
423,790,415,456.0712663608616
434,477,772,457.67346438263166
435,477,773,458.62838987572496
440,598,717,460.4052562688658
441,649,679,461.7358552246078
442,661,669,462.5537806569091
443,702,628,464.94085645380744
429,800,415,465.9195209475559
444,675,660,466.0268232623526
438,480,782,468.11323416455554
431,803,416,469.046905969968
445,675,665,469.5274219893871
447,704,635,470.9235606762524
446,722,614,472.2308757377052
448,710,632,473.67710520986765
449,670,681,477.4484265342174
450,724,658,501.0169657806011
451,645,752,516.0474784358508
452,705,711,523.3278131343681
