45,240,217,3.1622776601683795
47,241,221,5.385164807134504
42,227,214,16.1245154965971
38,219,215,24.020824298928627
48,227,237,26.40075756488817
37,215,215,28.0178514522438
58,244,248,32.01562118716424
59,245,248,32.0624390837628
39,207,230,38.62641583165593
62,239,258,42.190046219457976
54,228,258,44.598206241955516
44,206,242,45.221676218380054
49,209,254,50.99019513592785
50,208,257,53.907327887774215
51,207,258,55.31726674375732
79,280,269,64.63745044476924
34,220,138,81.32035415564789
33,215,135,85.70297544426332
27,177,159,87.20665112249179
30,206,136,88.14193099768123
32,217,128,91.76055797563569
29,206,127,96.38464608017192
60,316,153,96.42613753542138
26,160,166,96.89685237405806
65,322,150,102.9417310909429
41,155,270,103.24727599312246
40,154,270,104.10091258005379
61,321,144,106.15083607772479
43,293,118,110.01818031580054
74,198,317,110.57124400132251
82,350,188,110.60289327137876
81,350,187,110.86027241532469
89,283,320,111.42710621747295
56,321,135,112.44998888394787
95,319,300,113.27841806805037
92,354,251,116.3872845288522
57,323,131,116.72617529928752
24,138,162,118.07201192492656
25,129,184,118.40608092492548
64,328,133,118.80235687897779
67,331,135,119.60351165413162
98,317,311,120.42009799032718
31,122,216,121.0
21,135,161,121.19818480488888
99,316,313,121.40016474453401
22,134,162,121.64292005702592
28,121,209,122.20065466273084
104,344,292,126.40015822774906
102,315,321,127.31457104353767
80,203,337,127.4401820463232
18,131,153,128.50291825480073
105,358,277,130.17680284904833
17,129,152,130.73637596323374
109,376,256,138.88484438555562
11,161,101,141.24092891226678
112,376,266,142.08800090085018
110,296,349,143.17122615944868
117,357,303,143.40502083260543
12,167,94,143.7358688706476
16,109,162,144.4714504668656
8,158,99,144.61673485458036
10,114,150,144.90341610879986
13,110,157,145.49914089093448
9,164,93,146.18481453283715
19,190,79,146.8945199794737
14,106,162,147.2582765076381
23,200,75,147.41099009232656
120,360,306,147.61097520171052
4,149,102,147.75655653811103
121,363,303,148.2194319244275
7,109,150,149.37201879870273
6,157,93,150.08331019803634
15,100,167,151.16216457830973
35,260,65,151.95394038984313
124,340,336,154.30165261590687
72,143,334,154.67385040788247
5,162,84,154.8709139896837
20,199,67,155.36087023443193
3,146,94,155.8621185535472
2,143,96,156.20499351813308
123,385,282,156.58863304850706
63,128,330,161.92899678562824
129,384,307,167.8153747426022
36,87,280,168.61791126686393
86,161,365,170.07351351694948
91,405,157,172.40939649566667
93,206,385,173.0028901492689
107,414,187,173.44163283364233
94,202,388,176.81911661356077
119,421,214,178.01123560045303
127,297,388,180.27756377319946
113,422,191,180.7373785358192
114,239,397,181.04419349981927
130,295,394,185.44001725625458
132,309,390,186.09674903124989
1,138,62,186.38937737972086
100,207,399,186.50737250843463
0,136,63,186.70297265978385
133,307,392,187.275198571514
90,177,392,187.9680823969857
111,426,172,188.2153022471871
122,435,197,192.93781381574738
134,297,402,193.68014869882768
135,296,403,194.36563482261982
145,322,394,194.74342094150447
131,284,407,195.35096621209735
136,300,403,195.49424543960367
103,428,147,197.44872752185566
101,191,408,198.9170681465017
106,430,147,199.32385707686876
143,305,406,199.85995096566995
118,438,170,200.35218990567586
125,443,196,200.9975124224178
144,302,409,201.81674856165927
140,294,412,202.52654147049466
97,425,127,202.5956564193813
141,296,412,203.03940504246953
156,327,401,203.1772625073977
137,281,418,205.54318281081473
148,305,412,205.5723716845238
159,321,408,207.23899247004653
142,287,419,207.7137453323684
52,71,336,209.72362766269327
154,307,416,209.990475974507
157,308,416,210.2974084481309
126,451,184,210.44714300745449
55,72,341,211.81595785020542
158,307,418,211.8962010041709
53,70,339,212.26869764522513
152,289,427,215.95601403989656
88,133,402,216.0925727552893
149,283,429,216.72332592501436
146,275,431,217.36835096213983
147,276,432,218.50629281556172
151,283,431,218.68927728629038
69,71,353,219.89315587348324
150,279,433,219.9659064491586
161,294,430,219.9931817125249
68,70,353,220.6762334280699
164,301,429,220.75552088226468
71,71,357,222.40728405337808
70,68,357,224.73539997072112
160,282,438,225.39964507514205
162,284,438,225.75429121059915
66,62,352,226.40008833920538
163,283,439,226.55904307707516
155,470,218,227.00881040171106
139,470,190,228.4841351166422
178,417,372,233.69210512980536
73,59,368,238.66294224282078
153,245,455,239.0083680543424
75,57,372,242.75913988972692
171,307,455,247.42069436488129
96,111,428,249.73586046060746
76,56,382,250.04999500099976
78,59,386,250.51147678300092
165,230,475,259.3260495977988
77,46,388,261.5205536855564
84,53,397,262.4137953690697
85,47,398,267.46962444359923
83,44,398,269.675731203236
87,41,402,274.5906043549196
185,515,265,276.3783638420345
174,521,187,279.5084971874737
187,520,263,280.9590717524529
194,392,458,284.1918366174511
199,486,364,284.5224068504975
206,486,372,288.76461001999536
208,486,380,293.1637767528587
184,269,509,294.15132160165456
169,205,508,294.462221685567
168,201,508,295.00508470194205
166,168,503,296.63782631350307
177,536,164,297.578561055732
211,459,421,297.7935526501539
167,166,504,298.1157493323692
186,268,514,299.0468190768797
188,297,512,300.8853602287755
202,535,292,301.72835465033774
203,535,296,302.76063152266016
192,543,260,303.2094985319556
128,96,482,303.9161068452937
170,185,518,307.5191050975532
176,197,521,308.4493475434824
172,185,519,308.5012155567624
108,47,455,309.09060160412514
191,298,521,309.9193443462347
181,545,140,311.4161203277698
209,350,509,311.926273340352
138,105,496,312.1602152741441
197,308,522,312.8274284649605
195,300,524,313.22994748267604
175,183,524,313.789738519283
210,348,512,314.0716478767225
179,546,130,314.96825236839345
116,50,465,315.03968004046726
180,547,131,315.6596268134397
214,487,417,316.12813857674865
205,315,524,316.30365157550744
115,47,465,316.8864149817723
173,167,528,321.1230293828208
217,457,457,322.29955010828047
218,456,458,322.38641410580567
204,296,535,323.37284981890485
207,307,533,323.39604202896487
222,458,461,325.96012026013244
182,180,536,326.1426068455331
183,190,538,326.3326523656497
196,571,200,328.3900120283807
201,573,210,330.0545409474016
193,255,546,330.21810973960834
198,574,200,331.3864813175094
212,579,257,338.49224511057855
225,509,441,348.39776118683653
226,539,404,350.65652710308984
231,512,441,350.6935984588256
190,585,131,352.40459701882435
233,515,441,353.0
230,462,493,353.1147122395214
235,524,431,353.8163365363448
189,585,123,354.41924326988794
237,493,468,354.9704213029587
234,467,492,355.4602650086223
243,521,443,358.9052799834519
223,585,327,359.5622338344226
240,455,507,360.0347205478938
200,203,574,360.227705764007
246,527,439,361.08863177895813
216,295,574,361.7568244000381
221,301,576,364.6422904710862
250,478,496,365.54753452868476
251,455,518,368.982384403375
236,597,324,370.10809231898725
215,614,201,371.3031106791323
256,474,511,374.6811978202269
249,414,550,375.2292632511489
259,475,511,375.2985478255944
245,600,332,375.37314768107746
219,618,198,375.4317514542424
260,473,514,376.4359175211632
213,617,171,376.6974913640918
227,344,580,377.75256451809827
228,344,581,378.7162526219333
248,606,327,379.5918861092792
257,588,375,379.87629565425635
252,606,331,380.7807768257216
263,492,507,382.99086150977547
266,491,510,384.6296920415791
254,611,328,384.66608896548183
255,615,327,388.20741878537046
262,614,337,390.2332635744934
268,509,507,394.2549936272209
241,640,240,397.7247792129628
265,403,582,399.4446144335908
232,283,616,401.9950248448356
242,299,615,402.91066007242847
272,591,421,403.89231238041657
244,299,616,403.9009779636588
267,412,583,404.04207701673846
273,589,426,404.74189306272706
270,452,563,405.0802389650722
229,265,622,406.59562220958554
264,645,292,409.1210089936717
253,299,623,410.8345165635429
280,536,507,412.9527818044092
278,597,432,414.6950686950594
279,598,431,415.03011938894264
220,643,99,416.7601228524629
288,569,482,420.7517082555934
289,571,480,421.0463157421045
224,658,144,421.19947768248716
283,611,423,422.2238742657738
286,611,426,423.7027259765979
290,599,447,424.37836891151744
292,599,449,425.47032799009617
277,429,599,425.77576257931827
291,505,552,426.07511074926686
284,628,400,426.7095030579938
247,669,168,428.69569626951005
239,668,143,431.223839786253
238,668,142,431.39425123661533
300,578,491,433.4166586553867
301,534,539,434.752803326212
287,418,617,437.52257084635073
281,673,309,439.9420416373048
303,632,423,440.6472512112154
271,683,243,440.8276307129579
307,616,453,441.9253330597829
310,621,451,445.09437201564344
308,638,422,445.48961828531986
274,688,240,445.64672106950366
314,530,557,445.70169396133105
315,622,454,447.532121752171
258,687,134,451.5085824211983
276,695,234,452.35826509526714
261,689,134,453.4754679141971
285,346,660,455.7905220602991
275,285,672,457.93012567421243
293,353,661,458.3939353874569
323,649,431,459.41375686846817
282,316,671,460.81883642056124
294,347,665,460.8871879321446
321,470,618,461.6632972199545
296,350,666,462.5462139073241
326,494,608,465.4728778350034
330,502,606,468.16770499469527
336,624,490,469.2941508265365
333,651,449,469.8435909959824
335,648,455,470.2616293086222
302,350,675,471.30669420240577
334,511,604,471.55911612437313
306,350,680,476.1774879181081
304,347,681,476.48819502690725
312,361,679,477.8001674340435
309,345,685,479.96354028196765
295,723,211,480.02604096027954
316,364,681,480.48517146734093
269,714,114,481.918042824711
317,351,689,485.173164962779
341,490,634,485.5234288888642
320,361,687,485.55638189606776
348,602,543,485.6027182790475
343,507,624,485.9629615515981
318,349,691,486.68367550186025
340,468,650,488.8568297569341
344,700,398,491.907511632014
337,720,338,492.35454704917674
328,368,694,494.0738811149604
347,485,647,494.2924235713107
329,368,695,495.04141240910343
297,737,165,496.6256135158556
313,297,710,496.94265262704107
298,738,164,497.72381900005547
350,492,647,497.7569688110856
305,277,713,498.16162036030033
358,612,551,498.3833865609888
351,701,414,498.96693277210267
338,730,326,499.2684648563336
354,511,638,499.90799153444226
352,701,417,500.16497278398055
357,554,608,500.38485188902354
299,741,166,500.50374623972596
339,733,324,501.7608992338881
345,727,350,502.20712858341625
361,652,508,502.5385557347814
311,274,719,503.95436301316016
342,735,327,504.36593858031296
346,731,346,505.01881153081814
349,731,353,506.86585996691474
356,499,654,507.3263249625432
363,677,479,507.4692108887001
359,516,645,508.4977876058066
319,275,726,511.00293541231247
322,280,726,511.34039543145815
324,285,727,512.7231221624396
325,289,727,513.0662725223712
362,490,666,513.3312770521586
355,738,361,515.8003489723519
331,303,729,516.4968538142318
327,286,731,516.7920278022872
367,528,650,519.2119027911436
371,720,433,524.0400748034448
332,278,740,525.1675922979254
372,681,508,526.4104862177425
360,758,331,527.683617331446
373,680,512,527.8115193892608
365,754,364,532.0009398487939
366,755,364,532.9615370737367
369,756,363,533.6459500455335
374,680,523,534.0580492792894
364,424,721,536.4568948200778
376,622,596,536.6945127351313
375,580,634,536.9292318360027
377,656,561,538.1393871479768
368,424,723,538.3400412378778
353,781,246,538.8357820338215
378,634,596,545.2348118013009
370,382,748,549.8590728541269
379,726,482,551.4027566126234
381,631,613,555.1153033379642
382,647,597,555.317026571309
383,641,604,555.8309095399427
384,627,621,558.1048288628222
387,639,611,559.321910888533
388,638,618,563.5858408441433
391,700,553,567.8186330158601
380,485,731,569.0246040374705
385,505,725,572.4727067729955
393,568,695,578.8488576476592
386,472,748,579.193404658582
392,541,713,579.493744573658
389,484,747,583.1312030752599
390,470,758,587.6163714533488
397,763,492,588.7070578819316
398,765,489,589.0780932949383
401,557,719,592.9628993453132
402,559,719,594.024410272844
394,482,760,594.1859978154988
395,465,771,597.75329359193
396,467,771,598.4989557217289
404,587,710,601.9734213401784
399,477,773,604.1564366950004
400,477,774,605.078507302978
403,480,782,613.616329639295
405,599,719,616.2345332744669
406,661,669,616.3870537251736
407,702,628,616.7860244849911
408,675,660,619.4836559587347
410,722,614,622.7720289158786
411,704,635,622.9622781517353
409,675,665,623.0770417853638
412,710,632,625.4158616472722
413,688,693,652.345000747304
414,724,658,653.2419153728579
415,705,711,677.1033894465453
