411,704,635,7.280109889280518
412,710,632,8.94427190999916
410,722,614,24.413111231467404
414,724,658,37.20215047547655
408,675,660,41.86884283091664
409,675,665,45.803929962395145
406,661,669,57.982756057296896
382,647,597,63.13477647065839
388,638,618,64.77653896280658
387,639,611,65.25335240430181
383,641,604,65.55150646628954
413,688,693,66.49060083951716
381,631,613,72.56721022610694
391,700,553,75.02666192761077
378,634,596,75.15317691222374
384,627,621,75.32595834106593
377,656,561,81.27115109311545
415,705,711,83.05419917138447
376,622,596,86.16263691415206
374,680,523,107.28000745712129
373,680,512,118.06777714516353
358,612,551,118.44407963254221
372,681,508,121.82364302548172
375,580,634,122.14745187681976
361,652,508,130.0
348,602,543,131.24404748406687
405,599,719,137.44089638822936
404,587,710,141.24092891226678
379,726,482,147.95945390545344
397,763,492,149.05368160498418
357,554,608,149.34523762075577
393,568,695,149.81655449248592
363,677,479,151.08275877809487
398,765,489,152.6106156202772
336,624,490,158.51813776347487
402,559,719,169.49926253526885
401,557,719,171.1899529762188
367,528,650,175.38529014715002
335,648,455,181.23189564753773
392,541,713,182.0604295282201
300,578,491,184.78365728602733
314,530,557,186.07794065928394
333,651,449,186.12361483702168
359,516,645,186.77526602845464
301,534,539,190.11838417154718
354,511,638,191.26160095534075
315,622,454,191.5097908724251
334,511,604,192.50194804209124
310,621,451,194.65353837010002
307,616,453,194.9897433200013
343,507,624,195.04102132628407
371,720,433,195.82900704441107
288,569,482,197.4968354176846
289,571,480,197.6486782146544
330,502,606,201.20636172845033
323,649,431,204.00490190189058
356,499,654,204.65825172711703
280,536,507,205.41908382621125
292,599,449,206.51876428063383
290,599,447,208.25465180878913
326,494,608,208.95932618574363
350,492,647,210.85777196963835
352,701,417,211.00236965494014
291,505,552,211.15160430363773
341,490,634,212.08488866489287
351,701,414,214.0023364358436
362,490,666,215.37873618349607
308,638,422,215.7127719909046
303,632,423,216.6217902243447
347,485,647,217.83020910791964
385,505,725,219.58597405116748
286,611,426,221.55134844996994
278,597,432,222.35332243976026
279,598,431,222.76669409945464
283,611,423,224.28999086004708
268,509,507,227.79376637651873
344,700,398,230.00869548780108
273,589,426,231.4584195919431
321,470,618,232.2154172315008
272,591,421,234.8829495727606
340,468,650,235.03191272676142
284,628,400,239.70815588961506
380,485,731,240.20407989873945
266,491,510,241.75400720567177
263,492,507,242.36542657730703
389,484,747,248.3646512690564
259,475,511,255.37815098398687
260,473,514,255.80656754665233
256,474,511,256.26743843102656
394,482,760,256.5618833731932
246,527,439,257.57717290163737
270,452,563,258.3118270617898
243,521,443,258.81653733871025
386,472,748,259.42243542145695
250,478,496,260.0
237,493,468,263.2128416320146
233,515,441,264.45793616376875
235,524,431,265.5051788572118
390,470,758,265.9398428216426
231,512,441,266.58769664033633
399,477,773,267.67517628648346
400,477,774,268.21819475941595
225,509,441,268.73406929527937
365,754,364,269.0724809414742
366,755,364,269.2675249635574
355,738,361,269.4160351575236
403,480,782,270.1851217221259
251,455,518,270.38676003088614
369,756,363,270.4459280521709
234,467,492,271.51611370229944
277,429,599,274.5359721420856
240,455,507,275.04545078950133
396,467,771,275.0890764825096
230,462,493,275.3633962602873
349,731,353,276.5248632582611
395,465,771,276.79956647364895
226,539,404,277.02887936097926
257,588,375,277.49774773860776
345,727,350,279.12183719659055
346,731,346,283.4872131155125
287,418,617,284.2129483327598
337,720,338,290.5580836941213
364,424,721,293.1433096626972
267,412,583,293.47061181658376
368,424,723,293.7839342101606
222,458,461,295.67718883945037
249,414,550,298.3756022197525
217,457,457,298.77416220282504
218,456,458,299.0250825599752
214,487,417,301.24076749337894
360,758,331,302.2333535531775
265,403,582,302.51776807321585
342,735,327,302.80356668969404
338,730,326,303.29523570277195
262,614,337,304.0148022712052
339,733,324,305.57650433238484
252,606,331,312.1297807002722
245,600,332,313.0814590485997
255,615,327,313.3209217399949
254,611,328,313.4980063732463
248,606,327,315.93828511277326
211,459,421,319.2146613174276
281,673,309,320.31546949843056
236,597,324,321.6224494652076
223,585,327,322.93962283993585
208,486,380,328.87687665751145
206,486,372,334.95074264733313
328,368,694,340.4585143596794
329,368,695,340.6537831875642
264,645,292,340.8005281686048
199,486,364,341.10408968524547
370,382,748,341.76014981270123
316,364,681,342.1300922163965
312,361,679,344.79269133785306
320,361,687,346.06646760412946
293,353,661,350.5567001213926
194,392,458,353.5533905932738
296,350,666,354.04519485512014
302,350,675,355.12392203285884
306,350,680,355.8201793040974
317,351,689,356.2611401766968
294,347,665,356.9229608753127
285,346,660,357.4353088322417
318,349,691,358.57774610257115
304,347,681,358.9345344209721
228,344,581,361.0720149776219
227,344,580,361.20354372569494
309,345,685,361.52178357603844
209,350,509,371.5709891797259
203,535,296,371.63557418524937
210,348,512,372.5211403397128
202,535,292,375.2132726863483
178,417,372,383.0939832469312
271,683,243,385.46854605791117
274,688,240,388.25249516261965
282,316,671,388.3876929049117
353,781,246,390.0833244321013
212,579,257,390.858030491891
241,640,240,392.92238419311263
276,695,234,394.06217783491985
205,315,524,400.73058281094546
192,543,260,400.88028138086315
253,299,623,403.0310161761747
244,299,616,403.17862046492496
242,299,615,403.20962290104137
221,301,576,404.357515077932
207,307,533,406.2634613154375
187,520,263,407.85904427878023
197,308,522,408.00980380378115
185,515,265,408.3356462519529
216,295,574,410.5666815512433
331,303,729,411.584742185616
313,297,710,413.2178602141974
195,300,524,415.234873294621
204,296,535,416.51530584121394
295,723,211,417.5284421449633
191,298,521,417.92941987852447
232,283,616,419.1718024867608
275,285,672,419.3149174546501
188,297,512,421.28493920386
325,289,727,424.6998940428406
327,286,731,428.5615475051396
324,285,727,428.5907138518052
171,307,455,431.223839786253
322,280,726,433.22973120505014
305,277,713,433.4166586553867
215,614,201,435.97362305534034
229,265,622,437.0411879903312
201,573,210,437.4528546026417
311,274,719,437.5671377057468
319,275,726,438.1015863929278
219,618,198,438.1278352262043
156,327,401,438.353738435068
332,278,740,438.5430423573039
159,321,408,439.95567958602373
145,322,394,446.2689771875253
198,574,200,446.7303437197881
158,307,418,447.3533279187716
157,308,416,447.4147963579211
196,571,200,447.5991510268982
164,301,429,447.66281954167243
154,307,416,448.2956613664692
186,268,514,448.72263147739716
184,269,509,449.0545623863541
129,384,307,451.8462127759842
148,305,412,451.9568563480368
161,294,430,453.50633953672576
193,255,546,454.45901905452376
143,305,406,454.8549219256619
144,302,409,456.0274114568114
162,284,438,459.15574699659373
152,289,427,459.31470692761405
132,309,390,459.44858254216
163,283,439,459.6542178638199
141,296,412,459.8825937127867
133,307,392,460.1315029423654
136,300,403,460.6831883192613
160,282,438,460.9772228646444
247,669,168,461.182176585349
140,294,412,461.64921748011227
151,283,431,463.0010799123475
299,741,166,463.64318176804886
134,297,402,463.7898230880018
149,283,429,463.85558097321626
135,296,403,464.1777676709646
297,737,165,464.32100964742057
142,287,419,464.6568626416702
213,617,171,464.837606051834
124,340,336,465.08923874886636
298,738,164,465.3944563485904
150,279,433,465.78321137627967
147,276,432,468.9264334626488
123,385,282,469.26005583258416
130,295,394,469.4731089210542
121,363,303,469.6232532573318
120,360,306,469.7318383929282
146,275,431,470.2531233282773
137,281,418,470.468915019898
127,297,388,470.7706447942565
155,470,218,471.08810216349127
131,284,407,472.826606696366
117,357,303,473.97257304616267
174,521,187,476.6990664979322
224,658,144,485.9958847562395
239,668,143,486.19029196395934
112,376,266,487.15500613254505
238,668,142,487.1878487811452
153,245,455,488.6491583948549
104,344,292,490.9786146055651
105,358,277,491.46413907832584
110,296,349,492.62257357940877
177,536,164,492.8001623376356
102,315,321,493.9817810405562
261,689,134,494.17102302745354
258,687,134,494.2276803255763
109,376,256,494.631175725914
139,470,190,495.6490694029396
165,230,475,496.1783953378059
99,316,313,498.21782384816385
98,317,311,498.71234193671205
119,421,214,500.35687264191745
200,203,574,501.91333913336075
125,443,196,503.6913737597657
95,319,300,504.25489586121023
122,435,197,507.0009861923347
126,451,184,510.0362732198564
190,585,131,510.585937918388
169,205,508,511.2817227321939
181,545,140,512.6333972733341
92,354,251,513.0623743756698
269,714,114,514.1400587388615
168,201,508,515.1708454483813
176,197,521,516.2111970889434
114,239,397,517.4263232577175
189,585,123,518.376311187153
113,422,191,519.00770707187
183,190,538,519.8499783591416
89,283,320,520.0240379059414
180,547,131,520.6092584655021
179,546,130,521.8620507375489
107,414,187,526.7114959823831
172,185,519,528.365403863652
170,185,518,528.5726061762944
118,438,170,528.6397639224655
175,183,524,529.3174850692163
182,180,536,530.0452810845503
220,643,99,532.2800015029684
111,426,172,533.0215755483074
173,167,528,544.2655601817921
100,207,399,545.4044370923287
166,168,503,548.4350462908073
167,166,504,550.1563414157833
93,206,385,552.326895959268
106,430,147,552.5803109051209
103,428,147,553.5675207235338
79,280,269,554.0442220617412
94,202,388,554.616984954482
101,191,408,556.3461152915512
91,405,157,556.8213357981176
82,350,188,563.4749328940907
81,350,187,564.256147507495
97,425,127,572.4770737767583
90,177,392,575.6048992147305
80,203,337,577.6521444606607
74,198,317,592.2305294393392
62,239,258,592.6795086722672
59,245,248,594.3475414267313
58,244,248,595.1167952595524
54,228,258,601.3118991006248
86,161,365,601.5396911260303
65,322,150,610.6422848116563
138,105,496,611.4188417116371
60,316,153,612.0629052638299
88,133,402,612.2393322876276
47,241,221,614.955282927141
48,227,237,615.2284128679364
61,321,144,615.9683433424157
46,243,216,616.7860244849911
67,331,135,617.0008103722394
50,208,257,617.8001294917314
51,207,258,618.0008090609591
45,240,217,618.356693179592
49,209,254,618.8093405888441
64,328,133,620.4039006969573
56,321,135,623.0650046343479
128,96,482,623.3393939099309
96,111,428,623.9238735615107
57,323,131,625.0199996800102
44,206,242,628.4998011137315
42,227,214,630.0960244280232
72,143,334,631.5987650399579
39,207,230,635.1606096098844
38,219,215,635.4982297378963
37,215,215,638.5436555162066
63,128,330,646.7456996378097
41,155,270,653.737714989735
43,293,118,653.743833622926
40,154,270,654.5746710651123
116,50,465,672.0662169756787
115,47,465,674.9770366464329
108,47,455,677.4614380169546
71,71,357,686.7328447074598
78,59,386,687.0320225433455
34,220,138,687.3310701546962
69,71,353,688.3211459776606
84,53,397,688.8846057214517
68,70,353,689.2379850240409
70,68,357,689.4903915211581
76,56,382,691.253933081035
55,72,341,692.2925682108685
33,215,135,692.9776331166829
73,59,368,693.5769604016558
75,57,372,693.9459633141474
85,47,398,694.2081820318743
53,70,339,694.9424436599048
52,71,336,695.2877102322462
32,217,128,696.5809357138623
66,62,352,696.9763267141861
83,44,398,697.0394536896746
77,46,388,698.5241584941783
87,41,402,698.5678206158655
30,206,136,698.6272253498284
27,177,159,703.9786928593791
29,206,127,704.9943262183037
36,87,280,706.632153245237
31,122,216,711.4379804311827
26,160,166,712.18536912801
35,260,65,715.7744058011574
28,121,209,716.3253450772212
25,129,184,724.8896467739072
24,138,162,731.6091852895232
21,135,161,734.5597320844644
22,134,162,734.6972165457006
18,131,153,742.7422163846619
17,129,152,744.9194587336272
23,200,75,746.8687970453713
19,190,79,750.6963434039092
20,199,67,753.478599563385
16,109,162,754.1916202133249
11,161,101,755.2549238502189
12,167,94,755.8974798211726
13,110,157,756.5084269193569
14,106,162,756.552708011808
10,114,150,757.7783317039357
15,100,167,758.2380892569299
9,164,93,758.7285417064525
8,158,99,758.7997100684738
7,109,150,761.6646243590417
4,149,102,763.2070492336926
6,157,93,763.7080594049012
5,162,84,766.5089692886835
3,146,94,770.9033661880068
2,143,96,771.6897044797215
1,138,62,799.0319142562455
0,136,63,799.7380821243916
