317,351,689,2.8284271247461903
309,345,685,7.211102550927978
304,347,681,10.198039027185569
306,350,680,11.045361017187261
320,361,687,12.649110640673518
302,350,675,16.0312195418814
312,361,679,16.97056274847714
316,364,681,18.027756377319946
328,368,694,19.235384061671343
329,368,695,19.4164878389476
296,350,666,25.019992006393608
294,347,665,26.076809620810597
293,353,661,30.265491900843113
285,346,660,31.144823004794873
282,316,671,38.58756276314948
313,297,710,55.362442142665635
331,303,729,59.665735560705194
370,382,748,65.86349520030045
275,285,672,66.76076692189807
325,289,727,69.9714227381436
324,285,727,73.43023900274328
327,286,731,74.62573282722254
305,277,713,75.28612089887484
322,280,726,77.3692445355388
311,274,719,80.05623023850174
364,424,721,80.77747210701756
368,424,723,81.54140052758476
319,275,726,81.85963596303125
253,299,623,84.40379138403677
332,278,740,86.2670273047588
244,299,616,90.13878188659973
242,299,615,90.97252332435328
232,283,616,99.90495483208028
287,418,617,101.17806086301516
229,265,622,108.70602559196064
228,344,581,110.11357772772621
227,344,580,111.11255554616679
265,403,582,121.64292005702592
277,429,599,121.91800523302537
221,301,576,124.61540835707277
267,412,583,125.03199590504823
340,468,650,125.86500705120545
216,295,574,128.86038956948718
386,472,748,135.56548233234005
390,470,758,138.31124321616085
395,465,771,140.91131963046828
321,470,618,141.315250415516
380,485,731,141.7603611733548
396,467,771,142.56226709757388
347,485,647,142.9405470816451
362,490,666,143.19916200872126
389,484,747,146.15402833996743
350,492,647,149.61617559608987
394,482,760,149.83324063771698
399,477,773,152.0131573252789
341,490,634,152.0855022676389
400,477,774,152.55490814785344
356,499,654,154.49595463959565
249,414,550,155.2610704587599
403,480,782,159.5054857990784
385,505,725,159.66214329013624
207,307,533,163.48700254148645
270,452,563,164.2954655491137
204,296,535,164.7573974060042
326,494,608,167.0748335327616
205,315,524,170.42593699317015
354,511,638,170.4494059831245
343,507,624,171.618763542918
193,255,546,172.80335644888382
359,516,645,173.21951391226105
197,308,522,173.90227140552247
195,300,524,174.04022523543227
330,502,606,175.025712396779
191,298,521,177.48521065147935
210,348,512,179.00279327429502
209,350,509,182.00274723201295
367,528,650,183.63550854886427
334,511,604,183.88311504866346
188,297,512,186.40010729610646
200,203,574,187.09623192357455
392,541,713,193.25630649476875
186,268,514,194.65353837010002
184,269,509,198.80643852752857
251,455,518,202.89159667172024
291,505,552,208.94257584322062
401,557,719,209.87615395751848
402,559,719,211.85844330590177
240,455,507,212.34876971623828
260,473,514,216.11339616044165
393,568,695,219.03652663425797
256,474,511,219.14607000811125
259,475,511,219.71800108320664
183,190,538,220.6581065811995
357,554,608,221.16509670379727
314,530,557,225.20435164534453
230,462,493,227.9758759167294
176,197,521,228.04385543136215
182,180,536,229.31637534201522
266,491,510,230.05434140654683
234,467,492,231.3547060251855
169,205,508,232.86262044390037
263,492,507,233.03433223454437
250,478,496,233.8076132207846
168,201,508,235.35717537394095
175,183,524,235.46761985462035
194,392,458,236.93459012984997
172,185,519,237.65521244020718
375,580,634,237.92856070678022
170,185,518,238.37994882120435
404,587,710,238.75719884434898
301,534,539,239.4347510283334
171,307,455,239.70815588961506
268,509,507,243.83601046605074
173,167,528,244.3215094910802
165,230,475,246.61102976144437
405,599,719,251.56311335328954
222,458,461,254.52111896658005
218,456,458,256.39422770413535
217,457,457,257.72077913897436
153,245,455,257.8992051170379
163,283,439,260.4995201531089
166,168,503,260.969346858975
162,284,438,261.21638539724114
167,166,504,261.6447973876033
160,282,438,261.721225734559
280,536,507,262.3451924468981
237,493,468,265.452443951831
164,301,429,266.36065775560775
161,294,430,266.73207531153804
150,279,433,267.3275144836386
151,283,431,268.2461556108493
147,276,432,269.09106265351886
149,283,429,270.1851217221259
146,275,431,270.325729445053
152,289,427,270.73234014428346
158,307,418,276.21187519728403
157,308,416,278.0395655298001
154,307,416,278.18878482066816
142,287,419,278.9767015361677
137,281,418,281.3414295833445
148,305,412,282.44822534404426
141,296,412,283.98943642325855
140,294,412,284.36947796836427
159,321,408,284.3817856333278
144,302,409,285.8898389240163
384,627,621,286.67751917442007
143,305,406,288.37649002649295
376,622,596,289.05708778717053
156,327,401,290.83328557783756
131,284,407,291.34343994674055
211,459,421,291.547594742265
136,300,403,292.138665705175
381,631,613,292.5884481656786
135,296,403,292.8361316504505
348,602,543,293.1091946698363
134,297,402,293.64093720052045
225,509,441,296.8164415931166
358,612,551,297.9412693803932
388,638,618,298.0771712157776
145,322,394,298.22474746405607
231,512,441,298.44429966075745
233,515,441,300.0933188193299
378,634,596,300.416377715996
387,639,611,300.83217912982644
243,521,443,301.8078859142021
130,295,394,301.8691769624716
133,307,392,301.93542355940946
288,569,482,303.4485129309419
132,309,390,303.64617567161946
300,578,491,304.04111564063174
383,641,604,304.6850833237492
289,571,480,306.27601930285044
214,487,417,306.78983033992506
127,297,388,307.4296667532267
246,527,439,308.52552568628744
138,105,496,312.3475628206502
382,647,597,312.47399891831
406,661,669,312.7746792820672
235,524,431,313.40867888429636
114,239,397,313.90444405901616
101,191,408,324.11880537852164
100,207,399,324.69678162864506
178,417,372,326.16713507035007
409,675,665,327.0351663047875
408,675,660,327.47060936823016
128,96,482,328.16154558387854
377,656,561,333.3901618224509
94,202,388,336.77588987336964
93,206,385,337.764711004569
413,688,693,339.00589965367857
208,486,380,339.83819679370947
336,624,490,340.62589449423837
226,539,404,344.19325966671687
90,177,392,344.9420241141981
110,296,349,346.082360139895
206,486,372,347.17430780517157
292,599,449,347.9425239892359
290,599,447,349.3365139804312
361,652,508,353.97457535817455
199,486,364,354.53913747286066
96,111,428,354.7012827718558
124,340,336,355.1140661815581
415,705,711,356.5613551690648
273,589,426,357.5262228144951
307,616,453,357.67722879713773
407,702,628,358.57774610257115
278,597,432,358.5875067539303
411,704,635,359.3897605664357
279,598,431,360.0013888862097
88,133,402,360.80049889100763
315,622,454,361.52178357603844
272,591,421,362.579646422686
310,621,451,362.7450895601483
412,710,632,365.78955698598065
374,680,523,371.1940193483726
102,315,321,371.5588782413899
286,611,426,372.651311550087
283,611,423,374.79060820676926
116,50,465,374.80261471873433
373,680,512,376.3004119051692
86,161,365,376.3243282064023
414,724,658,376.4491997600739
89,283,320,376.8248930206177
391,700,553,377.1538147758816
115,47,465,377.2002120890178
372,681,508,379.0949749073443
99,316,313,379.4377419287649
410,722,614,380.8648054100037
335,648,455,380.9160012391183
98,317,311,381.34498816688284
80,203,337,382.9255802372048
108,47,455,383.275357934736
120,360,306,385.1571108002551
129,384,307,385.59175302384256
333,651,449,386.9987080081793
117,357,303,388.0824654632054
121,363,303,388.25249516261965
303,632,423,389.76018267647606
363,677,479,390.54833247627624
95,319,300,392.149206297807
308,638,422,394.8189458473339
257,588,375,396.2032306783982
323,649,431,396.9886648255842
104,344,292,399.0313270909942
284,628,400,403.1401741330179
74,198,317,403.33236914485303
123,385,282,410.58129523883576
72,143,334,412.1710809845834
105,358,277,414.09781453178425
84,53,397,417.1953978653168
85,47,398,420.7766628509713
78,59,386,420.86221023037933
87,41,402,422.35648450094857
83,44,398,422.9349831829947
63,128,330,423.2753241094973
76,56,382,425.8286040180955
112,376,266,425.85678343781257
79,280,269,427.6037885706814
77,46,388,428.5067093990478
379,726,482,431.05684079944723
75,57,372,432.46387132337424
223,585,327,433.81101876277876
73,59,368,434.08409323540064
71,71,357,434.5572459411993
109,376,256,435.83712554118193
70,68,357,436.4825311510187
203,535,296,436.6016491036194
69,71,353,437.6391207376233
245,600,332,438.0433768475446
68,70,353,438.2750278078823
92,354,251,440.028408173836
202,535,292,440.2238067165382
262,614,337,442.20018091357673
252,606,331,442.3222806958745
236,597,324,442.93679007280485
66,62,352,444.1733895676327
248,606,327,445.58388660273613
352,701,417,446.07174310866185
55,72,341,446.3507589329271
62,239,258,446.75384721342914
254,611,328,447.67510540569486
351,701,414,447.9207519193546
53,70,339,449.1603277227409
54,228,258,449.5887009256349
255,615,327,450.8347812669293
52,71,336,450.8979928986156
371,720,433,451.8904734556815
59,245,248,455.04395392093716
58,244,248,455.2735441468129
51,207,258,455.68958732891844
50,208,257,456.3299245063817
185,515,265,457.20017497809425
344,700,398,457.21985958617324
49,209,254,458.87797942372436
397,763,492,459.34409760004536
187,520,263,460.89586676384937
398,765,489,462.4499972970051
41,155,270,463.54827148852576
40,154,270,463.9676712875586
48,227,237,470.1063709417263
44,206,242,471.2218161333365
192,543,260,472.6489183315667
47,241,221,482.2488983916915
39,207,230,482.3743359674103
119,421,214,482.4033581972663
45,240,217,486.37125737444643
46,243,216,486.68367550186025
36,87,280,487.4064012710543
155,470,218,488.23150246578723
212,579,257,491.1781754109195
42,227,214,492.35454704917674
38,219,215,493.4328728408759
37,215,215,494.50176946093933
264,645,292,496.8068034960874
281,673,309,500.89919145472777
122,435,197,501.4299552280458
82,350,188,503.00099403480306
125,443,196,503.8462066940665
81,350,187,504.0009920625157
113,422,191,505.3009004543728
107,414,187,508.1741827365889
345,727,350,509.0825080475659
349,731,353,510.06666230993767
355,738,361,510.1186136576473
337,720,338,512.1035051627747
346,731,346,514.7319690868248
139,470,190,515.4046953608397
126,451,184,517.1585830284556
365,754,364,520.5324197396354
366,755,364,521.3108477674333
369,756,363,522.7169406093512
111,426,172,524.6808553778192
31,122,216,526.4541765434101
338,730,326,527.6229714483629
118,438,170,528.5470650755711
342,735,327,530.5581966193719
201,573,210,530.6006030904978
339,733,324,531.1732297471325
174,521,187,532.5410782277739
28,121,209,533.2054013229798
241,640,240,536.7327081518323
91,405,157,536.9283006137784
196,571,200,538.8552681379296
60,316,153,539.0111316104706
198,574,200,540.0981392302699
65,322,150,541.6733332923081
360,758,331,544.8678738923777
61,321,144,547.7161673713858
103,428,147,549.7062852105659
106,430,147,549.9972727205109
25,129,184,552.6744068617616
67,331,135,556.2912906023247
56,321,135,556.7045895266178
215,614,201,557.0682184436661
26,160,166,557.9838707346297
64,328,133,558.3950214677777
271,683,243,558.8022906180682
27,177,159,559.1135841669383
177,536,164,559.1940629155499
57,323,131,560.6032465121835
219,618,198,561.6137462705128
274,688,240,564.2003190357127
34,220,138,567.8468103282786
97,425,127,569.0975311842426
24,138,162,569.5278746470624
22,134,162,571.0218909989353
21,135,161,571.5732673944785
33,215,135,571.9195747655434
30,206,136,573.1265130841532
276,695,234,573.2058966898369
43,293,118,575.7299714275782
32,217,128,578.2672392588049
15,100,167,580.1525661410109
18,131,153,580.4894486551844
16,109,162,580.8967205966995
29,206,127,581.8461996094844
14,106,162,582.142594215541
17,129,152,582.1692193855666
181,545,140,584.8221952012424
213,617,171,584.999145298521
13,110,157,585.0444427562747
10,114,150,589.8355703075222
7,109,150,591.8454190073621
180,547,131,593.9730633623043
179,546,130,594.5838881099958
190,585,131,607.6972930662107
295,723,211,608.5030813397743
247,669,168,613.1304918204606
189,585,123,615.0772309230769
11,161,101,619.2285523132796
353,781,246,620.2007739434061
4,149,102,622.0297420541883
8,158,99,622.0490334370756
12,167,94,624.1257886035474
9,164,93,625.9624589382338
6,157,93,628.0668754201259
224,658,144,628.2435833337257
2,143,96,629.651490905882
3,146,94,630.5695837891327
35,260,65,632.2950260756445
19,190,79,632.3171672507398
23,200,75,633.7641517157625
239,668,143,634.0859563182266
238,668,142,634.9503917630101
5,162,84,635.1519503237001
20,199,67,641.775661738586
258,687,134,651.5312732325287
261,689,134,652.5710689265959
297,737,165,653.6206851071958
298,738,164,655.0190836914601
299,741,166,655.2014957247885
220,643,99,660.9841147864297
0,136,63,663.1387486793393
1,138,62,663.4470589278394
269,714,114,682.7547143740569
