109,376,256,22.561028345356956
105,358,277,26.30589287593181
112,376,266,26.627053911388696
104,344,292,42.20189569201838
123,385,282,43.840620433565945
117,357,303,52.08646657242167
121,363,303,52.773099207835045
120,360,306,55.326304774492215
95,319,300,60.21627686929839
82,350,188,63.12685640834652
129,384,307,63.52952069707436
81,350,187,64.1248781675256
98,317,311,70.49113419430843
99,316,313,72.71863585079137
79,280,269,76.15773105863909
119,421,214,76.53757247260981
102,315,321,80.1311425102625
124,340,336,86.14522621712709
107,414,187,87.72684879784524
113,422,191,90.68627239003708
122,435,197,97.3498844375277
89,283,320,99.00505037623081
125,443,196,104.62313319720452
60,316,153,105.1094667477673
65,322,150,105.94810050208545
111,426,172,106.88779163215975
91,405,157,106.94391053257777
59,245,248,109.04127658827184
58,244,248,110.04090148667449
61,321,144,111.97321108193691
110,296,349,113.87712676389407
62,239,258,115.2128465059344
46,243,216,116.3872845288522
118,438,170,116.69190203266035
47,241,221,116.91449867317569
126,451,184,117.88977903109328
67,331,135,118.25819210524064
45,240,217,118.96217886370441
56,321,135,120.60265337047937
155,470,218,120.60265337047937
64,328,133,120.83045973594572
57,323,131,123.9395013706284
54,228,258,126.19429464123962
103,428,147,127.6401190848708
48,227,237,127.76932339180638
106,430,147,128.80993750483694
139,470,190,131.06105447462264
42,227,214,132.2800060477773
178,417,372,136.41847382227965
38,219,215,139.71757226634023
97,425,127,142.88806808127822
37,215,215,143.58621103713267
49,209,254,145.03103116229988
132,309,390,146.102703602637
50,208,257,146.12323566086263
43,293,118,146.32156368765337
145,322,394,146.53668482670133
51,207,258,147.16657229140046
44,206,242,148.27339613025663
127,297,388,148.38463532320318
39,207,230,148.49242404917499
133,307,392,148.62705002791384
156,327,401,152.41062955056645
130,295,394,154.69324484281788
159,321,408,160.4306703844374
136,300,403,161.3071604114337
134,297,402,161.40012391568973
185,515,265,161.60754932861275
143,305,406,162.5607578722491
135,296,403,162.68988905276197
144,302,409,166.33700730745397
187,520,263,166.43316977093238
148,305,412,168.2914139223983
74,198,317,169.38713056191725
131,284,407,170.985379491932
141,296,412,171.1286066091815
157,308,416,171.29214809792072
154,307,416,171.56339936011994
140,294,412,171.81676286090365
158,307,418,173.4877517290486
199,486,364,173.761330565808
80,203,337,173.7728402253931
34,220,138,175.28548142958104
174,521,187,178.84350701101786
206,486,372,179.06702655709677
142,287,419,180.86735471057236
33,215,135,181.04419349981927
137,281,418,182.25805880673698
32,217,128,184.1140950606444
208,486,380,184.5670609832643
202,535,292,185.58555978308226
164,301,429,185.72291188757515
114,239,397,185.85209172887994
203,535,296,186.51005334833832
30,206,136,187.42731924668826
152,289,427,187.61929538296428
161,294,430,188.7882411592417
192,543,260,189.21416437465774
149,283,429,191.637678967368
29,206,127,193.08029417835473
151,283,431,193.49676999888138
146,275,431,196.57314160383152
150,279,433,196.84765683136794
147,276,432,197.0913493789111
27,177,159,199.4818287463798
93,206,385,199.64969321288726
162,284,438,199.6722314193939
211,459,421,199.81241202688085
41,155,270,199.90497742677644
160,282,438,200.38213493223392
40,154,270,200.90047287151916
163,283,439,200.9601950635996
177,536,164,201.72506041639943
94,202,388,204.62893246068603
35,260,65,208.4034548657963
100,207,399,208.5976989326584
171,307,455,209.34421415458323
194,392,458,210.459022139703
26,160,166,211.80415482232638
214,487,417,212.70872102478543
181,545,140,220.91174708466727
201,573,210,222.80484734403782
196,571,200,222.91253890259293
86,161,365,224.1539649437413
212,579,257,225.07998578283232
198,574,200,225.83400983908513
90,177,392,226.29626598775332
101,191,408,226.31394124092313
72,143,334,226.73773395709856
179,546,130,226.947130407062
180,547,131,227.26416347501865
217,457,457,230.31500168247834
218,456,458,230.76611536358627
153,245,455,231.29418496797535
24,138,162,233.6172082702813
23,200,75,233.8632078801623
222,458,461,234.34163095788165
31,122,216,234.62523308459387
25,129,184,234.76371099469355
28,121,209,236.75514777930383
21,135,161,236.7720422685077
22,134,162,237.32045845227924
19,190,79,237.65521244020718
63,128,330,239.40969069776602
226,539,404,240.0708228835816
20,199,67,240.58470441821524
223,585,327,243.1810025474852
18,131,153,243.58366119261777
12,167,94,244.1679749680535
11,161,101,244.43608571567333
225,509,441,245.20399670478457
17,129,152,245.81700510745793
9,164,93,247.1113109511582
231,512,441,247.1113109511582
235,524,431,247.58836806279893
8,158,99,248.03225596683993
233,515,441,249.04015740438328
6,157,93,252.53316613862822
4,149,102,253.4284909002932
236,597,324,253.7282010340987
5,162,84,254.46610776290032
243,521,443,254.46610776290032
246,527,439,255.48581173912575
165,230,475,256.03124809288414
237,493,468,257.70137756713683
209,350,509,258.0310058888272
245,600,332,258.9922778771599
190,585,131,260.30943125442076
10,114,150,260.3862515571819
3,146,94,260.6012279326404
16,109,162,260.66453537065604
210,348,512,261.0689564080724
13,110,157,261.48040079516477
2,143,96,261.8129103004663
248,606,327,263.21094202179364
14,106,162,263.48624252510797
189,585,123,264.09278672466615
252,606,331,264.39364591457183
215,614,201,264.76404589747455
257,588,375,264.8244701684495
7,109,150,265.0018867857359
230,462,493,265.0056603169072
234,467,492,266.1766330841233
188,297,512,267.15164233071823
15,100,167,267.52943763257156
88,133,402,267.6602323842674
254,611,328,268.28715958837836
36,87,280,268.5702887513807
219,618,198,269.2675249635574
184,269,509,271.64130760986995
255,615,327,271.84002648616706
262,614,337,273.85397568777415
250,478,496,274.592425241484
197,308,522,274.8763358312243
213,617,171,274.8981629622141
240,455,507,275.2035610234722
191,298,521,275.74626017409554
205,315,524,275.77164466275354
186,268,514,276.70381276737044
195,300,524,278.28941769316344
251,455,518,285.4645336990219
207,307,533,285.8898389240163
241,640,240,286.2114602876691
256,474,511,286.35642126552705
259,475,511,286.77691678376067
1,138,62,287.0139369438355
0,136,63,287.86802531715813
260,473,514,288.6693610343848
204,296,535,289.8620361482338
263,492,507,290.82640870457413
272,591,421,291.6659047609096
266,491,510,293.00170647967224
273,589,426,293.00170647967224
264,645,292,293.87412271242937
52,71,336,295.4894245146516
55,72,341,296.01351320505626
169,205,508,297.06901555025894
53,70,339,297.3213749463701
168,201,508,299.0953025375023
268,509,507,299.26743892378266
96,111,428,300.6293398855142
69,71,353,300.8205445111753
68,70,353,301.7614952242913
71,71,357,302.2002647252315
278,597,432,303.00165016052307
279,598,431,303.2094985319556
249,414,550,304.9606531997202
70,68,357,305.0114751939671
66,62,352,308.97410894765926
283,611,423,309.2458568841303
286,611,426,310.92442811718735
193,255,546,311.16876449926656
284,628,400,311.8926097232828
176,197,521,312.3283528596147
166,168,503,313.2091952673165
290,599,447,313.7530876342096
280,536,507,314.10189429546585
292,599,449,315.0063491423625
167,166,504,315.2031091217217
289,571,480,315.48375552474965
288,569,482,315.5724956329369
170,185,518,315.9905061864992
172,185,519,316.8359196808342
73,59,368,317.35469115801646
75,57,372,320.7023542164915
175,183,524,322.1335126931068
224,658,144,322.28093334853054
281,673,309,324.2298567374695
78,59,386,324.4225639501667
76,56,382,325.5226566615602
247,669,168,325.75143898377485
220,643,99,326.5348373451139
303,632,423,326.90671452266014
270,452,563,327.0290506973348
300,578,491,328.2925524589311
216,295,574,328.3443314570849
271,683,243,329.09725006447565
227,344,580,329.1519405988669
221,301,576,329.2931824377784
228,344,581,330.15148038438355
183,190,538,330.55256768024054
307,616,453,330.82926110004234
308,638,422,331.50716432680605
239,668,143,332.05421244128195
238,668,142,332.3808057033378
310,621,451,333.600059952033
182,180,536,333.91765451979325
274,688,240,334.18108863309425
173,167,528,334.21250724651225
84,53,397,334.53998266276034
265,403,582,334.6072324382723
315,622,454,336.2038072360276
291,505,552,336.7521343659161
267,412,583,337.02818873204063
77,46,388,337.0949421157191
301,534,539,339.62332075403776
85,47,398,340.37920030460145
276,695,234,341.42349069740357
83,44,398,343.0874524082745
323,649,431,345.5792239125495
128,96,482,346.30189141845585
87,41,402,347.51978360950903
138,105,496,349.32220084042757
258,687,134,352.9560879202964
314,530,557,353.0042492662093
261,689,134,354.8436275319031
277,429,599,355.990168403567
200,203,574,356.5529413705628
333,651,449,356.9495762709349
335,648,455,357.8435412299627
336,624,490,360.58424813072463
242,299,615,368.13176988681647
108,47,455,368.5986977730659
244,299,616,369.120576505835
295,723,211,371.16168983342016
287,418,617,371.553495475416
116,50,465,371.7687453242943
232,283,616,371.8413640250369
115,47,465,374.22586762542215
344,700,398,375.9321747336878
253,299,623,376.0438804182299
337,720,338,376.19808611953357
229,265,622,381.5258837877189
348,602,543,383.10311927730373
351,701,414,383.3770989508893
338,730,326,383.40709435272584
326,494,608,383.46968589446544
330,502,606,384.6153923076922
352,701,417,384.6621894597908
321,470,618,384.8960898736177
269,714,114,385.18696758846863
345,727,350,385.91449830240896
339,733,324,385.9663197741482
334,511,604,386.33922917560415
342,735,327,388.5061132080163
346,731,346,388.7852877874882
349,731,353,390.5547336801847
297,737,165,392.5366224952775
361,652,508,393.51365922925726
298,738,164,393.7321424522006
363,677,479,395.36438888701144
358,612,551,395.68169025114116
299,741,166,396.2246837338633
355,738,361,399.4446144335908
343,507,624,403.16001785891416
341,490,634,406.42957569547025
371,720,433,408.7542048713383
285,346,660,409.0782321268146
357,554,608,409.20532743355136
293,353,661,410.0012195103815
360,758,331,411.8446308985951
294,347,665,414.0591745149478
340,468,650,414.96626368898956
296,350,666,415.0192766607354
365,754,364,415.6549049391815
372,681,508,415.9062394338416
366,755,364,416.6173304124542
347,485,647,417.1055022413394
369,756,363,417.31043600657773
373,680,512,417.6086684924057
354,511,638,417.6338108917907
350,492,647,419.35665012015727
282,316,671,421.7155439392767
302,350,675,424.01886750473733
374,680,523,424.5703710811672
359,516,645,426.00469480981076
275,285,672,426.6169241837459
353,781,246,427.029273001278
312,361,679,428.05723916317544
356,499,654,428.29195649696715
306,350,680,429.01864761336424
304,347,681,430.0569729698613
316,364,681,430.11626335213134
377,656,561,432.78632141046234
309,345,685,434.0933079419677
367,528,650,435.28955879965696
320,361,687,436.05618903989887
362,490,666,436.7161549565118
376,622,596,436.8626786531438
379,726,482,437.8869717175883
317,351,689,438.01027385210955
318,349,691,440.028408173836
328,368,694,443.22116375462036
329,368,695,444.2206658857735
378,634,596,444.3253312607779
375,580,634,444.7077692147957
382,647,597,453.3927657120259
383,641,604,454.9483487166428
381,631,613,455.82123689007733
387,639,611,459.156835950419
391,700,553,459.26027478979717
384,627,621,459.8140928679764
313,297,710,462.525674963023
388,638,618,464.05279872014563
305,277,713,468.3727148329629
397,763,492,474.72307717236583
311,274,719,474.78837390989264
398,765,489,474.93683790584197
364,424,721,475.1841748206689
368,424,723,477.16244613338966
325,289,727,480.417526741063
331,303,729,480.71301209765477
322,280,726,480.72965375562177
324,285,727,480.9750513280289
319,275,726,481.5246618814035
327,286,731,484.79273921955553
393,568,695,492.88132445853535
332,278,740,494.8706901807784
385,505,725,497.4706021464987
380,485,731,497.5550220829853
370,382,748,497.7881075317087
392,541,713,498.4104734052044
401,557,719,510.13037549238334
386,472,748,510.8160138445153
402,559,719,510.929545045107
389,484,747,512.7533520124466
407,702,628,513.0623743756698
404,587,710,514.7523676487559
410,722,614,516.9071483351725
406,661,669,518.6260695337248
411,704,635,519.572901525859
408,675,660,519.9249945905659
390,470,758,520.1009517391792
412,710,632,521.4374363238604
409,675,665,523.8673496220202
394,482,760,524.8475969269556
405,599,719,528.2508873631922
395,465,771,531.7151493045877
396,467,771,532.1362607453095
399,477,773,536.295627429499
400,477,774,537.2690201379565
403,480,782,545.7444456886392
414,724,658,550.0445436507847
413,688,693,554.0036100965408
415,705,711,578.6199097853444
