349,731,353,5.0
346,731,346,5.656854249492381
337,720,338,13.892443989449804
355,738,361,15.556349186104045
338,730,326,24.186773244895647
342,735,327,24.351591323771842
339,733,324,26.68332812825267
365,754,364,30.4138126514911
366,755,364,31.304951684997057
369,756,363,31.78049716414141
360,758,331,36.359317925395686
344,700,398,55.072679252057455
281,673,309,67.80117993073571
351,701,414,69.07966415668217
352,701,417,71.8679344353238
371,720,433,83.2946576918352
264,645,292,100.43903623591775
284,628,400,110.90987332063814
323,649,431,112.44998888394787
262,614,337,113.7453295744489
255,615,327,114.33722053644648
308,638,422,114.47707194019246
271,683,243,115.69356075426151
274,688,240,116.70903992407786
353,781,246,117.18361660232202
254,611,328,118.06777714516353
303,632,423,119.80818002123227
276,695,234,120.33287165193059
252,606,331,122.48265183282079
248,606,327,123.1665539016173
333,651,449,124.80785231707178
245,600,332,128.2692480682724
335,648,455,131.40015220691336
379,726,482,132.00378782444085
236,597,324,132.5745073534124
283,611,423,137.05838172107534
363,677,479,138.351002887583
286,611,426,138.67948658687772
295,723,211,139.05754204644924
241,640,240,140.24621207005913
257,588,375,141.23030836190935
223,585,327,143.85061696079026
398,765,489,144.10065926289164
310,621,451,146.4137971640651
397,763,492,146.4923206178399
315,622,454,147.78700890132393
307,616,453,151.42654985173505
279,598,431,152.32202729743324
272,591,421,153.4177303964571
278,597,432,153.7010084547268
273,589,426,157.54364474646383
290,599,447,160.60199251565965
292,599,449,161.8177987738061
372,681,508,164.5600194457937
373,680,512,168.6801707374047
336,624,490,173.80736463107655
212,579,257,174.79416466232504
361,652,508,174.89711261195822
374,680,523,179.27074496414633
299,741,166,184.53184007102948
297,737,165,185.27007313648906
298,738,164,186.3249849054066
215,614,201,187.00267377767625
219,618,198,187.04277585621958
247,669,168,191.01832372837953
226,539,404,195.6016359849784
203,535,296,199.44924166313595
202,535,292,200.5691900566984
289,571,480,203.06649157357302
391,700,553,204.78769494283586
192,543,260,204.83163818121457
300,578,491,205.1389772812568
288,569,482,205.8834621818858
201,573,210,208.12496246245908
213,617,171,210.09759636892565
198,574,200,214.26385602802915
239,668,143,215.24404753674375
238,668,142,216.20592036297248
196,571,200,216.4162655624572
224,658,144,217.24870540465827
235,524,431,218.56349191939628
246,527,439,218.908656749796
261,689,134,219.31712199461307
258,687,134,219.6724834839357
377,656,561,222.62524564837653
187,520,263,224.53952881397075
243,521,443,226.01991062736045
185,515,265,228.40534144367115
348,602,543,229.94347131414713
233,515,441,230.70543990118657
358,612,551,231.5728826957077
231,512,441,233.46520083301493
225,509,441,236.23081932719955
269,714,114,236.35777964771967
199,486,364,241.40629652103112
206,486,372,242.00206610688264
208,486,380,242.86004199950224
280,536,507,247.24481794367298
214,487,417,249.1766441703556
382,647,597,259.6324324887012
190,585,131,261.00766272276377
237,493,468,262.0686932847951
174,521,187,262.68802789621
378,634,596,262.9923953273174
410,722,614,264.04734423962685
220,643,99,264.6828290615015
177,536,164,266.6027006614899
376,622,596,267.4714938082187
189,585,123,267.75548547135315
383,641,604,268.16412884649577
268,509,507,268.650330355278
301,534,539,270.12959852633696
387,639,611,275.4360179787676
211,459,421,277.24537868105216
181,545,140,277.8920653779089
407,702,628,279.12183719659055
381,631,613,279.9732130043873
388,638,618,282.39157211220027
412,710,632,282.51194665004874
263,492,507,282.61988606607287
180,547,131,283.4801580357962
179,546,130,284.8876971720611
266,491,510,285.12453419514776
314,530,557,285.7586394144541
411,704,635,285.9265639985204
250,478,496,288.6468430452687
384,627,621,288.8615585362649
155,470,218,288.9169430822637
217,457,457,290.42899304305
222,458,461,291.00171820798585
218,456,458,291.7276126800478
234,467,492,296.24989451474914
259,475,511,299.0401310861136
256,474,511,299.88331063932185
291,505,552,300.1466308323317
230,462,493,301.1212380420883
260,473,514,302.34417474130373
139,470,190,302.7358584641073
414,724,658,308.0146100430952
357,554,608,310.6332242372023
178,417,372,310.7796647144082
240,455,507,314.058911671043
408,675,660,314.33103569326397
409,675,665,319.2632142919068
251,455,518,319.69985924300937
375,580,634,319.7889929312765
126,451,184,322.0745255371806
125,443,196,323.066556610244
406,661,669,325.75604368913866
122,435,197,329.6558811852141
334,511,604,333.4246541574273
119,421,214,334.8611652610676
118,438,170,340.4717315725345
330,502,606,340.82400150224163
113,422,191,343.95639258487404
413,688,693,345.21008096520006
129,384,307,345.6848275524976
326,494,608,347.6391807607422
270,452,563,347.84191811798644
123,385,282,348.69470887869807
111,426,172,349.6927222576987
343,507,624,351.3915195334116
194,392,458,351.9786925369205
107,414,187,352.8994190984168
106,430,147,359.7471334145694
354,511,638,360.0
367,528,650,360.0013888862097
112,376,266,360.91134645505394
103,428,147,361.4000553403389
415,705,711,361.6697388502389
359,516,645,362.6927073984256
109,376,256,363.3689584981084
121,363,303,367.02179771779225
120,360,306,369.6281915655244
341,490,634,369.8986347636336
321,470,618,371.3125368203988
249,414,550,371.44178547923224
117,357,303,372.97318938497443
91,405,157,375.41044204976504
97,425,127,375.41044204976504
105,358,277,376.1515651967967
350,492,647,378.72681447185647
393,568,695,379.87629565425635
356,499,654,380.0
347,485,647,383.109644879896
92,354,251,385.91449830240896
404,587,710,386.2641583165593
124,340,336,387.25314717894804
104,344,292,387.36675128358655
277,429,599,388.33619455312174
405,599,719,390.5700961415249
267,412,583,391.8086267554608
362,490,666,395.0
340,468,650,396.3344547222712
265,403,582,398.4971769034255
156,327,401,403.2381430370892
402,559,719,405.4442008464297
401,557,719,406.2769991028289
145,322,394,407.3831120701986
392,541,713,407.87865842674336
287,418,617,408.37482782365515
209,350,509,409.1576713199937
159,321,408,410.1219330881976
82,350,188,410.33279176785277
81,350,187,410.7286208678426
95,319,300,411.052308106888
98,317,311,411.8507011041744
210,348,512,412.1710809845834
99,316,313,412.66208936610593
102,315,321,413.0193700058146
132,309,390,419.90951406225605
133,307,392,422.0947760870774
157,308,416,424.16624099520226
154,307,416,425.154089713365
158,307,418,425.46915281839176
143,305,406,425.6994244769424
148,305,412,426.5301865050116
144,302,409,429.0757508878823
136,300,403,430.2766551882637
110,296,349,431.00116009124616
127,297,388,431.6758042790909
171,307,455,432.92609068985433
134,297,402,433.132774100506
164,301,429,433.26319945271143
130,295,394,434.234959440163
135,296,403,434.24647379109484
141,296,412,435.4365625438452
385,505,725,435.7854976935327
140,294,412,437.41627770351664
161,294,430,440.32828662260613
152,289,427,444.71676379466516
89,283,320,445.01235937892784
142,287,419,445.3773680823937
131,284,407,446.65198980862044
227,344,580,446.75384721342914
205,315,524,447.2359556207439
228,344,581,447.2694937059759
67,331,135,450.60071016366584
149,283,429,450.9733916762717
137,281,418,451.1540756770352
151,283,431,451.32804034316325
380,485,731,451.3590588434002
162,284,438,451.6558424287236
65,322,150,451.6912662427734
163,283,439,452.83219850182917
197,308,522,452.9293543147761
160,282,438,453.61768043143996
64,328,133,454.1915895302334
79,280,269,454.27964955520514
61,321,144,455.27134765983243
150,279,433,455.623748283603
60,316,153,455.7740668357514
207,307,533,458.1364425583278
147,276,432,458.3939353874569
146,275,431,459.2003919858954
56,321,135,459.41375686846817
188,297,512,459.5040805041888
57,323,131,459.53998737868284
195,300,524,461.09109728989563
191,298,521,461.82464204500826
389,484,747,465.4653585391721
204,296,535,469.02665169476245
386,472,748,472.682768884164
394,482,760,477.62432936357
364,424,721,479.0093944798995
368,424,723,480.56008989511395
390,470,758,482.1960182332492
221,301,576,482.23645652314593
184,269,509,484.81439747598256
293,353,661,486.4123764872765
216,295,574,486.6210024238576
186,268,514,487.41871117141164
114,239,397,490.2580952926734
285,346,660,491.1832651872415
316,364,681,491.25349871527635
399,477,773,491.35425102465535
296,350,666,491.91970889566926
43,293,118,492.11787205912367
312,361,679,492.1351440407401
400,477,774,492.2154000028849
59,245,248,492.6743346268405
153,245,455,493.3041658044254
294,347,665,493.5838327984416
58,244,248,493.6527119342099
396,467,771,494.81410650869685
395,465,771,495.86792596416234
62,239,258,496.5964156133228
328,368,694,497.20921149954575
320,361,687,497.51884386422995
403,480,782,497.627370629872
302,350,675,497.74893269599283
329,368,695,497.90159670360566
306,350,680,501.0279433325052
46,243,216,502.20712858341625
47,241,221,502.8289967772344
242,299,615,503.3974572840034
244,299,616,503.9245975341946
304,347,681,503.9454335540704
45,240,217,504.83462638769146
317,351,689,506.25783944547464
54,228,258,507.41009055792335
253,299,623,507.65441000743806
309,345,685,508.08365452944855
318,349,691,509.0825080475659
193,255,546,511.0772935672255
165,230,475,512.4782922231926
48,227,237,512.609988197655
232,283,616,517.5828436105663
42,227,214,518.1659965686672
282,316,671,521.4997603067523
93,206,385,522.1743004016954
100,207,399,522.3035515866228
80,203,337,524.1612347360305
38,219,215,525.6320005479118
94,202,388,526.3734415792651
370,382,748,526.7152931138415
49,209,254,526.8206525944099
50,208,257,527.2665360138077
51,207,258,528.075752141679
37,215,215,529.4988196398552
74,198,317,530.0283011311755
44,206,242,532.0761223734814
39,207,230,533.6665625650534
229,265,622,536.1231201878911
101,191,408,539.1289270666155
169,205,508,545.3879353267727
275,285,672,546.8528138356792
35,260,65,547.0959696433524
168,201,508,549.2176253544673
34,220,138,549.5388976223612
90,177,392,551.6013052921467
33,215,135,555.3098234319289
32,217,128,556.2229768716859
176,197,521,556.9030436260875
313,297,710,560.8029957123981
30,206,136,563.2379603684396
86,161,365,566.1987283631075
29,206,127,566.7186250689138
170,185,518,567.4398646552778
172,185,519,567.7367347635698
331,303,729,568.6976349520015
183,190,538,568.9578191746731
200,203,574,569.8701606506521
175,183,524,571.1497176747968
41,155,270,577.5673120944432
182,180,536,577.7586001090767
325,289,727,577.9039712616622
305,277,713,578.1600124532999
40,154,270,578.5576894312269
166,168,503,579.5601780660918
324,285,727,580.9414772591126
167,166,504,581.7533841758035
27,177,159,582.2207485138262
327,286,731,582.7881261659335
322,280,726,584.1104347638382
72,143,334,584.2191369683126
311,274,719,584.2687737676899
173,167,528,587.6087133458796
319,275,726,587.9455757125825
23,200,75,594.4358670201522
332,278,740,594.7276687694965
26,160,166,596.1082116528844
88,133,402,596.2717501274062
20,199,67,599.0600971521973
63,128,330,599.3337968110926
19,190,79,601.5064421932653
12,167,94,615.7402049566034
24,138,162,618.2758284131768
11,161,101,618.3502243874422
9,164,93,618.8844803353853
31,122,216,619.6620046444674
25,129,184,620.612600581071
96,111,428,620.9186742239276
21,135,161,621.4378488634242
8,158,99,621.9019215278242
22,134,162,622.0876144081315
28,121,209,622.1872708437548
5,162,84,624.4845874799473
6,157,93,625.2591462745667
18,131,153,627.7141068989927
4,149,102,628.9578682233016
17,129,152,629.9269798952892
3,146,94,634.8992045986512
2,143,96,636.8453501439733
138,105,496,638.9053137985316
36,87,280,643.8167441127949
128,96,482,644.6588244955622
10,114,150,644.8015198493255
16,109,162,645.962847228848
13,110,157,646.4812448942351
14,106,162,648.8335687986558
7,109,150,649.5567719606963
15,100,167,653.1600110233326
55,72,341,655.061829142868
1,138,62,655.640907814636
69,71,353,656.0068597202319
71,71,357,656.0373464978957
52,71,336,656.1493732375274
0,136,63,657.0007610345668
68,70,353,657.0068492793663
53,70,339,657.0920787834838
70,68,357,659.0371764931019
66,62,352,665.0030075119961
73,59,368,668.2424709639458
78,59,386,668.9693565478168
75,57,372,670.3610967232511
76,56,382,671.7626068783525
84,53,397,675.6367367158183
85,47,398,681.6920125687259
77,46,388,682.0593815790528
83,44,398,684.6845989212843
116,50,465,686.6978957299928
87,41,402,687.9680225126747
108,47,455,688.058863760943
115,47,465,689.6557112066861
