67,128,331,15.297058540778355
66,128,329,15.811388300841896
86,161,365,35.84689665786984
43,124,283,54.42425929675111
76,197,318,56.32051136131489
81,202,336,59.033888572581766
44,154,270,64.93843238021688
45,155,270,65.11528238439882
89,177,392,67.23094525588644
87,133,402,68.73136110975832
71,71,353,74.46475676452586
70,70,353,75.43208866258443
72,68,357,78.44743462982075
39,87,278,79.19595949289332
93,206,385,81.05553651663777
94,205,387,81.5659242576212
69,61,352,83.95236744726142
100,192,405,86.2670273047588
102,190,407,86.82165628459296
101,206,398,89.80534505250787
74,59,367,90.24965373894794
75,57,372,94.02127418834527
77,56,380,98.41239759298622
80,59,386,98.79271228182775
96,111,428,99.29753269845128
56,207,257,100.12492197250393
55,208,255,102.30347012687302
54,208,253,103.85566907973777
78,45,387,111.4136436887332
49,206,242,111.50336317797773
57,227,257,113.95174417269794
48,206,238,114.82595525402782
84,47,397,114.82595525402782
114,239,397,114.82595525402782
82,43,397,118.1905241548577
31,123,214,121.6552506059644
65,239,258,122.44182292011173
42,206,228,123.30855606972291
29,121,208,127.90621564255585
53,227,236,129.07362240210043
60,243,248,131.89389675038038
61,245,248,133.41664064126334
40,215,217,137.37903770226373
88,283,319,140.80127840328723
41,219,215,141.19844191774922
46,228,213,147.87156589419075
52,241,220,150.33296378372907
26,129,183,151.64761785138597
50,240,217,151.9802618763371
79,280,267,152.50573759698355
106,48,454,153.05227865013967
111,296,352,154.05518491761322
129,96,482,155.283611498445
51,243,215,155.43809056984713
154,245,454,157.49285698088025
132,284,407,158.7765725792064
116,49,464,160.4244370412438
138,281,417,161.0372627685903
115,47,464,161.60445538412608
128,297,388,163.19313711060278
169,230,474,164.83021567661677
131,297,393,164.9151296879701
149,276,432,165.20593209688326
148,277,431,165.42369842317032
139,102,495,166.13849644197458
145,287,419,167.2154299100415
135,296,402,167.4305826305338
153,279,433,168.21712160181556
27,160,166,168.8579284487406
141,293,412,169.06803364326444
152,283,429,169.1892431568863
136,299,401,169.77926846349644
171,168,502,169.84993376507393
155,283,431,170.3202865192517
151,288,425,171.1899529762188
156,285,430,171.40595088852663
137,300,403,171.49344010777787
172,166,504,171.5488268686207
144,296,412,171.73526137634053
17,100,167,172.44709333589824
24,138,161,173.07223925286226
23,135,161,173.18487231857176
22,133,161,173.2887763243771
104,316,321,173.4877517290486
165,282,438,173.60011520733505
134,307,392,173.95401691251627
97,316,311,174.52220489095365
167,283,439,175.0
166,284,438,175.2055935180153
16,107,162,175.72706109191037
146,302,409,175.80102388780332
143,304,405,175.96022277776305
92,316,299,176.50495743746123
99,318,310,176.63804799646084
15,107,160,177.68511473953018
164,294,429,178.39843048636948
150,305,412,179.79988876526036
14,110,157,180.0499930574839
28,177,157,180.23595645708434
19,131,153,181.39735389470266
18,130,152,182.4636950190366
168,301,427,183.33848477611022
159,307,416,183.35757415498276
160,308,416,184.25254408012933
163,307,418,184.26068490049633
173,201,509,184.36105879496353
174,204,508,184.3827540742355
11,114,150,186.27130750601393
8,109,150,187.11493793922494
177,204,511,187.21645226849054
140,322,389,187.2591786802452
175,185,518,188.73261509341728
147,322,394,188.7882411592417
178,185,519,189.70766985021982
157,321,404,191.2694434560837
161,321,406,192.01041638411183
170,314,424,193.238194982255
181,183,524,194.164878389476
158,327,400,195.47889911701466
180,167,528,195.47889911701466
183,197,524,197.52468200202222
125,341,335,198.00252523642217
176,307,455,203.8062805705457
98,341,284,204.215572373901
188,180,536,205.36065835500236
32,206,136,207.78113485107352
189,184,538,208.07931180201456
190,198,537,210.3188056261256
35,220,138,210.58252539087852
192,204,536,211.00947846009194
191,190,540,211.29363454680788
34,215,135,211.62466774929618
193,266,509,213.90184664934523
194,269,509,215.64090521049107
118,357,304,216.0925727552893
30,206,127,216.37467504308356
121,359,305,217.9380645963435
33,217,128,218.8880992653552
196,268,514,219.14607000811125
119,361,302,220.33610689126738
122,362,306,220.7826985975124
198,272,516,223.0807028857494
108,360,277,224.36131573869858
91,354,250,227.1057022621845
5,149,102,232.07757323791543
12,161,101,233.69424468736923
199,297,512,235.3720459187964
9,158,99,235.47823678633233
3,143,95,239.0
206,255,546,239.76655313033135
4,146,94,240.01874926763534
13,167,94,241.19701490690136
7,157,93,241.40629652103112
10,164,93,241.91320757660174
112,376,266,242.72000329597887
202,298,521,242.88680491125902
130,385,304,243.85241438214223
109,376,256,245.70917768776974
211,199,574,246.4467488119898
207,300,524,246.4731222669117
124,385,282,247.52373623553763
2,146,84,250.01799935204664
209,308,522,250.13796193301008
63,316,153,250.3797116381437
133,392,305,250.68306683938587
215,295,534,251.20509548972132
6,162,83,251.7180962902747
83,350,187,253.88580109962825
85,351,188,254.12595302329905
216,314,524,255.6188568944005
68,322,150,256.7041098229633
218,307,533,257.87012234844116
20,188,78,259.9249891795708
64,321,144,260.35360569809666
47,292,119,261.5836386320826
58,320,133,267.8245694479877
25,201,72,268.3430640057611
219,350,509,271.0608787708031
220,348,512,271.4940146669904
62,325,132,271.89703933658416
1,139,62,272.02941017470886
0,136,62,272.0900586203031
59,323,129,272.8094573140748
21,198,64,275.54491466909707
205,390,457,275.93115083295686
185,417,374,276.90431560378397
38,277,89,279.25078334715556
37,274,87,279.58898404622454
232,295,574,284.08449447303525
240,301,576,289.0121104729004
36,262,66,293.2319900692965
120,421,212,303.59183124715327
107,414,187,308.3018001893599
113,421,192,312.166622174761
248,283,614,313.04951684997053
250,266,624,315.0063491423625
90,405,157,316.18507238641104
246,344,580,317.67436157172017
247,345,580,318.30802691732424
259,299,615,321.39850653044425
260,299,616,322.27317604789886
123,435,195,323.39604202896487
267,299,622,327.53625753494833
110,427,170,327.95121588431414
126,443,194,331.058907144937
236,456,458,336.6674917481639
235,457,457,337.23137457834497
117,438,170,337.52185114448514
239,458,460,339.2653828494738
103,428,145,341.97368319799114
210,485,363,343.2273299141547
127,451,182,343.4646997873289
105,430,145,343.64225584174017
217,485,372,344.1046352492218
162,470,219,346.63237009835075
266,415,550,347.3326935374786
95,424,122,352.00142045167945
228,486,414,352.20590568586437
230,487,414,353.17984087430585
256,453,506,354.5193929815406
249,462,493,356.4295161739555
142,470,189,357.7065836687941
281,403,582,359.310450724718
227,497,399,359.9180462271932
254,467,492,360.4719129141687
268,455,518,362.2154055254967
241,496,422,363.8035183996988
292,285,672,366.61696632861936
283,413,583,367.2887147735416
251,490,468,371.9744614889576
265,478,496,372.1142297736006
242,507,418,373.56659379553736
273,474,511,375.3531670307312
275,473,514,375.89892258425004
274,475,511,376.2352987161093
195,515,265,378.34508058120696
300,316,671,378.81129866993143
197,520,263,383.6274234201721
303,346,660,384.0377585602749
287,452,563,384.6062922002187
309,353,659,386.9431482789171
278,492,506,389.08225351460067
280,491,509,389.52406857599954
296,429,599,389.8987047939503
312,351,664,390.08204265256813
214,534,294,393.04071035962676
212,534,291,393.35734389992007
305,418,617,394.60613274504493
319,350,673,397.20271902392614
245,539,403,401.96641650764803
325,277,713,401.99129343805447
323,350,679,402.3356807443257
324,347,681,402.5232912515747
284,508,507,403.92326003833944
179,520,185,405.37636832948215
332,297,710,406.31514862234707
331,273,719,406.3557554655772
329,360,678,406.7247226319049
335,294,712,407.04422364160877
204,543,258,407.15598976313737
336,363,680,410.01951173084433
338,351,689,411.4474450036116
339,349,691,412.1710809845834
341,275,726,413.62785206027894
343,278,726,414.59498308590275
345,292,721,414.69265727765185
342,361,687,414.889141819836
282,534,474,415.3083192039379
347,283,727,417.1918024122718
328,442,626,417.92941987852447
349,289,727,419.2433660775087
350,368,690,421.1424937001727
308,504,551,421.2006647668068
337,443,631,422.14807828533344
351,368,692,422.8344829835902
353,286,732,422.91015594331617
354,368,694,424.5291509425472
356,302,729,425.80042273346794
340,450,631,427.15102715550154
357,278,740,427.8562842824679
182,535,162,428.07475982589773
298,536,507,429.3925942537901
344,470,618,433.110840316887
321,534,539,441.48159644542375
243,585,326,442.07239226172
225,579,257,442.7471061452576
203,567,200,444.6706646496933
352,494,608,445.2830560441302
271,587,375,445.888999640045
334,530,557,446.65198980862044
187,546,139,447.69855930078666
213,573,209,447.8001786511479
355,501,607,450.21439337275746
208,573,199,450.6939094329987
302,570,479,450.9478905594304
307,569,482,450.97671780259344
184,546,130,451.6912662427734
186,547,131,452.133829745132
253,596,325,453.0893951528771
291,589,426,455.38994279628093
369,470,651,455.43166337003845
359,510,604,455.61935867563835
289,591,421,456.3693679466228
261,600,332,457.00437634666037
368,492,634,460.2184264020727
264,605,330,462.01731569282117
320,578,491,462.4651338209184
263,606,327,463.05291274324145
374,485,647,463.6086711872417
295,597,430,464.03879148191913
297,598,431,465.2246769035366
372,507,624,465.3987537585377
269,611,328,468.03845995815345
377,492,647,468.7963310436634
310,600,446,470.5241757869621
277,614,336,471.0042462653601
311,600,448,471.0042462653601
270,615,326,472.06779174182174
304,611,426,476.95702112454535
380,511,638,477.32588448564155
396,382,748,478.0345175821512
301,613,422,478.1673347270807
383,499,654,478.6815225178428
392,424,722,479.06680118747533
388,490,666,480.2426470025335
395,424,724,480.68804853043724
386,517,643,485.1360633884065
327,616,453,487.7396846679589
201,586,129,488.1331785486416
200,583,121,488.84455607074113
231,613,199,489.004089962446
223,603,165,490.06224094496406
306,629,401,490.5965756097366
222,602,160,490.87371084628273
317,626,423,491.1313469938566
330,621,451,492.1107598904946
233,616,198,492.16359068911225
333,621,453,492.590093282437
384,554,608,493.9605247385665
322,631,422,495.8709509539755
221,604,150,496.36377788875774
393,528,650,498.07730323715816
229,617,172,500.9191551538032
326,638,421,502.5873058484466
279,644,294,502.5942697643896
224,614,156,503.51266121121523
375,602,543,504.3431371596128
362,623,491,505.023761817204
257,640,240,505.811229610415
226,617,155,506.6724780368478
409,438,754,513.2494520211395
346,648,430,514.0437724552258
382,611,549,515.0233004437761
234,628,159,515.6064390598706
238,631,159,518.4293587365592
361,648,454,519.0616533707725
358,651,447,520.4161796101271
360,651,449,520.8541062524131
410,484,730,522.5868348896669
258,653,204,526.3078946776307
416,471,747,527.4021236210564
401,577,636,528.7343378295002
299,673,309,530.5892950295926
414,505,722,530.6486596609851
417,506,724,532.7935810424145
418,505,726,533.5803594586292
422,461,763,534.008426899801
420,483,746,534.1760009584856
421,470,757,534.6568993289061
387,652,508,537.9191389047243
428,463,771,541.6354862820567
427,482,759,543.6414259417691
430,467,771,544.0082719959321
402,620,596,544.2177872874057
288,683,243,547.6139150898194
285,682,233,548.3812542383264
244,658,144,548.9307788783573
404,625,600,550.5270202269821
434,477,772,550.8175741568165
425,542,714,551.0
435,477,773,551.6130890397725
262,669,166,552.1775076911409
290,687,238,552.4056480522262
237,642,97,552.4219401870276
389,677,479,553.3362449722591
294,692,245,556.1672410345651
407,634,596,556.5294241996554
426,568,695,557.6253222370734
252,666,139,558.1702249314271
293,693,234,559.0169943749474
370,699,396,559.4461546922993
255,667,138,559.456879482235
438,480,782,560.6005708166912
403,656,561,560.9795005167301
411,631,613,562.1254308426189
376,700,413,562.574439518896
415,627,621,562.6944108483751
436,550,723,563.0008880987667
378,700,416,563.0035523866612
398,679,510,564.1560067924474
437,552,723,564.4484033107012
399,681,508,565.4378834142615
413,641,604,566.4838920922642
412,647,597,568.4936235350402
400,680,521,568.6281737655988
419,638,618,570.6846765070883
363,719,338,576.0138887214439
367,722,350,579.2210286237888
272,687,132,580.2930294256514
366,724,344,581.0860521471841
316,717,241,581.4851674806504
439,587,710,581.817840908991
276,689,132,582.1683605281207
373,725,352,582.2782839845567
397,720,433,585.4314648188974
364,730,326,587.0545119492738
365,732,323,589.1027075137238
405,712,497,591.8868135040685
371,735,327,592.0413836886743
406,714,497,593.8097338373631
381,737,360,594.5687512811281
440,598,717,594.7385980411899
314,725,210,595.0630218724737
424,700,553,598.5064744846125
408,726,482,601.4923108402966
390,753,363,610.6889551973246
391,754,364,611.7360541933098
441,649,679,612.42223996194
286,714,112,612.6377396145294
385,756,330,613.0130504320442
394,756,363,613.6855872513221
348,749,224,615.9025897006766
442,661,669,616.8865373794439
313,737,165,617.5734774097734
315,738,164,618.8093405888441
318,741,164,621.6944587174636
444,675,660,623.9390995922599
445,675,665,626.5660380199361
449,670,681,630.9817746971778
443,702,628,631.5987650399579
447,704,635,636.6490398956084
432,763,488,638.8395729758763
433,763,491,639.5693863843078
448,710,632,640.5411774429494
446,722,614,643.1492828263124
379,780,245,643.187375497996
423,790,415,652.0506115325711
451,645,752,653.2442116084918
429,800,415,661.9743197435985
431,803,416,665.0744319247283
450,724,658,665.2345451042061
452,705,711,676.7370242568379
