50,240,217,3.1622776601683795
51,243,215,5.385164807134504
46,228,213,14.7648230602334
53,227,236,21.2602916254693
41,219,215,22.561028345356956
40,215,217,26.1725046566048
60,243,248,28.071337695236398
61,245,248,28.284271247461902
42,206,228,35.90264614203248
65,239,258,38.05259518088089
48,206,238,39.35733730830886
57,227,257,39.56008088970496
49,206,242,41.340053217188775
54,208,253,46.66904755831214
55,208,255,48.104053883222775
56,207,257,50.24937810560445
79,280,267,61.07372593840988
35,220,138,84.64632301523794
34,215,135,88.88756943465155
28,177,157,89.80534505250787
32,206,136,91.0
33,217,128,95.0789145920377
27,160,166,97.3498844375277
30,206,127,99.36800289831733
45,155,270,99.4786409235671
44,154,270,100.34440691936945
63,316,153,100.56838469419701
68,322,150,107.05606008068857
76,197,318,107.42439201596628
88,283,319,107.54068997360952
92,316,299,108.93117092916977
64,321,144,110.34491379306978
47,292,119,113.14592347937243
83,350,187,113.8859078200635
85,351,188,114.56002793295748
91,354,250,116.91449867317569
58,320,133,117.51595636338071
97,316,311,117.92370414806346
26,129,183,117.95338062132852
31,123,214,118.15244390193544
99,318,310,118.44407963254221
24,138,161,118.70130580579136
98,341,284,118.72657663724664
29,121,208,120.59850745345068
23,135,161,121.31364309095659
62,325,132,121.6552506059644
81,202,336,122.38055401083949
59,323,129,122.494897852931
22,133,161,123.06502346320826
104,316,321,125.80143083447024
19,131,153,128.79829191413992
18,130,152,130.17296186228538
108,360,277,131.94695904036593
43,124,283,132.8834075421006
38,277,89,135.85654198455074
37,274,87,137.03284277865654
109,376,256,139.71757226634023
112,376,266,142.6218777046495
111,296,352,143.0
118,357,304,143.22011031974526
12,161,101,143.39107364128355
11,114,150,145.01379244747721
119,361,302,145.3409783921933
14,110,157,145.3616180427282
121,359,305,145.4269576110289
16,107,162,146.01369798755184
13,167,94,146.12323566086263
9,158,99,146.7310464761974
15,107,160,146.81961721786362
122,362,306,148.44864431849825
10,164,93,148.51935900750448
8,109,150,149.41218156495808
5,149,102,149.6262009141447
73,143,334,150.33296378372907
17,100,167,150.63200191194434
20,188,78,151.56846637740978
7,157,93,152.26621424334422
125,341,335,152.3975065412817
25,201,72,153.3101431738944
36,262,66,155.42522317822161
124,385,282,156.7801007781281
66,128,329,157.00318468107582
4,146,94,157.8005069700348
6,162,83,158.14550262337528
67,128,331,158.39823231336896
3,143,95,158.83639381451596
21,198,64,161.8177987738061
39,87,278,164.5600194457937
86,161,365,165.60495161679194
2,146,84,165.89454481688057
130,385,304,166.70932787339765
93,206,385,168.67127793433
94,205,387,170.83617883809038
133,392,305,173.28012003689287
90,405,157,175.6843760839307
107,414,187,176.11927776367924
114,239,397,177.01129907438113
128,297,388,177.08754896942924
120,421,212,180.17769007288334
101,206,398,181.4083790788066
131,297,393,181.8378398463862
113,421,192,182.1647605877712
89,177,392,183.52111595127138
134,307,392,184.22811946062956
140,322,389,187.40864441108366
1,139,62,188.06381895516213
0,136,62,189.70766985021982
136,299,401,190.06577808748213
135,296,402,190.12890364171355
100,192,405,191.3792047219342
132,284,407,191.88017094009479
147,322,394,191.92967462067975
137,300,403,192.27584351654787
110,427,170,192.60321908005588
102,190,407,193.82982226685345
143,304,405,195.4328529188478
123,435,195,195.6041921841145
146,302,409,198.600100704909
141,293,412,198.9170681465017
158,327,400,199.48934808655824
144,296,412,199.7223072167954
157,321,404,200.63897926375125
138,281,417,201.0198995124612
103,428,145,201.47952749597167
150,305,412,202.3857702507763
161,321,406,202.47468977627796
117,438,170,203.24615617521528
105,430,145,203.33715843396652
126,443,194,203.66639388961548
145,287,419,204.2473990042468
159,307,416,206.81392603013947
160,308,416,207.13522153414664
95,424,122,207.5885353289049
163,307,418,208.71032557111303
151,288,425,210.3188056261256
87,133,402,211.6317556511782
152,283,429,213.17832910500073
127,451,182,213.41040274550818
148,277,431,214.04905979704745
156,285,430,214.56001491424257
149,276,432,214.8697279748825
155,283,431,215.13948963405113
168,301,427,215.5203006679417
164,294,429,215.61539833694624
71,71,353,215.84485168750263
153,279,433,216.3631207022121
70,70,353,216.6333307688362
170,314,424,216.6679487141557
72,68,357,220.6762334280699
165,282,438,221.82200071228283
166,284,438,222.20036003571192
167,283,439,222.9910312097776
69,61,352,223.2129028528593
162,470,219,229.00218339570478
142,470,189,231.08872754853275
185,417,374,233.8632078801623
74,59,367,233.95084953895764
154,245,454,234.03418553707064
75,57,372,238.66294224282078
176,307,455,244.09219569662608
77,56,380,244.59149617270018
96,111,428,245.2835094334717
80,59,386,246.3331078032346
169,230,474,254.23807739990482
78,45,387,257.4975728040946
84,47,397,262.6118809193522
82,43,397,265.58049627184596
195,515,265,277.67066823847273
205,390,457,279.94642344563005
179,520,185,281.18677067031444
197,520,263,282.29417280560364
210,485,363,282.81619472724685
217,485,372,287.4717377412952
193,266,509,290.07929950273945
194,269,509,290.3532331488665
174,204,508,290.36700914532287
171,168,502,291.2953827303138
173,201,509,291.75503423248756
177,204,511,293.3428028774526
172,166,504,293.73627627516487
196,268,514,295.2371927789587
199,297,512,297.3213749463701
198,272,516,297.61888380947875
129,96,482,299.44782517159814
182,535,162,299.66648127543397
212,534,291,301.4796842243271
214,534,294,302.2002647252315
175,185,518,303.2160945596391
106,48,454,303.3232599059953
178,185,519,304.19894805866767
204,543,258,304.381339769704
202,298,521,306.3494736408078
183,197,524,307.1677066359678
139,102,495,308.1330881291394
219,350,509,308.8721418321827
209,308,522,309.3428518650463
181,183,524,309.4834405909305
207,300,524,309.67240755353066
116,49,464,310.4834939252005
220,348,512,310.98713799769916
115,47,464,311.7242371070944
227,497,399,312.37317426437244
228,486,414,312.50759990758627
216,314,524,312.64196775225173
230,487,414,313.29219588109754
187,546,139,315.5724956329369
180,167,528,316.76489704511135
184,546,130,318.0015723231569
192,204,536,318.15876539866065
215,295,534,318.6094788294912
186,547,131,318.68009037277494
218,307,533,319.88279103446627
190,198,537,319.9031103318628
235,457,457,320.66337489647924
236,456,458,320.73197533142843
188,180,536,321.83380804384115
189,184,538,323.0681042752441
239,458,460,323.55679563254427
191,190,540,324.0385779502188
241,496,422,325.3136947624554
206,255,546,326.3004750226392
203,567,200,326.6129207487052
242,507,418,331.602171283603
213,573,209,332.18217893198306
208,573,199,332.66349363884217
225,579,257,340.01911710961195
245,539,403,349.7041606844277
249,462,493,351.2406582387637
251,490,468,351.4327816240255
254,467,492,353.63823322712153
256,453,506,356.0056179332006
200,583,121,356.0407280073447
211,199,574,356.4828186603107
201,586,129,356.79966367697153
232,295,574,358.0949594730426
243,585,326,359.9611090104041
240,301,576,361.0207750254824
265,478,496,363.79252328765637
222,602,160,365.95218266871973
223,603,165,366.1543390429779
268,455,518,366.87872655688284
221,604,150,369.68770604389863
253,596,325,370.20264720825537
231,613,199,372.5922704512266
273,474,511,372.7868023414992
266,415,550,373.0629973610355
274,475,511,373.41264038594085
246,344,580,374.44492251865296
275,473,514,374.5130171302461
247,345,580,374.7212297161718
233,616,198,375.6447790133652
261,600,332,376.06515392947534
224,614,156,378.4507894033252
229,617,172,379.0514476954283
271,587,375,379.1319031682773
264,605,330,380.2578072834271
263,606,327,380.3603554525629
278,492,506,380.5220098759072
226,617,155,381.57699092057425
280,491,509,382.12694225872116
269,611,328,385.4400083022
282,534,474,387.76926128820475
270,615,326,388.73126964523965
277,614,336,390.6212999824766
234,628,159,391.77799836131686
284,508,507,391.9923468640683
238,631,159,394.7416876895573
248,283,614,396.23225512317896
281,403,582,396.59551182533573
259,299,615,399.23551946188354
257,640,240,399.50093867223893
260,299,616,400.2249367543207
283,413,583,401.6876896296425
287,452,563,402.7033647736259
289,591,421,403.6099602338872
291,589,426,404.40079129497263
250,266,624,404.7727757643787
267,299,622,406.1625290447163
279,644,294,409.7377209874629
298,536,507,411.57502353762914
258,653,204,412.31056256176606
295,597,430,413.32311815334015
297,598,431,414.69265727765185
302,570,479,418.71470000466906
237,642,97,419.4401029944562
307,569,482,419.7951881572727
308,504,551,422.7647099747092
296,429,599,423.066188675011
301,613,422,423.30603586530634
304,611,426,423.4808142053191
244,658,144,423.869083562366
310,600,446,424.2133896990994
311,600,448,425.28225921145594
306,629,401,428.1413318052813
262,669,166,431.3930922024598
320,578,491,432.4465284864708
252,666,139,432.64997399745675
321,534,539,433.1397003277349
255,667,138,433.82023926967724
305,418,617,434.66998976234834
317,626,423,435.2401635878748
322,631,422,439.2083787907512
299,673,309,441.0725563895355
285,682,233,441.1915683691156
327,616,453,441.4906567527789
288,683,243,442.5980117442915
334,530,557,443.9481951759687
330,621,451,444.7032718566393
326,638,421,444.98314574824064
333,621,453,445.7454430501786
290,687,238,446.3630809105968
294,692,245,451.69237319219815
293,693,234,452.21676218380054
303,346,660,452.3549491273418
328,442,626,453.0309040231141
309,353,659,453.0618059382185
292,285,672,454.1365433435191
272,687,132,454.5987241513113
276,689,132,456.5610583481688
300,316,671,457.19361325372864
312,351,664,457.4232176005062
337,443,631,457.9574216016157
346,648,430,457.98362416138855
344,470,618,459.1786144846034
340,450,631,461.0878441251732
352,494,608,463.19866148338554
319,350,673,465.9291791678216
355,501,607,466.22848475827817
362,623,491,468.3641745479686
358,651,447,468.64592177890546
359,510,604,468.8464567425033
361,648,454,469.4731089210542
360,651,449,469.61792981103264
323,350,679,471.7647718937903
324,347,681,473.0295973826585
329,360,678,473.2071428032337
336,363,680,475.9033515326405
316,717,241,476.4630101067658
338,351,689,481.72710116828597
342,361,687,482.1711314460873
339,349,691,483.2235507505817
372,507,624,483.70652259402084
314,725,210,484.10329476259506
368,492,634,484.14563924505194
375,602,543,484.4068537913146
286,714,112,485.173164962779
350,368,690,486.8562416155307
369,470,651,488.0594226116324
351,368,692,488.78727479344224
370,699,396,490.6526266107214
354,368,694,490.71886044862794
374,485,647,491.7977226462115
363,719,338,492.3494693812516
332,297,710,493.18961870663907
325,277,713,494.3126540965748
335,294,712,494.8464408278592
382,611,549,495.1171578525632
377,492,647,495.30798499519466
380,511,638,497.61832763675415
376,700,413,497.92569726817675
367,722,350,498.2579653151568
384,554,608,498.5107822304348
366,724,344,498.663213000518
313,737,165,499.0400785508114
378,700,416,499.09618311503846
331,273,719,500.02499937503126
315,738,164,500.14497898109505
364,730,326,500.35687264191745
373,725,352,501.67718704362073
365,732,323,501.6871535130235
387,652,508,501.8615346886031
318,741,164,503.1262267065791
345,292,721,503.5891182303287
383,499,654,504.8960289010006
386,517,643,505.07920170998926
371,735,327,505.4552403526943
389,677,479,507.12621703082954
341,275,726,507.14100603283896
343,278,726,507.35096333800334
348,749,224,508.01574778740866
347,283,727,508.7366705870533
349,289,727,509.2671204780454
388,490,666,510.8003523882888
356,302,729,512.6421754011271
353,286,732,513.9737347374863
381,737,360,515.3794718457459
393,528,650,516.9806572783938
357,278,740,521.3146842359229
397,720,433,524.2232348913963
398,679,510,525.3037216696641
399,681,508,525.8745097454334
385,756,330,526.6165587977652
390,753,363,531.5947704784162
400,680,521,532.2800015029684
391,754,364,532.8273641621646
402,620,596,533.8698343229369
392,424,722,534.3154498982788
394,756,363,534.4847986612903
401,577,636,534.7447989461889
395,424,724,536.1949272419499
403,656,561,537.1275453744669
379,780,245,539.579465880606
404,625,600,540.2369850352713
407,634,596,543.8979683727455
405,712,497,546.4155927496945
396,382,748,546.5025160051873
406,714,497,548.1404929395383
408,726,482,551.2431405468915
411,631,613,553.6686734862286
412,647,597,554.0442220617412
413,641,604,554.4871504372306
415,627,621,556.5941070474965
419,638,618,562.1503357643754
410,484,730,564.9327393592976
424,700,553,567.0714240728411
414,505,722,567.1860364994893
409,438,754,569.1792336338352
417,506,724,569.4216363996015
418,505,726,570.7293579272052
416,471,747,575.0034782503494
426,568,695,576.6749517709261
425,542,714,578.4781759064035
420,483,746,578.9991364414976
423,790,415,582.6027806318813
421,470,757,583.7893455691017
422,461,763,585.8745599528964
432,763,488,586.7776410191514
433,763,491,588.1538914263851
436,550,723,590.330415953642
427,482,759,590.4252704618934
437,552,723,591.3797426358126
429,800,415,592.0354719102564
428,463,771,594.0412443593458
431,803,416,595.1974462310806
430,467,771,595.5476471282545
439,587,710,599.8466470690655
434,477,772,600.3332407921454
435,477,773,601.2528586210631
438,480,782,610.7086048190249
440,598,717,611.9297345284016
441,649,679,614.121323518407
442,661,669,614.8178592070989
443,702,628,615.6175760973691
444,675,660,618.0258894253541
445,675,665,621.5955276544387
447,704,635,621.7668373273056
446,722,614,621.7692498025292
448,710,632,624.2635661321266
449,670,681,629.731688896152
450,724,658,652.0222388845337
451,645,752,668.0119759405516
452,705,711,675.5568073818811
