102,315,321,29.154759474226502
99,316,313,33.24154027718932
98,317,311,33.97057550292606
120,360,306,36.05551275463989
117,357,303,37.12142238654117
121,363,303,40.22437072223753
95,319,300,41.677331968349414
104,344,292,44.181444068749045
110,296,349,45.880278987817846
129,384,307,52.69724850502159
89,283,320,59.20304046246274
145,322,394,60.728905802755904
105,358,277,61.68468205316454
132,309,390,62.26556030423239
133,307,392,65.0
156,327,401,66.2872536767062
127,297,388,67.47592163134935
123,385,282,70.2922470831599
130,295,394,73.40980860893181
159,321,408,74.46475676452586
136,300,403,78.03204469959762
143,305,406,78.26237921249263
112,376,266,78.71467461661771
134,297,402,78.77182237323191
135,296,403,80.15609770940699
144,302,409,82.29823813423954
148,305,412,83.6719785830358
178,417,372,85.0
92,354,251,86.14522621712709
157,308,416,86.16263691415206
154,307,416,86.53900854527974
109,376,256,87.72684879784524
141,296,412,87.8179936004006
158,307,418,88.3911760301898
140,294,412,88.83692925805124
79,280,269,89.9388681271896
131,284,407,90.4267659490264
142,287,419,98.47842403288143
164,301,429,100.84641788382967
137,281,418,101.01980003939822
152,289,427,104.31682510506155
161,294,430,104.65180361560904
149,283,429,109.07795377618706
151,283,431,110.78808600206071
150,279,433,114.58621208504974
146,275,431,115.10864433221339
147,276,432,115.37764081484765
162,284,438,116.36150566231085
160,282,438,117.33712115098103
163,283,439,117.72000679578642
114,239,397,117.99152511939153
171,307,455,123.4908903522847
62,239,258,127.61269529321916
59,245,248,129.49517365523704
58,244,248,130.23056476879765
194,392,458,132.61975720080324
54,228,258,136.48443134658254
80,203,337,137.00364958642524
93,206,385,142.67795905464865
74,198,317,143.26548781894402
211,459,421,146.23952953972466
119,421,214,146.44111444536333
100,207,399,147.16657229140046
94,202,388,147.4720312466062
82,350,188,148.33745312630927
199,486,364,148.66068747318505
81,350,187,149.33519344079613
48,227,237,150.23315213360866
206,486,372,150.37286989347513
47,241,221,151.74320413119
153,245,455,152.2694979304785
208,486,380,152.48606493709516
50,208,257,153.83432646844463
51,207,258,154.18495387034366
46,243,216,154.30165261590687
49,209,254,154.5477272560163
45,240,217,155.43809056984713
44,206,242,163.682619724881
101,191,408,165.4841382127
42,227,214,166.29191201017565
107,414,187,166.3640586184408
113,422,191,166.58031096140985
214,487,417,167.83920876839238
217,457,457,168.31518053936787
218,456,458,168.34488409215172
122,435,197,168.36270370839262
39,207,230,170.07351351694948
38,219,215,171.1198410471445
222,458,461,171.89822570346675
90,177,392,172.35138525698017
209,350,509,173.2887763243771
125,443,196,173.80736463107655
37,215,215,173.97126199461795
155,470,218,175.56765077883796
210,348,512,176.1817243643619
165,230,475,177.2596964907703
188,297,512,181.1767093199344
86,161,365,181.33394607739612
60,316,153,184.5670609832643
111,426,172,185.18099254513137
65,322,150,186.86893802876924
184,269,509,187.00267377767625
126,451,184,188.2153022471871
197,308,522,188.73261509341728
185,515,265,188.85444130334875
205,315,524,189.6549498431296
191,298,521,189.70766985021982
91,405,157,190.43634106966033
186,268,514,192.01041638411183
195,300,524,192.2082204277434
118,438,170,192.76929216034384
61,321,144,192.93781381574738
187,520,263,194.23954283306992
139,470,190,195.48913013259843
41,155,270,196.42046736529267
72,143,334,197.0101520226813
40,154,270,197.36261044078233
230,462,493,198.82907232092595
225,509,441,198.96230798822174
203,535,296,199.06029237394384
207,307,533,199.7448372299019
202,535,292,199.90247622278218
234,467,492,201.1591409804685
67,331,135,201.20139164528658
231,512,441,201.51674868357716
56,321,135,201.89601283829256
237,493,468,202.07176942858692
64,328,133,203.35437049643167
204,296,535,203.8062805705457
233,515,441,204.08331631958552
57,323,131,205.70367036103173
240,455,507,206.0728026693479
235,524,431,207.07728026029315
103,428,147,208.48261318392957
106,430,147,209.33466029303412
243,521,443,210.261741645978
226,539,404,210.2974084481309
250,478,496,211.29126815843574
63,128,330,212.08488866489287
246,527,439,213.49004660639335
251,455,518,215.2881789602021
192,543,260,216.76023620581336
88,133,402,217.26711670199887
169,205,508,218.65269264292172
256,474,511,220.41097976280582
259,475,511,221.02036105300343
168,201,508,221.14474897677312
260,473,514,222.20036003571192
43,293,118,223.00896842952304
97,425,127,225.62358032794356
249,414,550,226.43321311150447
193,255,546,226.55021518418383
263,492,507,228.79029699705362
266,491,510,230.38446128157167
34,220,138,231.52537657889687
176,197,521,233.82472067769052
174,521,187,234.4397577204003
33,215,135,236.6981199756348
170,185,518,239.0585702291386
166,168,503,239.7352706632881
172,185,519,239.8207664069148
268,509,507,240.4204650190994
27,177,159,240.6200324162558
30,206,136,240.74052421642685
32,217,128,241.6464359348178
167,166,504,241.8677324489565
216,295,574,242.21684499637922
221,301,576,243.14810301542556
227,344,580,244.0327846827143
175,183,524,244.9346851713738
228,344,581,245.03265088555034
223,585,327,245.16525039246488
96,111,428,246.78938388836744
26,160,166,247.58836806279893
29,206,127,248.26800035445567
31,122,216,248.8453334905037
257,588,375,251.04780421266383
183,190,538,251.60286166894048
212,579,257,251.7180962902747
270,452,563,253.12645061312736
28,121,209,253.16002844051033
265,403,582,253.9389690457138
182,180,536,256.12496949731394
236,597,324,257.2800031094527
267,412,583,257.2800031094527
173,167,528,258.44341740504825
36,87,280,259.12352266824405
245,600,332,260.0307674103201
25,129,184,260.0480724789169
280,536,507,260.10959228755866
177,536,164,260.76809620810593
273,589,426,264.7659343646761
201,573,210,264.8867682614592
272,591,421,265.0018867857359
252,606,331,266.04698833100895
248,606,327,266.1522120892479
24,138,162,266.60832695172894
55,72,341,268.04663773306316
196,571,200,268.06156009394556
52,71,336,269.0
21,135,161,269.5366394388711
69,71,353,269.5366394388711
22,134,162,269.65162710430656
71,71,357,269.8184574857695
53,70,339,270.0166661522951
68,70,353,270.5346558206545
198,574,200,270.65106687393643
254,611,328,271.1180554666177
288,569,482,271.58240001885247
291,505,552,271.810595819957
289,571,480,272.2076413328619
70,68,357,272.8094573140748
262,614,337,274.00182481144174
278,597,432,274.3446737226732
200,203,574,274.6142749385035
279,598,431,274.93453766305896
255,615,327,275.14723331336626
277,429,599,277.6508598942204
18,131,153,277.79488836189915
66,62,352,278.4600509947522
17,129,152,279.95892555873263
301,534,539,280.79351844371337
290,599,447,281.78360491696463
242,299,615,281.99645387841315
35,260,65,282.56149773102493
292,599,449,282.57742301889584
73,59,368,282.81619472724685
244,299,616,282.98586537139977
181,545,140,283.6212262860451
300,578,491,284.0228864017828
138,105,496,284.29737951659
128,96,482,284.3448610402516
283,611,423,284.6225570821821
75,57,372,285.2805636562014
78,59,386,285.41373477812874
286,611,426,285.55384781158176
232,283,616,285.7428914251411
76,56,382,287.7012339215805
16,109,162,289.2006224059692
253,299,623,289.9137802864845
179,546,130,291.3279938488576
180,547,131,291.3314263858261
13,110,157,291.44639301250584
314,530,557,291.44639301250584
14,106,162,291.6024691253488
287,418,617,291.62475889402805
10,114,150,292.6977963702494
84,53,397,293.4109745732085
15,100,167,293.53194034039973
284,628,400,295.0254226333724
11,161,101,295.4081921680575
229,265,622,295.67042462850424
23,200,75,296.17731175766994
7,109,150,296.5754541427864
12,167,94,297.47773025892207
19,190,79,297.57184006555457
77,46,388,298.563226134767
8,158,99,298.8193434167206
85,47,398,299.48789624958135
307,616,453,299.7749155616594
9,164,93,300.04166377354994
4,149,102,302.0546308203203
83,44,398,302.42354405700627
310,621,451,303.621474866321
20,199,67,303.71368095625854
6,157,93,304.20059171540083
303,632,423,304.6850833237492
215,614,201,305.45212390815027
315,622,454,305.69265611067596
87,41,402,306.1976485866604
264,645,292,308.15742729974886
5,162,84,308.52552568628744
3,146,94,310.16124838541646
308,638,422,310.16124838541646
219,618,198,310.36752407428196
2,143,96,310.49798711102784
321,470,618,310.5221409175198
326,494,608,312.5699921617557
330,502,606,314.8714023216462
241,640,240,314.9857139617605
108,47,455,316.24357700987383
116,50,465,317.3972274611106
334,511,604,317.90721916936707
190,585,131,319.4526568992658
115,47,465,320.14059411452337
213,617,171,322.4189820714655
336,624,490,323.066556610244
323,649,431,323.27387769505907
285,346,660,324.05555079337864
189,585,123,324.64442086689246
293,353,661,325.25989608311687
294,347,665,329.07445965920846
296,350,666,330.15148038438355
335,648,455,330.1893396219811
333,651,449,330.89273186336385
343,507,624,332.91590529741893
341,490,634,333.6225412048772
348,602,543,333.90567530367014
281,673,309,334.0928014788705
282,316,671,335.85860119996926
340,468,650,339.08700948281694
302,350,675,339.1474605536654
1,138,62,340.4115156689033
275,285,672,340.4717315725345
0,136,63,340.8005281686048
347,485,647,343.14137028344453
312,361,679,343.64225584174017
306,350,680,344.14531814336806
304,347,681,345.0710071854777
316,364,681,345.83377510011945
357,554,608,346.09247319177575
350,492,647,346.1574786134195
358,612,551,346.7116957934935
354,511,638,347.0518693221519
309,345,685,349.03581478123414
320,361,687,351.6276439644642
317,351,689,353.17134651610684
318,349,691,355.1140661815581
271,683,243,355.38429903415823
356,499,654,355.53480842246654
359,516,645,355.607930170293
361,652,508,356.2695608664877
328,368,694,359.0933026387432
329,368,695,360.0902664610639
274,688,240,360.99861495579177
362,490,666,362.49137920783716
344,700,398,365.2998768135571
367,528,650,365.9781414237741
363,677,479,366.08468965527635
351,701,414,369.3304753198685
276,695,234,369.36296511697003
247,669,168,369.4116944548453
352,701,417,369.97567487606534
224,658,144,371.46736061193855
313,297,710,376.46380968162134
337,720,338,380.0052631214468
239,668,143,380.5693103759156
238,668,142,381.0774199555781
372,681,508,381.9227670616142
305,277,713,382.227680839575
375,580,634,382.6277564422111
373,680,512,382.85245199684954
376,622,596,383.5674647307824
220,643,99,384.679087032295
345,727,350,387.25314717894804
377,656,561,387.9188059375312
374,680,523,388.03221515745315
311,274,719,388.6450823051798
338,730,326,390.1281840626232
346,731,346,391.1278563334501
349,731,353,391.3693907295255
371,720,433,392.1849053699033
378,634,596,392.4742029739025
339,733,324,393.1831634238679
364,424,721,394.05710246105195
325,289,727,394.31205916126885
322,280,726,394.58839313897715
331,303,729,394.7378877179134
324,285,727,394.8493383557835
342,735,327,395.102518341759
319,275,726,395.37956446938426
368,424,723,396.01136347332255
327,286,731,398.67405232846545
355,738,361,398.78440290462714
258,687,134,401.5133870744536
381,631,613,401.75863400803223
295,723,211,402.88211675377204
382,647,597,402.9516099980245
383,641,604,403.01985062773275
261,689,134,403.24310285484114
384,627,621,404.46755123248147
387,639,611,406.2339227587967
332,278,740,408.72973955903916
388,638,618,410.2779545625136
379,726,482,412.68874469750205
370,382,748,414.13524361010377
365,754,364,414.9457795905388
366,755,364,415.94350577933056
369,756,363,416.8752811093505
360,758,331,418.0299032365986
391,700,553,420.34390681916636
380,485,731,420.77309799938496
385,505,725,422.547038801599
393,568,695,425.28225921145594
392,541,713,427.23529816718093
297,737,165,432.26149493101974
386,472,748,432.62917146211953
298,738,164,433.57582958462984
269,714,114,434.92528093915166
389,484,747,435.4962686407313
299,741,166,435.54678279147004
401,557,719,440.20222625516107
402,559,719,441.1915683691156
390,470,758,441.5699265122117
394,482,760,447.14650842872516
404,587,710,448.20196340489184
353,781,246,450.08999100179955
397,763,492,450.8491987350094
398,765,489,451.7012286899384
395,465,771,452.6035793053343
396,467,771,453.16001588842767
399,477,773,457.97161484092004
400,477,774,458.9259199478713
405,599,719,462.3526792395606
406,661,669,462.525674963023
407,702,628,465.08923874886636
408,675,660,466.04828076069543
403,480,782,467.4569498895059
409,675,665,469.53807087391755
411,704,635,471.0594442318294
410,722,614,472.4489390399771
412,710,632,473.8311935700308
413,688,693,498.5509001095074
414,724,658,501.13870335467004
415,705,711,523.3067933822376
