401,557,719,2.0
392,541,713,18.973665961010276
393,568,695,25.632011235952593
404,587,710,29.410882339705484
405,599,719,40.0
385,505,725,54.3323108288245
380,485,731,74.96665925596525
367,528,650,75.64390259630977
389,484,747,80.05623023850174
359,516,645,85.58621384311844
362,490,666,87.00574693662483
394,482,760,87.23531395025755
375,580,634,87.55569655939013
356,499,654,88.45903006477066
386,472,748,91.706052144883
354,511,638,94.15412895885129
390,470,758,97.16995420396162
399,477,773,98.18350166906862
350,492,647,98.35141076771599
400,477,774,98.73702446397704
403,480,782,101.04454463255303
347,485,647,103.24727599312246
396,467,771,105.67875850898325
395,465,771,107.42439201596628
343,507,624,108.30050784737807
341,490,634,109.48059188732951
357,554,608,111.11255554616679
406,661,669,113.59577456930342
340,468,650,114.20157617125956
384,627,621,119.28118040998756
334,511,604,124.61540835707277
330,502,606,126.56223765404908
409,675,665,127.9531164137865
381,631,613,128.14054783713078
388,638,618,128.22636234409833
326,494,608,128.63125592172378
408,675,660,130.14222988715076
413,688,693,131.59407281484982
387,639,611,134.40238093129153
321,470,618,134.61797799699713
364,424,721,135.0148140020198
368,424,723,135.05924625881784
376,622,596,138.19551367537227
383,641,604,141.24092891226678
378,634,596,144.06248644251562
415,705,711,146.21901381147393
382,647,597,150.42606157179014
314,530,557,164.57521077003062
411,704,635,167.57386431063765
407,702,628,169.49926253526885
287,418,617,174.0258601472781
412,710,632,174.26990560621763
291,505,552,175.5135322418189
414,724,658,175.9147520817967
358,612,551,176.16185739256952
277,429,599,176.91806012954132
370,382,748,179.3599732381782
348,602,543,181.1767093199344
301,534,539,181.72781845386248
377,656,561,185.39956850003725
270,452,563,189.16923639957952
329,368,695,192.50194804209124
328,368,694,192.62917743685665
410,722,614,193.89172236070317
316,364,681,198.66806487203723
267,412,583,200.26232796010336
320,361,687,200.5691900566984
312,361,679,202.0
265,403,582,207.6174366473105
317,351,689,210.15232570685484
318,349,691,211.85844330590177
306,350,680,212.60761980700502
280,536,507,213.243991709028
302,350,675,213.58136622842358
293,353,661,214.00934559032697
304,347,681,215.37873618349607
296,350,666,215.61539833694624
309,345,685,216.68410186259626
391,700,553,217.8003673091485
268,509,507,217.81643647805828
294,347,665,218.76928486421488
266,491,510,219.78398485785993
285,346,660,221.02036105300343
260,473,514,222.3083444227859
263,492,507,222.33533232484666
249,414,550,222.6791413671249
259,475,511,224.32119828495925
256,474,511,224.69757453074567
251,455,518,226.31173190977086
300,578,491,228.79029699705362
374,680,523,230.3410514867031
361,652,508,230.58620947489467
240,455,507,236.13555429032706
288,569,482,237.21087664776252
250,478,496,237.25513693068902
336,624,490,238.04621400055913
289,571,480,239.30106560565082
373,680,512,239.77072381756702
372,681,508,243.73140954747709
234,467,492,244.9346851713738
230,462,493,245.93698379869588
282,316,671,247.69537742961614
228,344,581,255.47798339583002
227,344,580,256.0195305049988
331,303,729,256.1952380509833
237,493,468,259.53227159642404
313,297,710,262.15453457836657
363,677,479,267.43971283263073
325,289,727,270.1184925176357
307,616,453,272.03860020225073
315,622,454,272.38575586840074
292,599,449,272.9468812791236
327,286,731,273.26360899322106
324,285,727,274.11676344215067
290,599,447,274.9254444390333
310,621,451,275.0781707078917
222,458,461,277.0649743291274
253,299,623,277.1569952211201
275,285,672,278.0017985553331
335,648,455,278.5982770944573
243,521,443,278.60366113890177
322,280,726,279.0877998050076
244,299,616,279.6587205863604
242,299,615,280.0285699709942
218,456,458,280.58866691297425
217,457,457,281.15476165272395
233,515,441,281.46047679914136
332,278,740,281.78360491696463
246,527,439,281.82263926093657
231,512,441,281.94503010338735
305,277,713,282.0638225650358
225,509,441,282.4606167238187
319,275,726,284.0862545073239
311,274,719,285.0
333,651,449,285.243755409299
278,597,432,289.5047495292607
379,726,482,289.9275771636772
235,524,431,290.11894112587686
279,598,431,290.6286290096005
273,589,426,294.5318318959769
232,283,616,294.5929394944828
221,301,576,294.97966031575805
210,348,512,295.584167370311
209,350,509,296.27858511880333
286,611,426,297.578561055732
272,591,421,299.7131962393381
283,611,423,300.5328601001894
216,295,574,301.1992695874278
323,649,431,301.73498305632376
303,632,423,304.8688242506931
397,763,492,305.19665791092797
308,638,422,307.3271872125862
398,765,489,308.76528302255747
229,265,622,309.58843647655834
194,392,458,309.8548047069788
214,487,417,310.46416862497995
205,315,524,312.3475628206502
207,307,533,313.2091952673165
211,459,421,314.33103569326397
226,539,404,315.6342820417326
197,308,522,319.0767932645682
204,296,535,320.97507691408066
195,300,524,324.20055521235616
284,628,400,326.377082528783
191,298,521,327.6049450176233
371,720,433,328.2026812809426
352,701,417,333.71844420109596
188,297,512,333.90567530367014
351,701,414,336.43572937486886
257,588,375,345.2202195700594
208,486,380,346.77081768799405
193,255,546,349.7785013404912
344,700,398,350.6023388398885
206,486,372,354.5955442472452
186,268,514,355.9578626747835
184,269,509,358.05027579936313
199,486,364,362.42792386900874
171,307,455,364.9657518178932
178,417,372,374.9306602559999
200,203,574,384.39693026870026
262,614,337,385.9391143690932
164,301,429,388.1546083714581
245,600,332,389.16577444580093
252,606,331,390.8362828602278
159,321,408,391.61843674679056
161,294,430,392.1045778870734
158,307,418,392.56209699867867
223,585,327,392.8612986793176
163,283,439,393.1615444063674
162,284,438,393.17426161945036
157,308,416,393.45901946708506
156,327,401,393.6343480947769
154,307,416,394.0977036218303
254,611,328,394.44264475332784
160,282,438,394.5757215034904
248,606,327,394.80754805347885
255,615,327,395.9797974644666
236,597,324,396.8236384088025
152,289,427,397.69837817119645
148,305,412,398.45325949225213
151,283,431,398.8984833262719
150,279,433,400.2449250146715
355,738,361,400.2561679724624
149,283,429,400.3448513469356
145,322,394,402.2362489880791
144,302,409,402.67729014683704
147,276,432,403.0607894598531
143,305,406,403.0942817753683
141,296,412,404.2499226963439
349,731,353,404.40079129497263
146,275,431,404.4749683231337
142,287,419,404.9493795525559
365,754,364,405.0308630215727
345,727,350,405.4442008464297
366,755,364,405.51325502380314
140,294,412,405.55394215813016
369,756,363,406.8722158122867
136,300,403,408.57924567946424
165,230,475,409.6059081605147
137,281,418,409.7377209874629
153,245,455,410.2340795204611
346,731,346,410.7468806941813
183,190,538,411.0012165432117
135,296,403,411.1265012134343
134,297,402,411.257826673244
169,205,508,412.1128486228014
176,197,521,412.6111971335727
133,307,392,412.8353182565658
132,309,390,413.20817997711515
337,720,338,413.6205991001899
168,201,508,415.5538472929832
131,284,407,415.8954195467894
130,295,394,418.7135058724521
182,180,536,420.86815037491255
127,297,388,422.14334058468813
175,183,524,423.55755216971403
203,535,296,423.68030400291207
172,185,519,424.11790813404707
170,185,518,424.5903908474614
281,673,309,425.55375688624815
202,535,292,427.6739412215806
338,730,326,428.5907138518052
342,735,327,429.6975680638651
339,733,324,431.6259955100017
264,645,292,435.5743334954437
173,167,528,436.05618903989887
360,758,331,436.05618903989887
124,340,336,441.1915683691156
166,168,503,446.6956458261038
129,384,307,447.6259599263653
167,166,504,447.9665166058731
110,296,349,453.948234934337
114,239,397,453.9647563412825
185,515,265,456.12717524830725
187,520,263,457.6647244435603
120,360,306,458.44301717879836
192,543,260,459.2787824404694
121,363,303,459.8608485183317
212,579,257,462.4326978058537
117,357,303,462.4499972970051
102,315,321,466.84044383493597
123,385,282,470.3668780856067
99,316,313,473.1648761267049
98,317,311,474.3711626985772
100,207,399,475.7141999141922
104,344,292,478.0732161499952
101,191,408,481.814279572534
95,319,300,482.8674766434368
89,283,320,485.1566757244509
105,358,277,485.55638189606776
241,640,240,485.8003705227076
93,206,385,485.96810594935135
94,202,388,486.83672827756124
112,376,266,488.5672932155815
271,683,243,491.8861656928359
274,688,240,496.0665277964237
109,376,256,497.8533920744138
90,177,392,502.8449065069666
276,695,234,503.7072562510888
138,105,496,505.811229610415
155,470,218,508.8437874239991
201,573,210,509.1924979808717
92,354,251,510.929545045107
196,571,200,519.1387097876636
198,574,200,519.2167177585868
128,96,482,520.1326753819644
215,614,201,520.9117007708696
80,203,337,522.1685551620282
353,781,246,522.5064592902178
119,421,214,523.515997845338
219,618,198,524.3300487288517
79,280,269,529.4723788829782
88,133,402,531.0037664649847
86,161,365,532.6537336769545
174,521,187,533.3554162094916
295,723,211,533.8164478545036
96,111,428,534.2143764445132
125,443,196,535.7098095051089
139,470,190,536.4345253616698
122,435,197,536.5258614456529
74,198,317,540.3008421240893
113,422,191,545.4841885884503
126,451,184,545.7920849554342
213,617,171,551.0607951941419
107,414,187,551.4063837135004
177,536,164,555.476372134765
62,239,258,561.1782248091955
247,669,168,561.8727613970977
118,438,170,562.1761289845025
111,426,172,562.9369414064065
59,245,248,566.0715502478463
58,244,248,566.626861347042
72,143,334,566.816548805696
54,228,258,567.5226867711986
116,50,465,568.855869267427
82,350,188,570.6505060017033
115,47,465,571.541774501217
81,350,187,571.5811403466703
108,47,455,576.0555528766301
181,545,140,579.1692326082248
51,207,258,580.0215513237417
50,208,257,580.2111684550721
63,128,330,580.5876333509008
297,737,165,581.8934610390462
49,209,254,582.0008591058952
299,741,166,582.179525576089
91,405,157,582.7177704515283
298,738,164,583.1517812713943
224,658,144,583.460367120167
48,227,237,585.2760032668348
239,668,143,586.2226539464335
106,430,147,586.3659267044769
103,428,147,586.809168299201
238,668,142,587.205245208181
180,547,131,588.1224362324566
190,585,131,588.5745492288976
179,546,130,589.1434460299122
47,241,221,590.8705441972886
44,206,242,593.4121670474915
46,243,216,594.024410272844
45,240,217,594.7814724753958
189,585,123,596.5668445363017
258,687,134,598.8397114420519
261,689,134,599.2703897240377
84,53,397,599.7666212786437
78,59,386,600.740376535488
39,207,230,602.5155599650518
41,155,270,604.0008278140023
85,47,398,604.3053863734792
42,227,214,604.358337412499
40,154,270,604.6701580200564
76,56,382,605.4568523024576
83,44,398,606.8492399270184
97,425,127,606.9761115562951
87,41,402,607.2997612382208
71,71,357,607.6084265380131
38,219,215,607.9605250343151
69,71,353,610.0
70,68,357,610.0204914590985
37,215,215,610.2065224167962
75,57,372,610.2565034475257
77,46,388,610.5161750518982
68,70,353,610.8002946954102
73,59,368,610.9017924347579
60,316,153,615.958602505071
65,322,150,616.3846201845079
55,72,341,616.4843874746546
66,62,352,617.8171250459152
53,70,339,619.2907233279052
52,71,336,620.3490952681401
61,321,144,622.3094085742237
269,714,114,624.5398305952951
220,643,99,625.664446808351
67,331,135,626.9290230959164
64,328,133,629.8864977120878
56,321,135,630.6346010171025
57,323,131,633.5929292534759
36,87,280,644.596773184601
43,293,118,657.2343569838691
31,122,216,666.3167414976153
28,121,209,672.2678037806064
34,220,138,672.6678229259967
33,215,135,677.7846265592043
27,177,159,677.881995630508
30,206,136,681.5409011937581
26,160,166,681.916417165623
32,217,128,682.8213529174377
25,129,184,686.3854602189647
29,206,127,689.2553953361555
24,138,162,698.2048410029824
22,134,162,700.6240075818127
21,135,161,700.8138126492656
18,131,153,709.6055242175049
17,129,152,711.6101460771902
16,109,162,716.0649411889958
15,100,167,717.9031968169525
14,106,162,717.9540375260801
35,260,65,719.1084758226675
13,110,157,719.3364998385665
10,114,150,722.3475617734167
7,109,150,725.4384880884113
11,161,101,735.070064687714
23,200,75,737.3038722263705
12,167,94,737.7594458900543
8,158,99,738.3772748399019
19,190,79,738.7563874512355
9,164,93,740.2033504382428
4,149,102,740.8029427587339
6,157,93,743.9623646395024
20,199,67,744.7845325998654
5,162,84,748.8885097262475
2,143,96,749.1228203705986
3,146,94,749.1288273721683
1,138,62,780.3140393456983
0,136,63,780.5542902322682
