206,486,372,8.0
199,486,364,16.0
214,487,417,37.013511046643494
211,459,421,49.09175083453431
226,539,404,58.180752831155424
235,524,431,63.60031446463138
225,509,441,65.19202405202648
231,512,441,66.30987860040162
233,515,441,67.54257916307313
178,417,372,69.46221994724903
246,527,439,71.84705978674423
243,521,443,72.069410986909
217,457,457,82.28000972289685
218,456,458,83.57032966310472
222,458,461,85.70297544426332
237,493,468,88.2779700718135
203,535,296,97.24710792614863
202,535,292,100.72239075796404
257,588,375,102.12247548899312
223,585,327,112.29425630903836
272,591,421,112.72089424769483
273,589,426,112.80514172678478
234,467,492,113.6001760562016
230,462,493,115.52056094046635
250,478,496,116.27553482998907
185,515,265,118.6001686339442
187,520,263,121.8400590938793
194,392,458,122.14745187681976
278,597,432,122.57650672131263
279,598,431,123.06502346320826
245,600,332,123.69316876852982
236,597,324,124.32618388738553
129,384,307,125.4312560727987
263,492,507,127.1416532848303
268,509,507,129.0658746532173
252,606,331,129.61867149450345
266,491,510,130.09611831257686
240,455,507,130.728726758888
248,606,327,131.18307817702708
289,571,480,131.24404748406687
290,599,447,131.36970731489052
259,475,511,131.4610208388783
288,569,482,131.50285168010618
256,474,511,131.54847015454038
283,611,423,132.18925826253812
292,599,449,132.4009063413087
192,543,260,132.84953895290718
286,611,426,133.19534526401438
260,473,514,134.6291201783626
262,614,337,135.02962637880623
254,611,328,135.38463723776047
280,536,507,136.48809471891678
255,615,327,139.46325680981354
123,385,282,140.73023839957068
251,455,518,141.4390328021229
284,628,400,143.4015341619468
300,578,491,144.1700384962146
121,363,303,145.11374848717816
120,360,306,146.12323566086263
307,616,453,149.093930124603
117,357,303,150.23315213360866
303,632,423,152.2005256232711
124,340,336,152.48606493709516
310,621,451,152.5319638633162
212,579,257,154.20116731075677
315,622,454,154.82893786369524
308,638,422,157.69590990257166
112,376,266,158.41717078650282
156,327,401,160.3807968554839
155,470,218,162.78820596099706
105,358,277,164.2954655491137
145,322,394,164.59647626847908
109,376,256,165.75886099994776
301,534,539,166.0873264279969
104,344,292,167.05687654209268
159,321,408,167.35889578985635
323,649,431,170.79227148791014
291,505,552,173.04623659588788
336,624,490,176.47662734764623
132,309,390,177.28226081590904
119,421,214,178.27226368675525
335,648,455,178.51890656174209
333,651,449,178.84630272946657
133,307,392,179.4017837146554
102,315,321,180.89223311131963
157,308,416,181.60396471443016
264,645,292,181.72781845386248
314,530,557,182.3869512876401
98,317,311,182.54314558481784
154,307,416,182.58422713914803
99,316,313,182.72657168567466
143,305,406,182.8578683021324
158,307,418,182.98907071188705
148,305,412,183.8069639594757
92,354,251,184.5670609832643
249,414,550,184.61852561430555
95,319,300,185.17289218457435
270,452,563,186.1316738225926
144,302,409,186.27130750601393
136,300,403,187.41664813991312
209,350,509,187.44865963777923
125,443,196,188.95766721676048
127,297,388,189.16923639957952
122,435,197,189.97368238785077
134,297,402,190.2761151589973
139,470,190,190.67249408344142
210,348,512,190.9659655540746
201,573,210,190.9685838037241
164,301,429,191.3792047219342
135,296,403,191.38704240360684
130,295,394,191.51240168720145
110,296,349,192.5123372669918
141,296,412,192.67589366602144
171,307,455,194.07730418572905
140,294,412,194.64840096954302
174,521,187,196.1479033790573
161,294,430,198.40362899906847
196,571,200,199.06029237394384
126,451,184,199.1004771465905
113,422,191,199.5419755339713
281,673,309,200.02499843769527
348,602,543,200.06249023742558
198,574,200,200.3596765818911
152,289,427,202.52901026766511
142,287,419,202.7856010667424
131,284,407,203.79646709401024
107,414,187,205.9927183179056
241,640,240,208.12496246245908
137,281,418,208.4922060893404
149,283,429,208.83007446246816
151,283,431,209.3083849252103
361,652,508,209.61870145576228
162,284,438,210.16184239771025
163,283,439,211.4000946073582
89,283,320,211.68136431911054
160,282,438,212.08488866489287
358,612,551,212.40762698170704
150,279,433,213.67732682715777
344,700,398,214.75567512873786
363,677,479,215.13251730038394
118,438,170,215.4158768521949
267,412,583,216.0671192014185
147,276,432,216.34232133357543
111,426,172,216.48094604375694
146,275,431,217.07602354935472
351,701,414,217.671771252039
352,701,417,218.16049138191818
265,403,582,218.38727069131113
215,614,201,220.05681084665386
177,536,164,221.71152428324515
205,315,524,223.55536227073597
219,618,198,224.8288237748888
334,511,604,225.39077177204928
277,429,599,226.29626598775332
330,502,606,226.56566377101365
197,308,522,227.7015590636129
326,494,608,228.1403077055872
188,297,512,230.53199344125753
372,681,508,233.25736858671797
79,280,269,234.00213674238105
373,680,512,234.64867355261143
191,298,521,235.0
195,300,524,235.2275494069519
82,350,188,235.28705871764387
207,307,533,235.47823678633233
81,350,187,236.10379073619296
91,405,157,237.25513693068902
337,720,338,237.73935307390738
357,554,608,237.92435772740882
321,470,618,238.53720883753127
106,430,147,239.63513932643517
371,720,433,239.92707225321615
271,683,243,239.95416228938393
103,428,147,240.11039127867832
374,680,523,241.0082986123092
345,727,350,242.86004199950224
343,507,624,244.90202122481554
204,296,535,245.20399670478457
227,344,580,245.2835094334717
274,688,240,245.77225229874912
228,344,581,246.0995733437992
349,731,353,246.48326515201796
287,418,617,246.5623653358314
213,617,171,246.661711661944
181,545,140,247.14570601165622
346,731,346,247.34793308212625
114,239,397,247.58432906789557
377,656,561,248.31633051412467
338,730,326,249.9039815609187
153,245,455,252.40047543536838
184,269,509,252.4480144505003
355,738,361,252.7152547829276
339,733,324,253.26863208853953
341,490,634,254.03149411047443
342,735,327,254.57808232446092
276,695,234,254.94509212769717
376,622,596,255.24889813670106
186,268,514,255.8906016249913
180,547,131,256.3630238548453
179,546,130,257.0992026436488
354,511,638,259.20841035738016
97,425,127,260.2498799231231
379,726,482,260.7757657452088
378,634,596,261.83964558485025
359,516,645,266.6927070618917
347,485,647,267.00187265260894
350,492,647,267.0674072214728
190,585,131,267.9589520803513
365,754,364,268.47718711279737
366,755,364,269.4754163184464
221,301,576,269.51994360343724
382,647,597,270.20362691866296
369,756,363,270.5346558206545
340,468,650,270.5993348107123
375,580,634,270.83574357901875
216,295,574,272.2443755158222
383,641,604,272.3986049890858
165,230,475,273.05860176892435
367,528,650,273.2471408816568
356,499,654,274.3082208028042
381,631,613,274.4339629127561
59,245,248,274.781731561616
391,700,553,275.1817581163403
189,585,123,275.40878707840824
62,239,258,275.48684179103725
58,244,248,275.6592098951167
360,758,331,276.3783638420345
387,639,611,277.0739973364516
384,627,621,279.21676167450977
100,207,399,279.6462050520264
93,206,385,280.04463929880893
247,669,168,280.0589223717038
388,638,618,282.39688383549844
65,322,150,282.48185782453356
60,316,153,283.600070521853
94,202,388,284.1126537132762
193,255,546,284.4591359053177
54,228,258,285.3909599128886
362,490,666,286.02797066021355
80,203,337,286.2481440987871
61,321,144,287.9600666759195
67,331,135,289.9137802864845
295,723,211,291.08418026406036
224,658,144,292.0273959751037
47,241,221,292.07190895394234
46,243,216,293.1637767528587
64,328,133,293.21152774063984
74,198,317,294.8101083748656
45,240,217,295.1016773927251
56,321,135,295.3811097548386
48,227,237,295.85469406450187
101,191,408,296.3258341758275
57,323,131,297.6071235706565
397,763,492,298.7858765069059
239,668,143,298.8193434167206
398,765,489,299.5363083167047
238,668,142,299.61308382645774
242,299,615,300.32315928013276
244,299,616,301.10629352439645
50,208,257,303.99506574942956
49,209,254,304.31069649291004
51,207,258,304.50779957170226
253,299,623,306.62354769325856
42,227,214,307.631272792608
169,205,508,308.7798568559808
90,177,392,309.23292192132453
293,353,661,310.8858311341963
232,283,616,311.2956793789467
44,206,242,312.1602152741441
168,201,508,312.4243908532111
285,346,660,313.04951684997053
38,219,215,313.86939959161356
296,350,666,316.6891220108452
39,207,230,316.76647549890754
294,347,665,317.08989261721985
37,215,215,317.2790569829657
258,687,134,317.67436157172017
261,689,134,318.9435686763412
176,197,521,321.5618136533006
220,643,99,321.8850726579286
353,781,246,324.00771595750615
312,361,679,324.0771513081414
316,364,681,324.7845439672276
302,350,675,324.8399605959833
86,161,365,325.3459696999488
43,293,118,325.41204648875555
393,568,695,325.4980798714487
229,265,622,327.72702055216627
407,702,628,328.87687665751145
306,350,680,329.38731001664286
297,737,165,330.4935702854142
170,185,518,331.1268639056638
320,361,687,331.4724724618924
172,185,519,331.5448687583628
304,347,681,331.5448687583628
298,738,164,331.9036004625439
410,722,614,332.3431961090824
299,741,166,332.89788224018486
328,368,694,335.4400095397089
175,183,524,335.47727195743084
411,704,635,335.4832335601885
183,190,538,335.5294323900662
309,345,685,336.0148806228677
329,368,695,336.3762774037432
282,316,671,337.01780368401904
412,710,632,337.16464820618427
317,351,689,337.2032028317643
392,541,713,337.5114812861927
408,675,660,337.8179983363823
406,661,669,337.85499848307705
318,349,691,339.83819679370947
166,168,503,340.9589418097141
409,675,665,341.97368319799114
200,203,574,343.11076928595526
167,166,504,343.1850812608264
182,180,536,343.47052275268106
404,587,710,345.1101273506763
385,505,725,345.52279230175253
72,143,334,346.07080200444534
401,557,719,346.35530889535966
364,424,721,346.5905365124674
402,559,719,346.77081768799405
368,424,723,348.5584599461043
41,155,270,348.79936926548476
40,154,270,349.7484810546002
269,714,114,350.3426893771297
380,485,731,351.00142449853394
173,167,528,351.66034749456753
88,133,402,353.6848880006043
275,285,672,354.4925951271761
405,599,719,357.33737559902687
34,220,138,359.6109008358896
63,128,330,361.4747570716384
33,215,135,365.32998781923175
414,724,658,365.96174663480883
389,484,747,367.0054495508207
386,472,748,368.26620806150544
32,217,128,368.5986977730659
30,206,136,371.39736132611387
413,688,693,372.52248254300036
29,206,127,377.37117006999887
96,111,428,378.05951912364276
390,470,758,378.33847279915904
27,177,159,379.8973545577805
394,482,760,380.0210520484359
313,297,710,380.290678297536
370,382,748,382.4133888869478
35,260,65,387.6867292028449
26,160,166,389.964100911866
396,467,771,391.4613646325778
395,465,771,391.56353252058597
399,477,773,393.10303992719264
305,277,713,393.15391388106514
331,303,729,394.06852196033117
400,477,774,394.10277847282424
415,705,711,396.8904130865345
138,105,496,398.2674980462252
325,289,727,399.021302689468
31,122,216,399.23927662493327
311,274,719,399.831214389272
324,285,727,401.01122178811903
403,480,782,402.0447736260229
322,280,726,402.68101519689253
28,121,209,403.0707133990263
128,96,482,403.1178487737798
327,286,731,403.98143521701587
319,275,726,405.2616438796053
25,129,184,407.265269818088
24,138,162,410.64339760916647
36,87,280,411.34049156386243
21,135,161,413.7172947799016
22,134,162,414.03864553927815
71,71,357,415.63686073302017
332,278,740,415.76916672596104
55,72,341,415.83289913136986
69,71,353,415.87738577614437
68,70,353,416.8752811093505
52,71,336,417.3260116503643
53,70,339,418.01554994999884
23,200,75,418.1160126089409
70,68,357,418.63229689072006
18,131,153,421.37156999493925
19,190,79,422.15755352711625
17,129,152,423.59532575324766
20,199,67,424.6622187103534
66,62,352,424.92352253081964
78,59,386,427.0421524861451
73,59,368,427.16858498723894
11,161,101,428.32931256219206
12,167,94,428.4355260713098
75,57,372,429.074585590897
76,56,382,430.00465113763596
9,164,93,431.3386140841091
8,158,99,431.9085551363853
84,53,397,433.33358974351387
16,109,162,435.4916761546654
6,157,93,436.58905162635494
4,149,102,436.86725672680024
13,110,157,437.1555787131167
10,114,150,437.36026339849394
14,106,162,438.09131468222466
5,162,84,438.8530505761581
85,47,398,439.3688655332783
77,46,388,440.07272126320214
15,100,167,440.8684611082993
7,109,150,441.6208781296464
83,44,398,442.36636400160444
116,50,465,444.2082844792519
3,146,94,444.292696316291
2,143,96,445.31449560956355
108,47,455,445.360528111776
87,41,402,445.54348833755836
115,47,465,447.15321758878133
1,138,62,471.4106490099688
0,136,63,472.2171110834507
