339,733,324,3.605551275463989
338,730,326,5.0990195135927845
337,720,338,18.601075237738275
346,731,346,19.4164878389476
360,758,331,23.345235059857504
345,727,350,24.351591323771842
349,731,353,26.30589287593181
355,738,361,34.132096331752024
365,754,364,41.593268686170845
369,756,363,41.677331968349414
366,755,364,42.05948168962618
281,673,309,64.5600495662759
344,700,398,79.1580697086532
353,781,246,93.15041599477696
351,701,414,93.40770846134703
352,701,417,96.20810776644555
264,645,292,96.56603957913983
271,683,243,98.79271228182775
274,688,240,98.88377015466189
276,695,234,101.23734488813898
371,720,433,107.05606008068857
295,723,211,116.61903789690601
255,615,327,120.0
262,614,337,121.41251994749142
254,611,328,124.00403219250575
241,640,240,128.81770064707723
248,606,327,129.0
252,606,331,129.0620006043607
284,628,400,129.52991932368366
323,649,431,134.9518432626987
245,600,332,135.09256086106296
308,638,422,135.77186748365804
236,597,324,138.03260484392808
303,632,423,140.80127840328723
333,651,449,148.12157169028418
223,585,327,150.0
257,588,375,154.63828762631846
335,648,455,154.76756766196203
379,726,482,155.2610704587599
283,611,423,156.81836627130127
286,611,426,158.67261893597143
299,741,166,161.11176245079065
297,737,165,162.01234520862909
363,677,479,162.68988905276197
298,738,164,163.02760502442524
398,765,489,164.75436261295178
397,763,492,167.35889578985635
310,621,451,168.43990026119107
315,622,454,169.9941175452845
212,579,257,170.985379491932
272,591,421,171.96511274092776
279,598,431,172.00290695217916
247,669,168,172.15400082484288
307,616,453,173.31185764395926
278,597,432,173.4041521994211
219,618,198,174.1551032843999
215,614,201,174.69115604403103
273,589,426,176.40011337864837
290,599,447,181.37254478007415
292,599,449,182.70194306574848
372,681,508,188.88356201639147
373,680,512,193.00259065618783
213,617,171,195.6016359849784
239,668,143,195.8187937865005
238,668,142,196.7587355112855
336,624,490,197.20547659738054
261,689,134,198.40614909825754
224,658,144,198.53966858036205
258,687,134,198.8793604173143
361,652,508,199.12307751739877
201,573,210,199.83242980057065
203,535,296,202.38824076511955
202,535,292,203.03940504246953
192,543,260,203.35437049643167
374,680,523,203.5706265648362
198,574,200,205.0609665440988
196,571,200,207.4246851269154
226,539,404,210.58252539087852
269,714,114,214.03270778084362
289,571,480,224.28776159211185
187,520,263,224.32342722060932
300,578,491,227.03523955544875
288,569,482,227.11450856341168
185,515,265,228.56946427727394
391,700,553,228.69411885748178
235,524,431,235.23817717368922
246,527,439,236.2371689637344
243,521,443,243.41733709824368
220,643,99,245.86174977006894
190,585,131,246.81166909204273
377,656,561,246.9757073074192
233,515,441,247.78216239269526
231,512,441,250.44959572736389
199,486,364,251.7339865810733
206,486,372,253.03359460751452
225,509,441,253.12447530809817
189,585,123,253.21137415211032
348,602,543,253.6631624812716
208,486,380,254.57808232446092
358,612,551,255.54842985234717
174,521,187,255.7264163124334
177,536,164,257.2353008434107
214,487,417,263.82570003697515
181,545,140,266.58769664033633
280,536,507,268.33002068348594
180,547,131,271.5879231482873
179,546,130,273.00183149568795
237,493,468,280.0803456153252
382,647,597,283.9788724535683
155,470,218,286.54144551879403
410,722,614,287.29427422070216
378,634,596,287.3360402038004
268,509,507,288.9221348391293
211,459,421,291.5681738461864
376,622,596,291.77045772319036
301,534,539,292.138665705175
383,641,604,292.5149568825499
139,470,190,298.3186216111894
387,639,611,299.7865907608277
263,492,507,302.405357095406
407,702,628,302.80356668969404
381,631,613,304.32219767871027
266,491,510,305.0
412,710,632,306.0228749619871
388,638,618,306.7409330363328
217,457,457,306.8941185490527
250,478,496,307.5873859572268
222,458,461,307.7092783781471
314,530,557,308.09901006007794
218,456,458,308.22394455979565
411,704,635,309.5561338432821
384,627,621,313.2091952673165
234,467,492,314.72051092993604
126,451,184,317.9701243827791
259,475,511,318.5215848258953
256,474,511,319.33837852660304
230,462,493,319.50743340335606
125,443,196,320.0390601161052
178,417,372,321.1681802420657
291,505,552,321.7530108639234
260,473,514,321.88973267254113
122,435,197,326.9556544854363
414,724,658,331.1827290182868
240,455,507,332.86633954186476
119,421,214,333.7139493638227
357,554,608,334.24841061701403
118,438,170,335.9434476217686
408,675,660,338.3622319349487
251,455,518,338.940997815254
113,422,191,341.2696880767467
409,675,665,343.28413887041154
375,580,634,343.9098719141397
111,426,172,345.69639859275367
406,661,669,349.91427521608773
107,414,187,350.2013706426632
129,384,307,351.5693388223723
123,385,282,352.8809997718778
106,430,147,354.1539213392956
103,428,147,355.87778801155883
334,511,604,356.23728047468586
330,502,606,363.4969050762331
112,376,266,364.1455752854894
109,376,256,365.95354896489255
194,392,458,367.16481312892716
270,452,563,368.4901626909462
97,425,127,368.9173349139343
413,688,693,369.00542001439493
326,494,608,370.19184215754944
91,405,157,371.2142238654117
121,363,303,372.7733896082176
343,507,624,374.42355695121535
120,360,306,375.5875397294218
117,357,303,378.7611384500791
105,358,277,380.3011964219939
354,511,638,383.27144427937753
367,528,650,383.6378500617477
415,705,711,385.1700922968968
359,516,645,386.1152677633973
92,354,251,388.5061132080163
249,414,550,390.858030491891
104,344,292,392.5633706804546
341,490,634,392.7772905858993
321,470,618,393.58099547615353
124,340,336,395.102518341759
350,492,647,401.807167681215
356,499,654,403.2679010285842
393,568,695,404.120031673759
347,485,647,406.07881008493905
82,350,188,409.3238326801898
277,429,599,409.41421567893804
81,350,187,409.6644968751869
404,587,710,410.60077934655703
267,412,583,412.146818500398
156,327,401,414.6564843337193
405,599,719,414.9216793564781
95,319,300,416.8752811093505
362,490,666,418.2654659423845
98,317,311,418.3061080118243
145,322,394,418.3993307834036
265,403,582,418.6275194011975
340,468,650,419.068013572976
99,316,313,419.23382497122054
102,315,321,420.04285495649134
159,321,408,421.8494992292867
209,350,509,425.85091287914366
210,348,512,428.94521794746703
287,418,617,429.6382199013491
402,559,719,429.6975680638651
401,557,719,430.52061506970836
132,309,390,430.6332546378647
392,541,713,432.00925916003234
133,307,392,432.9076113906985
157,308,416,436.1765697512878
154,307,416,437.1555787131167
143,305,406,437.1967520464899
158,307,418,437.5671377057468
148,305,412,438.32065887886233
110,296,349,439.5509071768593
144,302,409,440.69604037249985
136,300,403,441.5891755919749
127,297,388,442.2273171119125
134,297,402,444.3748417721237
130,295,394,445.0719043031137
135,296,403,445.53002143514414
164,301,429,445.82507780518586
171,307,455,446.7303437197881
141,296,412,447.15321758878133
67,331,135,447.3030292765744
140,294,412,449.1169112825746
65,322,150,449.3306132459706
64,328,133,450.8713785549045
89,283,320,452.05420029018643
61,321,144,452.642242836437
161,294,430,452.86863437425205
60,316,153,453.6926272268484
57,323,131,456.24554792348385
56,321,135,456.3551248753541
152,289,427,457.07329827938975
142,287,419,457.3488821457859
131,284,407,458.0403912320397
79,280,269,458.68180692065823
385,505,725,459.6781482733327
137,281,418,463.0302365936808
149,283,429,463.3659460944449
151,283,431,463.8103060519462
205,315,524,463.9062405271134
162,284,438,464.4588248704076
163,283,439,465.6694106337671
227,344,580,465.7145048202815
228,344,581,466.2585119866446
160,282,438,466.4011149214804
150,279,433,468.15809295578777
197,308,522,469.4187895685472
147,276,432,470.8566660885242
146,275,431,471.61000837556446
207,307,533,474.99473681294614
380,485,731,475.09577981708065
188,297,512,475.467138717283
195,300,524,477.5290567075474
191,298,521,478.12655228506185
204,296,535,485.78287330864185
43,293,118,488.9222842129411
389,484,747,489.2862148068347
59,245,248,496.32751283804527
386,472,748,496.3970185244871
58,244,248,497.3147896453513
184,269,509,500.2799216438733
221,301,576,500.35687264191745
62,239,258,500.77639720737636
114,239,397,500.9151624776395
394,482,760,501.49576269396334
364,424,721,501.9531850680898
186,268,514,503.048705395412
368,424,723,503.52457735447234
46,243,216,504.36593858031296
216,295,574,504.58795070829825
47,241,221,505.24449526936957
390,470,758,505.9505904730224
153,245,455,506.4424942676118
45,240,217,507.0749451511088
293,353,661,507.42487128638066
54,228,258,511.67372416413957
285,346,660,512.0644490686694
316,364,681,512.7933306898599
296,350,666,512.9775823561883
312,361,679,513.595171316865
294,347,665,514.5755532475284
399,477,773,515.2475133370369
48,227,237,515.9108450110348
400,477,774,516.1133596410773
396,467,771,518.6135362676142
302,350,675,518.9691705679635
328,368,694,519.0163773909259
320,361,687,519.1107781581885
395,465,771,519.649882132191
329,368,695,519.7239651969111
42,227,214,520.4161796101271
403,480,782,521.5841255253077
306,350,680,522.3351414561345
242,299,615,522.5322956526228
244,299,616,523.084123253612
304,347,681,525.2237618387044
165,230,475,526.240439343082
253,299,623,526.9838707209168
193,255,546,527.5992797569004
317,351,689,527.7309920783505
38,219,215,528.0151512977634
309,345,685,529.399659992335
318,349,691,530.5581966193719
49,209,254,531.0414296455598
50,208,257,531.6286297783445
37,215,215,531.9248067161373
80,203,337,532.0939766620179
93,206,385,532.1700855929428
51,207,258,532.4894365149415
100,207,399,532.8864794681884
44,206,242,535.7854048030797
94,202,388,536.4792633457513
232,283,616,536.4932432006949
39,207,230,536.8361016176166
74,198,317,537.093101798934
282,316,671,542.1226798428562
35,260,65,542.4656671163623
34,220,138,548.5854536897601
370,382,748,549.4087731370878
101,191,408,549.9972727205109
33,215,135,554.3139904422402
32,217,128,554.9099025968089
229,265,622,554.9099025968089
169,205,508,560.0544616374375
90,177,392,561.7730858629666
30,206,136,562.4251061252511
168,201,508,563.8412897261072
29,206,127,565.5448700147496
275,285,672,567.031745143074
176,197,521,571.9090836837618
86,161,365,575.2564645442935
313,297,710,581.835887514684
170,185,518,582.2207485138262
172,185,519,582.5495687063891
27,177,159,582.7417953090373
41,155,270,582.7941317480813
40,154,270,583.7893455691017
183,190,538,584.4193699733095
175,183,524,586.099820849657
200,203,574,586.543263536459
331,303,729,590.1084646062959
23,200,75,591.3788971547767
72,143,334,592.0413836886743
182,180,536,593.0480587608394
166,168,503,593.6876283029654
20,199,67,595.7314831364882
167,166,504,595.8942859266231
26,160,166,597.1147293443698
19,190,79,598.7729118789526
305,277,713,598.965775316086
325,289,727,599.0959856316849
324,285,727,602.0797289396148
173,167,528,602.5155599650518
327,286,731,604.0008278140023
311,274,719,605.1322169575835
322,280,726,605.1660929034276
88,133,402,606.6539375953971
63,128,330,607.0074134637896
319,275,726,608.9343150127114
12,167,94,613.9324067028878
332,278,740,615.9691550719078
11,161,101,616.8889689401165
9,164,93,617.0875140529097
24,138,162,619.3819500114611
8,158,99,620.4135717406575
5,162,84,622.3969794271177
21,135,161,622.5399585568784
25,129,184,622.643557743915
31,122,216,622.9686990531708
22,134,162,623.2383171789103
6,157,93,623.5703649148186
28,121,209,625.2359554600167
4,149,102,627.7109207270494
18,131,153,628.563441507697
17,129,152,630.7622372970659
96,111,428,632.1210327144636
3,146,94,633.4113986975606
2,143,96,635.4722653271344
10,114,150,645.7321426102312
16,109,162,647.3801047298256
13,110,157,647.707495710834
36,87,280,649.7022394912918
14,106,162,650.2814775156986
7,109,150,650.5420816519097
138,105,496,652.2737155519912
1,138,62,653.1722590557563
0,136,63,654.5968224793029
15,100,167,654.8473104472523
128,96,482,657.5302274420545
55,72,341,663.1477964978848
52,71,336,664.0609911747565
69,71,353,664.5088411751946
71,71,357,664.6773653435176
53,70,339,665.108261864187
68,70,353,665.5080765851005
70,68,357,667.6743218066724
66,62,352,673.4641787058907
73,59,368,677.2422018746322
78,59,386,678.5698195469645
75,57,372,679.4917218038789
76,56,382,681.2238985825438
84,53,397,685.5829636156371
85,47,398,691.6538151416502
77,46,388,691.695019499201
83,44,398,694.6380352384974
87,41,402,698.0408297513835
116,50,465,698.7624775272353
108,47,455,699.8056873161293
115,47,465,701.7036411477427
