63,128,330,15.524174696260024
86,161,365,35.84689665786984
74,198,317,57.56735185849702
80,203,337,60.07495318350236
40,154,270,64.93843238021688
41,155,270,65.11528238439882
90,177,392,67.23094525588644
88,133,402,68.73136110975832
55,72,341,71.34423592694787
52,71,336,72.02777242147643
53,70,339,73.17103251970687
69,71,353,74.46475676452586
68,70,353,75.43208866258443
71,71,357,75.58438992278762
36,87,280,77.79460135510689
70,68,357,78.44743462982075
94,202,388,79.98124780221924
93,206,385,81.05553651663777
66,62,352,82.97590011563598
101,191,408,88.20430828479978
73,59,368,90.62008607367353
100,207,399,91.21951545584969
75,57,372,94.02127418834527
78,59,386,98.79271228182775
96,111,428,99.29753269845128
51,207,258,99.35793878699377
76,56,382,99.36297097007517
50,208,257,100.7670581092849
49,209,254,103.71113729971339
84,53,397,109.85900054160332
77,46,388,111.01801655587259
44,206,242,111.50336317797773
54,228,258,114.02192771568107
114,239,397,114.82595525402782
85,47,398,115.37764081484765
83,44,398,117.88553770501282
31,122,216,119.85407794480753
39,207,230,122.11470017978998
62,239,258,122.44182292011173
87,41,402,122.58874336577564
28,121,209,126.92123541787639
48,227,237,128.3160161476345
58,244,248,132.6536844569347
59,245,248,133.41664064126334
37,215,215,139.08630414242805
89,283,320,140.69825869569246
38,219,215,141.19844191774922
42,227,214,146.47866738880444
47,241,221,149.57606760441325
25,129,184,150.65191668213185
79,280,269,151.6377261765686
45,240,217,151.9802618763371
110,296,349,153.73353570382747
108,47,455,154.45711378890906
46,243,216,154.67385040788247
128,96,482,155.283611498445
153,245,455,158.25612152457168
131,284,407,158.7765725792064
116,50,465,160.65490966665163
137,281,418,161.55494421403512
115,47,465,162.40997506310995
127,297,388,163.19313711060278
130,295,394,163.41358572652396
146,275,431,163.8078142214223
147,276,432,165.20593209688326
165,230,475,165.6804152578089
138,105,496,166.39711535961192
142,287,419,167.2154299100415
135,296,403,167.83920876839238
150,279,433,168.21712160181556
134,297,402,168.34488409215172
26,160,166,168.8579284487406
149,283,429,169.1892431568863
140,294,412,169.95587662684687
151,283,431,170.3202865192517
166,168,503,170.8391055935379
136,300,403,171.49344010777787
167,166,504,171.5488268686207
141,296,412,171.73526137634053
24,138,162,172.07265907168403
22,134,162,172.23530416264836
15,100,167,172.44709333589824
102,315,321,172.4905794529081
152,289,427,173.1040149736568
21,135,161,173.18487231857176
160,282,438,173.60011520733505
133,307,392,173.95401691251627
99,316,313,174.26990560621763
163,283,439,175.0
132,309,390,175.1913239860924
162,284,438,175.2055935180153
16,109,162,175.32826355154492
98,317,311,175.5135322418189
144,302,409,175.80102388780332
14,106,162,175.93464695732902
143,305,406,177.2794404323299
27,177,159,178.27226368675525
161,294,430,178.932948335403
95,319,300,179.25400971805345
148,305,412,179.79988876526036
13,110,157,180.0499930574839
18,131,153,181.39735389470266
17,129,152,182.53766734567415
154,307,416,183.35757415498276
168,201,508,183.412104289766
157,308,416,184.25254408012933
158,307,418,184.26068490049633
164,301,429,184.36105879496353
169,205,508,184.71599822430107
10,114,150,186.27130750601393
7,109,150,187.11493793922494
170,185,518,188.73261509341728
145,322,394,188.7882411592417
172,185,519,189.70766985021982
159,321,408,192.76929216034384
175,183,524,194.164878389476
176,197,521,194.64069461446135
173,167,528,195.47889911701466
156,327,401,195.8187937865005
124,340,336,197.0101520226813
171,307,455,203.8062805705457
104,344,292,205.34117950377123
182,180,536,205.36065835500236
30,206,136,207.78113485107352
183,190,538,209.34421415458323
34,220,138,210.58252539087852
33,215,135,211.62466774929618
184,269,509,215.64090521049107
117,357,303,216.23366990364843
29,206,127,216.37467504308356
120,360,306,218.79899451322896
32,217,128,218.8880992653552
186,268,514,219.14607000811125
121,363,303,222.17335573826128
105,358,277,222.4275162833951
92,354,251,226.73773395709856
4,149,102,232.07757323791543
11,161,101,233.69424468736923
188,297,512,235.3720459187964
8,158,99,235.47823678633233
2,143,96,238.0
193,255,546,239.76655313033135
3,146,94,240.01874926763534
12,167,94,241.19701490690136
6,157,93,241.40629652103112
9,164,93,241.91320757660174
129,384,307,242.5077318355025
112,376,266,242.72000329597887
191,298,521,242.88680491125902
109,376,256,245.70917768776974
195,300,524,246.4731222669117
200,203,574,247.38633753705963
123,385,282,247.52373623553763
197,308,522,250.13796193301008
60,316,153,250.3797116381437
5,162,84,250.72096043211067
204,296,535,252.6064132202506
82,350,188,253.3081127796739
81,350,187,253.88580109962825
205,315,524,256.2888994864975
65,322,150,256.7041098229633
207,307,533,257.87012234844116
19,190,79,259.2951985671929
61,321,144,260.35360569809666
43,293,118,262.9752840097335
23,200,75,265.1980392084376
56,321,135,266.9925092582187
209,350,509,271.0608787708031
0,136,63,271.0903908293321
57,323,131,271.309786038027
210,348,512,271.4940146669904
1,138,62,272.04595200076034
20,199,67,272.8094573140748
64,328,133,273.17759791022394
67,331,135,273.7608445340568
178,417,372,276.6224864323217
194,392,458,278.16721589720095
216,295,574,284.08449447303525
221,301,576,289.0121104729004
35,260,65,293.3428028774526
119,421,214,302.7936591145858
107,414,187,308.3018001893599
229,265,622,312.7746792820672
113,422,191,313.5123602029113
232,283,616,314.83964172257595
91,405,157,316.18507238641104
227,344,580,317.67436157172017
228,344,581,318.4493680320311
242,299,615,321.39850653044425
244,299,616,322.27317604789886
122,435,197,322.54147020189515
111,426,172,326.08741159388535
211,459,421,327.75753233144775
253,299,623,328.4158948650324
125,443,196,330.21810973960834
218,456,458,336.6674917481639
217,457,457,337.23137457834497
118,438,170,337.52185114448514
222,458,461,339.6380426277363
103,428,147,340.87241014784405
106,430,147,342.54634722910123
126,451,184,342.58429619584143
199,486,364,344.3094538347735
206,486,372,345.0985366529392
208,486,380,346.07080200444534
249,414,550,346.5501406723131
155,470,218,346.96541614403014
97,425,127,349.8185243808567
214,487,417,353.8714455844099
230,462,493,356.4295161739555
240,455,507,356.7534162415267
139,470,190,357.30239293909017
265,403,582,359.310450724718
234,467,492,360.4719129141687
251,455,518,362.2154055254967
267,412,583,366.55422518366913
275,285,672,366.61696632861936
250,478,496,372.1142297736006
237,493,468,374.77459892580765
256,474,511,375.3531670307312
260,473,514,375.89892258425004
259,475,511,376.2352987161093
185,515,265,378.34508058120696
282,316,671,378.81129866993143
225,509,441,381.3200755271088
187,520,263,383.6274234201721
285,346,660,384.0377585602749
231,512,441,384.2004685057008
270,452,563,384.6062922002187
233,515,441,387.0826785068017
293,353,661,388.6244974265004
294,347,665,388.81486597093993
263,492,507,389.5253521916128
277,429,599,389.8987047939503
266,491,510,389.9743581314033
296,350,666,391.24544725785626
235,524,431,393.15391388106514
243,521,443,393.4018301940142
203,535,296,393.83752995365995
202,535,292,394.2435795292043
287,418,617,394.60613274504493
246,527,439,398.0967219156671
302,350,675,398.911017646793
305,277,713,401.99129343805447
226,539,404,402.1392793548026
304,347,681,402.5232912515747
306,350,680,403.1935019317648
268,509,507,404.82712359722143
309,345,685,404.97530788925883
174,521,187,405.5773662323873
313,297,710,406.31514862234707
311,274,719,406.6767758306343
192,543,260,406.7874137679287
312,361,679,408.1041533726409
316,364,681,411.40004861448426
317,351,689,411.4474450036116
318,349,691,412.1710809845834
319,275,726,413.62785206027894
320,361,687,414.889141819836
322,280,726,415.25052679075554
324,285,727,417.8672037860832
325,289,727,419.2433660775087
327,286,731,421.96919318831794
291,505,552,422.57307060436307
328,368,694,424.5291509425472
329,368,695,425.37747942268874
331,303,729,426.1748467472007
332,278,740,427.8562842824679
177,536,164,428.1927136232003
280,536,507,429.3925942537901
321,470,618,433.110840316887
301,534,539,441.48159644542375
223,585,327,442.05542638904456
212,579,257,442.7471061452576
326,494,608,445.2830560441302
181,545,140,446.3630809105968
314,530,557,446.65198980862044
257,588,375,446.884772620415
201,573,210,447.52206649505007
196,571,200,448.4863431588525
330,502,606,450.40537296972826
288,569,482,450.97671780259344
198,574,200,451.3501966322824
179,546,130,451.6912662427734
180,547,131,452.133829745132
289,571,480,452.21676218380054
340,468,650,453.3001213324347
236,597,324,454.1101188037985
273,589,426,455.38994279628093
272,591,421,456.3693679466228
334,511,604,456.4252403187186
245,600,332,457.00437634666037
341,490,634,458.70360800848295
300,578,491,462.4651338209184
252,606,331,463.00971912045213
248,606,327,463.05291274324145
347,485,647,463.6086711872417
278,597,432,464.45667182203334
279,598,431,465.2246769035366
343,507,624,465.3987537585377
254,611,328,468.03845995815345
350,492,647,468.7963310436634
290,599,447,469.79250739023075
292,599,449,470.2775776070979
262,614,337,471.00955404322747
255,615,327,472.0519039258289
283,611,423,476.38744735771536
286,611,426,476.95702112454535
354,511,638,477.32588448564155
370,382,748,478.0345175821512
364,424,721,478.25725295075245
356,499,654,478.6815225178428
368,424,723,479.8770675912738
362,490,666,480.2426470025335
359,516,645,485.64390246352315
190,585,131,486.38770543672257
307,616,453,487.7396846679589
215,614,201,489.41802173602065
284,628,400,489.47012166219093
189,585,123,489.78056310964405
310,621,451,492.1107598904946
315,622,454,493.8025921357643
357,554,608,493.9605247385665
219,618,198,494.0860248984988
303,632,423,497.0331980864055
367,528,650,498.07730323715816
213,617,171,501.2434538225911
308,638,422,502.7613748091633
264,645,292,503.7539081734255
348,602,543,504.3431371596128
336,624,490,505.6649088081948
241,640,240,505.811229610415
323,649,431,515.213547958514
358,612,551,516.768807108169
335,648,455,519.2937511659466
333,651,449,520.8541062524131
380,485,731,523.997137396761
386,472,748,528.8071482118978
375,580,634,530.0650903426862
281,673,309,530.5892950295926
385,505,725,532.8461316365166
390,470,758,535.4484102133463
389,484,747,535.5837936308379
361,652,508,537.9191389047243
395,465,771,542.8194911754736
396,467,771,544.0082719959321
394,482,760,544.4235483518324
376,622,596,545.9716109835748
271,683,243,547.6139150898194
224,658,144,548.9307788783573
392,541,713,549.5862079783299
247,669,168,551.5722980716127
399,477,773,551.6130890397725
400,477,774,552.4092685681513
220,643,99,552.4717187331855
274,688,240,553.0470142763633
363,677,479,553.3362449722591
378,634,596,556.5294241996554
393,568,695,557.6253222370734
239,668,143,558.6644789137753
238,668,142,559.0071555892644
403,480,782,560.6005708166912
344,700,398,560.6647839841557
377,656,561,560.9795005167301
276,695,234,560.9848482802365
381,631,613,562.1254308426189
384,627,621,562.6944108483751
351,701,414,563.7055969209459
352,701,417,564.1391672273784
401,557,719,565.3503338638795
372,681,508,565.4378834142615
373,680,512,565.7322688339424
383,641,604,566.4838920922642
402,559,719,566.816548805696
387,639,611,568.1065040993634
382,647,597,568.4936235350402
374,680,523,569.2890302825094
388,638,618,570.6846765070883
337,720,338,577.0138646514484
258,687,134,579.5998619737586
261,689,134,581.4774286247059
404,587,710,581.817840908991
345,727,350,584.2191369683126
371,720,433,585.4314648188974
338,730,326,587.0545119492738
346,731,346,588.1224362324566
349,731,353,588.3068927014199
339,733,324,590.0847396772772
342,735,327,592.0413836886743
295,723,211,592.898810928138
355,738,361,595.6122900008024
405,599,719,596.7922586629287
391,700,553,598.5064744846125
379,726,482,601.4923108402966
365,754,364,611.7360541933098
269,714,114,611.9158438870495
366,755,364,612.7348529339587
369,756,363,613.6855872513221
360,758,331,615.0073170296431
406,661,669,616.8865373794439
297,737,165,617.5734774097734
298,738,164,618.8093405888441
299,741,166,621.1505453591745
408,675,660,623.9390995922599
409,675,665,626.5660380199361
407,702,628,631.5987650399579
411,704,635,636.6490398956084
397,763,492,639.8155984344239
412,710,632,640.5411774429494
398,765,489,641.0218405015542
410,722,614,643.1492828263124
353,781,246,644.0403714053957
413,688,693,652.6147408693739
414,724,658,665.2345451042061
415,705,711,676.7370242568379
