61,245,248,2.0
65,239,258,10.770329614269007
57,227,257,18.35755975068582
53,227,236,20.0
52,241,220,28.071337695236398
50,240,217,31.144823004794873
51,243,215,33.0
54,208,253,35.35533905932738
55,208,255,35.6931365951495
56,207,257,37.107950630558946
49,206,242,37.48332962798263
46,228,213,38.07886552931954
48,206,238,38.3275357934736
41,219,215,40.80441152620633
79,280,267,41.593268686170845
40,215,217,41.773197148410844
42,206,228,42.05948168962618
88,283,319,81.49233092751734
76,197,318,83.7615663654877
92,316,299,89.05054744357274
45,155,270,90.70832376358854
44,154,270,91.67878707749138
97,316,311,96.42613753542138
81,202,336,97.082439194738
99,318,310,97.30878685915265
104,316,321,103.23759005323593
98,341,284,104.4030650891055
91,354,250,111.01801655587259
35,220,138,112.37882362794157
28,177,157,112.4144118874444
34,215,135,116.41735265844177
27,160,166,116.67476162392619
111,296,352,116.72617529928752
32,206,136,117.95338062132852
63,316,153,119.80818002123227
108,360,277,120.5404496424333
33,217,128,122.78436382536663
83,350,187,123.1665539016173
85,351,188,123.54756169184401
43,124,283,124.04031602668546
31,123,214,124.72369462135092
68,322,150,125.87692401707312
30,206,127,126.53062870309307
118,357,304,127.01181047445942
29,121,208,128.39003076563228
121,359,305,129.24782396620841
119,361,302,129.76902558006668
64,321,144,130.0
125,341,335,131.04579352272242
26,129,183,131.2288078129189
73,143,334,131.89389675038038
122,362,306,132.38202294873727
109,376,256,133.24038426843418
112,376,266,134.21251804507656
24,138,161,136.35981812836215
47,292,119,137.99275343292487
58,320,133,138.3979768638256
23,135,161,138.68309197591464
22,133,161,140.24621207005913
66,128,329,140.6627171641441
67,128,331,141.8238343861849
93,206,385,141.90842117365693
62,325,132,142.0563268566381
86,161,365,142.87407042567241
59,323,129,143.39107364128355
94,205,387,144.10065926289164
124,385,282,146.01369798755184
19,131,153,146.8638825579659
18,130,152,148.27339613025663
114,239,397,149.05368160498418
128,297,388,150.05332385522155
130,385,304,152.64337522473747
101,206,398,154.49595463959565
131,297,393,154.72879499304582
134,307,392,157.58172482873766
89,177,392,158.40454538932903
39,87,278,158.8584275384847
133,392,305,159.53056133543816
16,107,162,160.90991268408544
14,110,157,161.15210206509875
140,322,389,161.62301816263673
15,107,160,161.9876538505327
11,114,150,162.00308639035245
38,277,89,162.5945878558078
135,296,402,162.8649747490233
136,299,401,162.92636373527768
37,274,87,163.95731151735808
132,284,407,164.20109622045769
17,100,167,164.34719346554112
100,192,405,165.07574019219177
137,300,403,165.14841809717706
147,322,394,166.00301202086666
8,109,150,166.01204775557707
102,190,407,167.6007159889241
12,161,101,168.32409215557945
143,304,405,168.4339633209407
141,293,412,171.45261736118232
146,302,409,171.47011401407536
9,158,99,171.54008277950666
13,167,94,171.73234989366446
144,296,412,172.35138525698017
138,281,417,173.21951391226105
5,149,102,173.64331256918592
158,327,400,173.6663467687393
10,164,93,173.97126199461795
157,321,404,174.41330224498358
150,305,412,175.32826355154492
161,321,406,176.20442673213407
145,287,419,176.57009939398006
7,157,93,177.2596964907703
20,188,78,178.67568385205638
159,307,416,179.77764043395385
160,308,416,180.13605968822566
25,201,72,180.94197965093673
107,414,187,181.5543995611233
120,421,212,181.60396471443016
163,307,418,181.64801127455263
4,146,94,182.00274723201295
151,288,425,182.6307750626931
3,143,95,182.7812900709479
36,262,66,182.98907071188705
6,162,83,183.8096841844847
152,283,429,185.3672031401456
90,405,157,185.80904176062046
148,277,431,186.1316738225926
113,421,192,186.60117898877274
156,285,430,186.78329689776868
149,276,432,186.93581786270923
155,283,431,187.3205808233575
164,294,429,188.04786624686813
168,301,427,188.16216410320115
153,279,433,188.47015678881365
87,133,402,189.25115587493778
21,198,64,189.42280749687984
170,314,424,189.7814532561072
2,146,84,190.53870997778904
165,282,438,193.96133635340834
166,284,438,194.3733520830466
167,283,439,195.143536915779
123,435,195,199.1808223700264
110,427,170,199.8499437077729
71,71,353,201.51674868357716
70,70,353,202.37094653136353
154,245,454,206.00970850908945
72,68,357,206.16983290481662
126,443,194,207.16177253537873
69,61,352,209.61870145576228
117,438,170,210.02142747824567
103,428,145,211.74040710265956
1,139,62,213.10091506138588
105,430,145,213.49004660639335
0,136,62,214.5809870421888
185,417,374,214.83016547961788
176,307,455,216.6679487141557
127,451,182,218.22007240398395
74,59,367,219.12781658201223
95,424,122,220.5379785887229
96,111,428,223.2129028528593
75,57,372,223.54417907876734
169,230,474,226.37358503146962
162,470,219,228.84492565927695
77,56,380,228.89517251353294
80,59,386,230.0
142,470,189,234.54210709380095
78,45,387,241.91940806805889
84,47,397,246.2051989702898
82,43,397,249.40128307609004
205,390,457,255.51907952244974
193,266,509,262.01145013147806
194,269,509,262.29182221335077
174,204,508,262.90872941003687
173,201,509,264.35771220072246
171,168,502,264.841462010766
177,204,511,265.8759109058209
196,268,514,267.1722290957651
172,166,504,267.329384841996
210,485,363,267.9346935355703
199,297,512,269.46613887462746
198,272,516,269.56446353330773
217,485,372,271.9191056178289
195,515,265,272.5307322119838
175,185,518,276.1593742750733
129,96,482,276.34217919094436
178,185,519,277.1371501621535
197,520,263,277.4058398808504
202,298,521,278.48518811599297
183,197,524,279.8070763937181
209,308,522,281.6043323530375
207,300,524,281.82441342083905
219,350,509,282.0815484926301
181,183,524,282.44645510255566
106,48,454,283.6564823867066
179,520,185,284.0739340383063
220,348,512,284.1144135731237
139,102,495,284.41167345944154
216,314,524,284.98596456667826
180,167,528,290.13100489261745
116,49,464,290.33084576048753
192,204,536,290.6286290096005
215,295,534,290.68883707497264
115,47,464,291.67104758614624
218,307,533,292.0975864330276
190,198,537,292.4824781076637
212,534,291,294.15982050579237
228,486,414,294.2872746144488
214,534,294,294.61330587738223
188,180,536,294.8101083748656
230,487,414,295.1135374732918
227,497,399,295.49450079485405
189,184,538,295.9408724728641
191,190,540,296.7709554521803
206,255,546,298.24151287169934
236,456,458,299.11369075988483
235,457,457,299.127063302537
204,543,258,300.1666203960727
239,458,460,301.9420474196994
182,535,162,304.4010512465422
241,496,422,307.05862632402955
242,507,418,314.0
187,546,139,322.0093166354042
184,546,130,325.1661113953913
186,547,131,325.7376244771242
203,567,200,327.53625753494833
249,462,493,328.612233491086
211,199,574,328.95592409926286
232,295,574,330.1211898682058
251,490,468,330.77031305726337
254,467,492,331.2280181385627
213,573,209,332.29655430052236
256,453,506,332.66199061509866
240,301,576,333.08857680803163
208,573,199,333.6180450755025
245,539,403,334.12722127955993
225,579,257,336.12051410171324
265,478,496,341.65626000411584
268,455,518,343.28413887041154
246,344,580,347.02305398921266
247,345,580,347.3154186038967
266,415,550,347.5456804507862
273,474,511,350.04285451927166
274,475,511,350.7035785389137
243,585,326,350.7819835738432
275,473,514,351.64755082326394
278,492,506,358.5596184736926
280,491,509,360.0347205478938
253,596,325,361.3004290061112
200,583,121,362.9448993993441
201,586,129,363.0564694369183
271,587,375,366.69469589837263
261,600,332,366.7492331280326
248,283,614,368.17930414405424
282,534,474,368.4521678590045
223,603,165,369.44417710934357
222,602,160,369.6281915655244
281,403,582,370.3457843691487
284,508,507,370.54824247323046
264,605,330,371.1711195661645
259,299,615,371.24789561693143
263,606,327,371.4969717238621
260,299,616,372.23648397221893
231,613,199,373.23049178758157
221,604,150,374.0655022853618
283,413,583,375.6660751252367
233,616,198,376.3362857870604
269,611,328,376.59527347007423
250,266,624,376.70280062670093
287,452,563,378.02909940902697
267,299,622,378.1692742674899
270,615,326,380.0894631530845
277,614,336,381.29384993728917
229,617,172,381.6438129984554
224,614,156,382.23683757586736
226,617,155,385.3894134508627
289,591,421,388.6296437483893
291,589,426,389.1015291668744
298,536,507,391.0626548265636
234,628,159,395.15313487305144
257,640,240,397.0805963529319
296,429,599,397.23670525267426
295,597,430,398.0452235613436
238,631,159,398.07662578955825
297,598,431,399.3920379777243
308,504,551,399.9124904275934
302,570,479,400.3623358908777
307,569,482,401.2879265564814
279,644,294,403.6297808636028
310,600,446,408.23155194080726
305,418,617,408.3944171998437
304,611,426,408.78845384868686
301,613,422,408.87161799273866
311,600,448,409.20532743355136
321,534,539,411.5361466505707
258,653,204,412.35421666329546
320,578,491,413.8526307757388
306,629,401,415.21681083501426
317,626,423,421.0866894120497
334,530,557,421.7226576791909
303,346,660,424.679879438619
322,631,422,425.22934988074377
309,353,659,425.46562728380303
327,616,453,425.62189793289537
292,285,672,426.07511074926686
237,642,97,426.6169241837459
328,442,626,427.18263073303905
244,658,144,427.8329113100113
330,621,451,429.0606017802147
300,316,671,429.2528392451237
312,351,664,429.79064671069796
333,621,453,430.01046498893487
326,638,421,431.223839786253
337,443,631,432.0752249319556
262,669,166,433.82023926967724
344,470,618,434.08409323540064
299,673,309,434.3051922323748
340,450,631,435.35962146253297
252,666,139,436.81803992051425
255,667,138,438.03652815718465
319,350,673,438.2624784304493
352,494,608,438.8633044582333
285,682,233,439.2561894839958
288,683,243,440.028408173836
355,501,607,442.0916194636582
346,648,430,444.01463939829733
323,350,679,444.08332551448046
290,687,238,444.1125983351519
359,510,604,445.0
324,347,681,445.31449560956355
329,360,678,445.6332572867514
336,363,680,448.35700061446573
294,692,245,449.0100221598623
293,693,234,450.21772510642006
362,623,491,451.05321193845856
358,651,447,453.9438291242651
338,351,689,454.0319372026598
361,648,454,454.3797970860941
342,361,687,454.5822257853908
360,651,449,454.82414183945866
339,349,691,455.50521402065203
272,687,132,458.90303986790065
350,368,690,459.3353894487121
368,492,634,459.34409760004536
372,507,624,459.4257284915593
276,689,132,460.83836645834947
351,368,692,461.26023023885335
369,470,651,462.5343230507332
354,368,694,463.18570789695144
375,602,543,464.6568626416702
332,297,710,465.14513863954335
325,277,713,466.24135380723146
374,485,647,466.6529759896534
335,294,712,466.794387284166
377,492,647,470.3211668636656
331,273,719,471.9544469543644
380,511,638,473.2060861823313
316,717,241,474.0516849458506
382,611,549,475.4208661806926
345,292,721,475.53128183117457
384,554,608,475.73206744973584
341,275,726,479.0699322645912
343,278,726,479.27966783497084
370,699,396,479.4163117792301
383,499,654,479.97083244713946
347,283,727,480.6672445673826
386,517,643,480.72965375562177
349,289,727,481.20369907140156
314,725,210,483.49560494382985
363,719,338,484.43368999275845
356,302,729,484.6049937835969
387,652,508,484.6452310711414
388,490,666,485.5234288888642
376,700,413,485.8744693848402
353,286,732,485.90636958163043
378,700,416,486.9014273957307
367,722,350,489.73972679373276
286,714,112,490.2417770855519
366,724,344,490.4864931881407
389,677,479,491.64723125428054
393,528,650,492.7768257538092
373,725,352,493.0922834520938
364,730,326,493.20685315595523
357,278,740,493.24334764900783
365,732,323,494.71810154875067
371,735,327,498.30211719397704
313,737,165,500.9241459542552
315,738,164,502.0766873695691
318,741,164,505.0346522764552
381,737,360,506.53726417707907
348,749,224,506.56885020695853
392,424,722,507.38249871275616
398,679,510,508.66491917567896
395,424,724,509.25141138734216
399,681,508,509.35645671769
397,720,433,511.6189988653666
401,577,636,511.9570294468082
402,620,596,513.0623743756698
400,680,521,515.264980374176
403,656,561,518.2065225371059
396,382,748,518.9614629237898
404,625,600,519.449708826562
385,756,330,519.5122712698902
390,753,363,522.8049349422785
407,634,596,523.4357649224975
391,754,364,524.0009541976045
394,756,363,525.731870823902
405,712,497,531.0009416187509
411,631,613,532.6997278016951
406,714,497,532.7682422967796
412,647,597,533.8698343229369
413,641,604,533.9850185164374
415,627,621,535.3363428724039
408,726,482,536.6982392369105
379,780,245,537.0083798228851
410,484,730,538.8923825774493
419,638,618,541.2254613375095
414,505,722,541.5902510200863
409,438,754,542.2739160239961
417,506,724,543.8244201946065
418,505,726,545.0944872221696
416,471,747,548.620998504432
424,700,553,549.4306143636337
426,568,695,552.6608363182613
420,483,746,552.8146163045981
425,542,714,553.6758979764245
421,470,757,557.3239632386176
422,461,763,559.2396623988682
427,482,759,564.1294177757441
436,550,723,565.574044666125
437,552,723,566.6621568447994
428,463,771,567.387874385768
430,467,771,568.9507887330855
423,790,415,571.9248202342682
432,763,488,572.7128425310541
434,477,772,573.8745507512945
433,763,491,573.9764803543783
435,477,773,574.7877869266187
439,587,710,576.0034722117567
429,800,415,581.496345646299
438,480,782,584.2302628245134
431,803,416,584.6571644989908
440,598,717,588.2057463167118
441,649,679,592.1123204257786
442,661,669,593.2663819904175
443,702,628,595.8867342037411
444,675,660,596.9656606539442
445,675,665,600.42734781154
447,704,635,601.9053081673229
446,722,614,602.8241866415116
448,710,632,604.6031756449845
449,670,681,608.1266315497127
450,724,658,632.0292714740355
451,645,752,644.6859700660469
452,705,711,654.0741548173265
