374,485,647,15.524174696260024
377,492,647,22.360679774997898
388,490,666,25.0
368,492,634,27.80287754891569
340,450,631,28.284271247461902
383,499,654,29.154759474226502
344,470,618,33.0
337,443,631,33.60059523282288
328,442,626,37.53664875824692
380,511,638,43.01162633521314
372,507,624,45.803929962395145
386,517,643,47.67598976424087
352,494,608,49.24428900898052
355,501,607,53.823786563191554
393,528,650,58.008620049092706
359,510,604,61.71709649683789
305,418,617,62.12889826803627
296,429,599,66.21933252457322
414,505,722,79.1580697086532
410,484,730,80.23091673413684
417,506,724,81.39410298049853
418,505,726,82.76472678623425
392,424,722,84.59905436823747
395,424,724,86.28441342444185
283,413,583,88.72992730753249
287,452,563,89.82204629154248
384,554,608,94.36630754670864
425,542,714,95.67131231461184
420,483,746,95.88534820294495
416,471,747,96.00520819205592
281,403,582,96.17692030835673
308,504,551,105.62196741208714
421,470,757,106.0
426,568,695,107.42439201596628
436,550,723,107.62899237658968
409,438,754,107.8563859954523
401,577,636,108.04628637764465
427,482,759,108.664621657649
437,552,723,109.12378292562992
350,368,690,109.20164833920778
351,368,692,109.9317970379817
354,368,694,110.69326989478628
336,363,680,110.86027241532469
334,530,557,111.51681487560519
422,461,763,112.36102527122117
329,360,678,113.26517558367179
342,361,687,114.79111463872106
266,415,550,115.00434774390054
309,353,659,117.27318534089538
312,351,664,119.70797801316336
430,467,771,120.03749414245534
428,463,771,120.20399327809372
434,477,772,121.2023102090055
319,350,673,122.0
435,477,773,122.20065466273084
323,350,679,123.2233744059949
303,346,660,124.32618388738553
338,351,689,124.91997438360288
324,347,681,126.60568707605516
339,349,691,127.4401820463232
321,534,539,128.9961239727768
396,382,748,130.96946208945045
439,587,710,131.03434664239754
438,480,782,131.38112497615478
268,455,518,133.843191832831
275,473,514,137.03284277865654
273,474,511,140.05713120009278
274,475,511,140.089257261219
280,491,509,143.54441821262157
247,345,580,143.75673897247393
440,598,717,144.01388821915754
246,344,580,144.62710672622887
256,453,506,145.9931505242626
278,492,506,146.6594695203825
284,508,507,148.92951352905172
265,478,496,155.2063143045411
300,316,671,155.2932709424333
249,462,493,158.2024020045208
298,536,507,158.40454538932903
254,467,492,159.02829936838285
402,620,596,159.76545308670458
415,627,621,159.84054554461454
404,625,600,163.17475294910057
411,631,613,165.42369842317032
375,602,543,170.55204484262273
419,638,618,171.2103968805633
407,634,596,172.97687706742772
267,299,622,173.44163283364233
382,611,549,174.0258601472781
260,299,616,174.54512310574592
259,299,615,174.7483905505284
413,641,604,177.341478509682
441,649,679,181.1767093199344
332,297,710,182.7840255602223
251,490,468,184.08965207202712
240,301,576,184.89456454963732
220,348,512,184.94593804677083
412,647,597,185.05404615949362
356,302,729,185.22418848519757
219,350,509,185.9139585937538
292,285,672,186.18807695446023
335,294,712,186.27130750601393
282,534,474,188.2153022471871
248,283,614,190.62528688503002
232,295,574,191.19100397246729
345,292,721,191.2694434560837
239,458,460,191.3765920900464
442,661,669,191.84629264074925
320,578,491,193.03885619221847
236,456,458,193.5071058126807
235,457,457,194.4350791395421
307,569,482,195.86219645454813
349,289,727,196.30843079195554
302,570,479,198.9572818471342
353,286,732,201.03979705520993
216,314,524,201.1591409804685
218,307,533,201.22872558360052
347,283,727,201.8539075668341
451,645,752,202.05444810743464
449,670,681,202.23748416156684
325,277,713,202.71408436514716
444,675,660,205.19746587129188
445,675,665,205.47749268472205
250,266,624,205.7790076757102
343,278,726,206.1286006356226
403,656,561,206.63010429267078
209,308,522,207.0869382650678
331,273,719,208.40585404445815
341,275,726,208.92582415776178
205,390,457,209.84756372185979
215,295,534,210.50890717496966
357,278,740,211.62466774929618
207,300,524,212.20037700249262
202,298,521,215.60148422494683
362,623,491,221.37976420621646
199,297,512,221.92341021172146
241,496,422,230.471256342304
387,652,508,231.4584195919431
443,702,628,233.13729860320507
447,704,635,234.54637068179076
242,507,418,235.9194777885031
228,486,414,237.53947040439405
230,487,414,237.60892239139505
206,255,546,239.26972228010797
198,272,516,239.64348520249825
448,710,632,240.75090861718465
311,600,448,241.05808428675442
452,705,711,242.53865671269807
310,600,446,242.7447218787671
196,268,514,244.07580789582568
327,616,453,246.0081299469593
194,269,509,246.0995733437992
400,680,521,246.9817807045694
193,266,509,248.55582873873627
333,621,453,249.00803199896987
424,700,553,250.0079998720041
330,621,451,250.60127693210185
398,679,510,252.1150531007619
227,497,399,253.44230112591703
450,724,658,254.09643838511394
297,598,431,254.52701231892854
291,589,426,254.53094114468678
446,722,614,254.70178640912593
295,597,430,254.8921340488953
399,681,508,254.8921340488953
176,307,455,254.9215565620138
245,539,403,257.41989045137905
289,591,421,259.88651369395836
361,648,454,265.5051788572118
304,611,426,265.52965936030574
389,677,479,269.1337957224993
301,613,422,269.9814808463721
360,651,449,271.22868579853423
358,651,447,272.72146963523056
170,314,424,275.4360179787676
317,626,423,276.2607463973121
217,485,372,279.4029348450012
322,631,422,279.93213463266414
168,301,427,280.60114041108244
211,199,574,281.7268180347764
185,417,374,282.0248216026384
167,283,439,282.6888749137468
166,284,438,282.78083386255156
164,294,429,283.30195904723286
346,648,430,283.7692724732542
165,282,438,284.1003343891027
163,307,418,284.35541141325234
326,638,421,284.82275190019493
160,308,416,285.4277491765648
159,307,416,285.99650347512994
161,321,406,286.7507628586191
405,712,497,286.8449058289165
156,285,430,288.2117277280715
210,485,363,288.39036044916617
157,321,404,288.4614358974177
406,714,497,288.5342267392207
155,283,431,288.73690446494714
158,327,400,288.87713651308576
192,204,536,289.79475495598604
153,279,433,289.836160614924
151,288,425,290.17236257093816
152,283,429,290.26367323521555
150,305,412,290.423828223512
149,276,432,292.56964982718216
148,277,431,292.6585040623286
146,302,409,294.59803122220626
190,198,537,294.92371895118913
145,287,419,295.4877324018715
144,296,412,295.62983611266304
306,629,401,296.27858511880333
147,322,394,296.56871041969345
143,304,405,296.76927064640637
141,293,412,297.40544715926103
169,230,474,298.20965779129284
154,245,454,299.0551788550066
271,587,375,299.7749155616594
177,204,511,300.59274775017445
137,300,403,300.6725793949292
138,281,417,300.79394940723125
140,322,389,300.9119472536775
183,197,524,301.09466949781756
191,190,540,301.1992695874278
174,204,508,302.00165562460086
136,299,401,302.88776799336085
135,296,402,303.77129554979354
173,201,509,304.1792234851026
134,307,392,306.0228749619871
408,726,482,306.7523431043356
132,284,407,306.80938707933956
189,184,538,307.514227313144
131,297,393,310.6332242372023
188,180,536,311.96954979612997
181,183,524,313.84391024839084
178,185,519,314.08438356594553
175,185,518,314.5059617876901
128,297,388,314.79834815322647
180,167,528,327.0137611783333
378,700,416,328.8236609491476
376,700,413,330.9743192454665
397,720,433,331.6986584235758
433,763,491,333.83978193139296
432,763,488,335.2879359595272
171,168,502,336.7565886512096
172,166,504,337.6758800980609
125,341,335,341.31656859871305
370,699,396,342.7331323347657
114,239,397,343.3322006453808
261,600,332,344.47205982488623
243,585,326,344.74628351876396
111,296,352,345.94363702776786
277,614,336,346.3538652880894
264,605,330,348.2326808328018
253,596,325,349.502503567571
263,606,327,351.38582783032103
269,611,328,352.4343910573995
133,392,305,354.682957019364
270,615,326,355.8791929854849
130,385,304,357.2590096834508
122,362,306,361.5093359790311
214,534,294,362.6913288183218
121,359,305,363.3689584981084
104,316,321,364.1647978594307
118,357,304,364.9356107589392
119,361,302,365.62549145266115
212,534,291,365.64463622484607
101,206,398,365.65694304908254
100,192,405,371.2142238654117
102,190,407,371.39736132611387
97,316,311,373.2505860678587
99,318,310,373.34300582708124
94,205,387,374.06015558997996
93,206,385,374.7692623468472
124,385,282,378.6634389533798
88,283,319,381.04199243652926
92,316,299,384.2134823246056
195,515,265,388.6142045782681
98,341,284,389.0115679513914
108,360,277,389.8409932267257
89,177,392,391.0626548265636
197,520,263,391.208384368229
367,722,350,392.56209699867867
373,725,352,392.9707368240032
381,737,360,394.9303736103365
112,376,266,396.30922270368626
279,644,294,397.1460688462118
423,790,415,397.61287705505714
299,673,309,397.70969311798274
366,724,344,398.45325949225213
139,102,495,399.6998874155458
204,543,258,399.7224036753507
363,719,338,399.96249824202266
391,754,364,403.7635446644484
390,753,363,403.77345133131274
429,800,415,405.70432583348185
394,756,363,405.8817561802945
109,376,256,406.03078701004927
431,803,416,407.5708527360611
225,579,257,408.7994618391761
129,96,482,410.41076983919413
81,202,336,413.58070554608804
364,730,326,416.20307543313515
91,354,250,417.44101379715914
371,735,327,418.57018527362885
87,133,402,419.0107397191628
365,732,323,419.7951881572727
86,161,365,421.042753173594
96,111,428,422.62276322980995
79,280,267,428.4343590329795
385,756,330,429.92673794496665
76,197,318,430.60190431534323
162,470,219,432.0
120,421,212,441.72615951514575
257,640,240,444.77072745404456
213,573,209,453.84248368789804
73,143,334,455.43166337003845
65,239,258,455.8618211695294
123,435,195,457.3412292807199
126,443,194,457.79689819831674
288,683,243,460.2531911893713
116,49,464,460.66256631074333
203,567,200,461.31334253411745
61,245,248,461.55606376690577
113,421,192,461.6080588551287
142,470,189,462.0
115,47,464,462.49108099508254
60,243,248,462.5343230507332
294,692,245,462.73102338183463
57,227,257,462.909278368883
208,573,199,463.5871007696396
106,48,454,465.7177256665243
290,687,238,466.5383156826457
107,414,187,467.36709340731295
67,128,331,468.3631070013948
179,520,185,468.67472728962036
285,682,233,468.6875291705552
127,451,182,469.38470362805816
66,128,329,469.7318383929282
293,693,234,472.88264929049785
56,207,257,473.7140487678194
231,613,199,474.0812166707304
55,208,255,474.82628402395756
233,616,198,475.94642555649057
54,208,253,476.49554037787175
85,351,188,478.0481147332348
316,717,241,478.65331921966236
83,350,187,479.2661056240051
53,227,236,480.9095549061175
117,438,170,482.0632738552067
110,427,170,482.9182125370713
258,653,204,483.0093166803307
49,206,242,486.8028348315157
52,241,220,488.0594226116324
80,59,386,489.0255617040892
48,206,238,490.1683384307885
50,240,217,491.1781754109195
51,243,215,491.553659329274
182,535,162,493.30112507473564
84,47,397,493.40145926010393
45,155,270,494.3541240851542
77,56,380,494.8100645702349
44,154,270,494.99191912595904
82,43,397,496.83498266527084
71,71,353,498.00100401505216
72,68,357,498.0361432667312
90,405,157,498.2579653151568
75,57,372,498.4074638285426
42,206,228,498.62310415783986
70,70,353,498.8025661521801
74,59,367,499.5768209194658
78,45,387,500.32089702509927
46,228,213,500.4078336716962
229,617,172,501.0488998091903
41,219,215,503.08746754416376
40,215,217,503.3696454892766
223,603,165,503.8700229225787
43,124,283,505.11384855297723
69,61,352,506.63793778200227
105,430,145,507.57856534727705
103,428,145,507.74009099144416
222,602,160,508.43386983952985
314,725,210,509.4173141933831
348,749,224,510.0686228342222
379,780,245,510.818950314101
224,614,156,515.5201256983087
234,628,159,516.7475205552514
226,617,155,517.3248495867949
187,546,139,517.6098917138273
238,631,159,517.6726765051445
221,604,150,518.6106439324207
63,316,153,521.2676855512914
68,322,150,522.4031010627713
262,669,166,524.2384953434839
186,547,131,525.6700486046357
184,546,130,526.514007411009
64,321,144,528.441103624614
95,424,122,530.996233508299
39,87,278,534.6194908530739
201,586,129,534.7335785229875
62,325,132,538.8747535374059
58,320,133,539.2810028176406
244,658,144,540.7337607362796
200,583,121,541.912354537152
59,323,129,542.3034206051074
252,666,139,548.2335268843013
255,667,138,549.5252496473661
313,737,165,554.5133001110073
315,738,164,555.8713880026565
318,741,164,557.3239632386176
31,123,214,558.0125446618562
47,292,119,560.9884134275859
272,687,132,562.5388875446746
276,689,132,563.3134118765503
29,121,208,563.9592183837409
35,220,138,570.674162723353
28,177,157,574.3561612797412
34,215,135,575.570152110062
27,160,166,575.6083738098326
32,206,136,578.7235955099809
26,129,183,579.055265065434
237,642,97,580.086200490927
33,217,128,580.9802062032751
30,206,127,586.7469642017758
286,714,112,591.6561501412792
24,138,161,591.8817449457282
23,135,161,593.5697094697471
38,277,89,594.2162905878633
22,133,161,594.7007650911507
37,274,87,597.0862584250285
19,131,153,602.432568840696
18,130,152,603.8219936371977
16,107,162,609.0073891177348
17,100,167,609.2257381299644
15,107,160,610.6144446375307
14,110,157,611.2577197876523
11,114,150,614.6031239751389
8,109,150,617.5127529047477
36,262,66,620.8776046854967
12,161,101,630.8573531314349
9,158,99,634.0725510538995
13,167,94,634.080436537826
5,149,102,635.9575457528592
10,164,93,636.3961030678928
25,201,72,638.4371543072975
20,188,78,638.6336978268529
7,157,93,639.7913722456719
4,146,94,644.3795465407014
3,143,95,645.0310070066399
6,162,83,646.133113220488
21,198,64,646.9567218910396
2,146,84,653.0428776121826
1,139,62,675.6345165842255
0,136,62,677.1092969380941
