167,283,439,1.4142135623730951
165,282,438,2.0
153,279,433,7.0710678118654755
155,283,431,7.0710678118654755
156,285,430,8.06225774829855
152,283,429,9.055385138137417
148,277,431,9.899494936611665
149,276,432,10.0
164,294,429,13.45362404707371
151,288,425,13.601470508735444
145,287,419,19.235384061671343
168,301,427,20.248456731316587
138,281,417,21.213203435596427
141,293,412,27.51363298439521
176,307,455,28.600699292150182
144,296,412,28.635642126552707
163,307,418,30.479501308256342
132,284,407,31.0
159,307,416,31.827660925679098
160,308,416,32.55764119219941
170,314,424,33.1058907144937
150,305,412,33.421549934136806
146,302,409,34.132096331752024
135,296,402,37.94733192202055
137,300,403,38.48376280978771
143,304,405,38.58756276314948
136,299,401,39.92492955535426
154,245,454,42.15447781671598
131,297,393,46.84015371452148
161,321,406,48.91829923454004
157,321,404,50.24937810560445
134,307,392,51.42956348249516
128,297,388,51.66236541235796
158,327,400,57.38466694161429
147,322,394,58.137767414994535
114,239,397,60.876925020897694
140,322,389,62.00806399170998
169,230,474,64.89992295835181
194,269,509,72.56721022610694
193,266,509,73.24616030891995
199,297,512,75.13321502504735
196,268,514,77.6659513557904
198,272,516,78.91767862779544
202,298,521,84.17244204607586
111,296,352,86.83317338436964
209,308,522,87.36131867136622
207,300,524,87.47571091451616
101,206,398,87.65842800324451
216,314,524,91.0823802938856
94,205,387,94.03190947758107
93,206,385,94.30270409696638
215,295,534,96.62815324738438
219,350,509,96.93812459502195
100,192,405,97.73944955850733
218,307,533,97.74456506629922
220,348,512,97.83659846908007
102,190,407,98.97979591815695
174,204,508,106.30145812734649
205,390,457,107.68936809174804
177,204,511,108.30050784737807
173,201,509,109.22453936730518
206,255,546,111.8257573191436
89,177,392,116.46887996370532
125,341,335,117.72000679578642
88,283,319,119.00420160649792
104,316,321,121.29715577869086
183,197,524,122.3315167894194
192,204,536,126.50691680694776
175,185,518,127.283148923964
178,185,519,127.91403363196706
81,202,336,130.87398519186308
97,316,311,130.96946208945045
190,198,537,131.13733259449805
99,318,310,132.43866504914644
171,168,502,132.48396129343357
181,183,524,132.6536844569347
172,166,504,135.20355024924456
232,295,574,136.444127759314
191,190,540,138.70832707519762
240,301,576,139.04315876734103
189,184,538,141.4213562373095
92,316,299,142.63590010933433
188,180,536,142.89856542317
86,161,365,143.0314650697531
185,417,374,147.59742545180114
180,167,528,147.61097520171052
76,197,318,148.2194319244275
118,357,304,152.59423318068085
121,359,305,152.6892268629323
122,362,306,153.32318807016765
246,344,580,154.1557653803451
247,345,580,154.5477272560163
87,133,402,155.23208431248997
119,361,302,156.28499608087785
211,199,574,160.37767924496225
98,341,284,164.21023110634732
130,385,304,167.80047675736802
79,280,267,171.04677722775136
133,392,305,171.32717239247253
266,415,550,172.35138525698017
236,456,458,173.1588865753069
96,111,428,173.2887763243771
235,457,457,174.04022523543227
73,143,334,175.2055935180153
239,458,460,175.38529014715002
248,283,614,176.00284088616297
259,299,615,177.63445611704955
108,360,277,178.03651310896873
260,299,616,178.63090438107287
256,453,506,182.16750533506243
267,299,622,184.61040057374882
65,239,258,185.53975315279473
124,385,282,185.84133017173548
249,462,493,186.30351580150065
281,403,582,186.80738743422327
250,266,624,186.86893802876924
268,455,518,188.7882411592417
67,128,331,189.16923639957952
57,227,257,189.76301009416983
66,128,329,190.30764566879597
139,102,495,190.71706793048176
254,467,492,190.80094339389416
129,96,482,193.08029417835473
61,245,248,193.96133635340834
283,413,583,194.07730418572905
60,243,248,194.3733520830466
112,376,266,195.05896544378575
56,207,257,196.69773765857096
55,208,255,198.15398053029367
54,208,253,200.0024999843752
91,354,250,200.60907257649143
265,478,496,202.48456731316588
228,486,414,203.42074623793906
273,474,511,203.54115063052976
275,473,514,203.70812453115363
109,376,256,203.93136100168604
230,487,414,204.41379601191306
274,475,511,204.47493733951845
251,490,468,208.1730049742281
287,452,563,209.40152817016403
53,227,236,209.88806540630173
49,206,242,210.95023109728987
217,485,372,211.5585025471678
45,155,270,211.81359729724625
44,154,270,212.4241040936739
241,496,422,212.60291625469299
210,485,363,214.5367101453735
48,206,238,214.67184258770408
227,497,399,216.54098919142305
296,429,599,216.6702563805194
278,492,506,218.8332698654389
280,491,509,218.83783950679097
52,241,220,222.20036003571192
43,124,283,222.76669409945464
305,418,617,223.6000894454204
242,507,418,223.89506470666117
42,206,228,224.01785643113362
50,240,217,225.33752461585266
51,243,215,226.73773395709856
71,71,353,229.3338178289456
70,70,353,230.2628932329306
303,346,660,230.4951192541829
72,68,357,230.68810112357335
80,59,386,230.93072554339753
40,215,217,231.52105735764079
309,353,659,231.52105735764079
46,228,213,231.8641843838759
41,219,215,232.28000344411913
292,285,672,234.00213674238105
284,508,507,234.38643305447522
300,316,671,235.1871595134394
77,56,380,235.26155657055403
312,351,664,235.72229423624742
74,59,367,235.9364321167886
75,57,372,236.40008460235373
116,49,464,236.4339231159522
106,48,454,236.5417510715603
115,47,464,238.42189496772312
69,61,352,239.0083680543424
84,47,397,240.52026941611388
319,350,673,244.09219569662608
78,45,387,244.38085031360376
82,43,397,244.46267608778237
328,442,626,245.57687187518292
308,504,551,247.3236745643247
323,350,679,249.8739682319869
337,443,631,250.05999280172747
324,347,681,251.03386225766437
329,360,678,251.745903640953
282,534,474,252.57870060636546
39,87,278,253.78928267363852
336,363,680,254.568261965234
340,450,631,254.568261965234
245,539,403,257.390753524675
85,351,188,258.8223328849348
344,470,618,258.8358553214759
83,350,187,259.53227159642404
338,351,689,259.7883754135277
342,361,687,260.6338427756457
339,349,691,261.21638539724114
298,536,507,261.27571643763605
120,421,212,264.2820463065927
350,368,690,265.63132345414385
351,368,692,267.52943763257156
354,368,694,269.4290259047826
321,534,539,269.6312296452323
352,494,608,270.1851217221259
332,297,710,272.31048455760936
334,530,557,273.27092783536267
335,294,712,274.18242102658587
355,501,607,275.04545078950133
325,277,713,275.0890764825096
31,123,214,275.8568469333324
359,510,604,280.4139796800438
331,273,719,281.215220071745
113,421,192,281.5759222660915
29,121,208,281.9024654024863
107,414,187,282.66764936936096
369,470,651,282.78083386255156
345,292,721,283.1130516242584
368,492,634,285.79713084634
123,435,195,286.09439001839934
63,316,153,286.7908645685912
162,470,219,287.3273394579778
343,278,726,288.0624932197873
341,275,726,288.1405906844782
307,569,482,288.37649002649295
214,534,294,288.5064990602465
195,515,265,288.60006930006097
302,570,479,288.9238654040195
347,283,727,289.0017300986276
349,289,727,289.0432493589843
374,485,647,289.968963856479
212,534,291,290.01551682625535
372,507,624,290.38767191463205
68,322,150,290.4961273407961
126,443,194,291.23358322830836
356,302,729,291.556169545424
197,520,263,293.8043566729398
353,286,732,294.00680264238787
377,492,647,294.8643756034289
64,321,144,296.31908477180474
26,129,183,298.41246622753545
320,578,491,298.73901653449957
27,160,166,298.9314302645341
28,177,157,300.6825568602209
357,278,740,302.05959676858475
380,511,638,302.5376009688713
110,427,170,303.7647115778921
383,499,654,304.76384299978895
291,589,426,305.235974288746
127,451,182,305.6550343115585
90,405,157,305.9444394003591
35,220,138,306.7507131206055
58,320,133,307.117241456744
388,490,666,307.2783754187723
289,591,421,307.4703237712544
62,325,132,308.7345137816632
117,438,170,309.0954545120326
271,587,375,309.48020938341114
386,517,643,310.34496934862665
34,215,135,310.75713990188547
142,470,189,310.80057915003954
59,323,129,311.4514408378937
32,206,136,311.91024349963243
295,597,430,313.1022197302344
24,138,161,313.12138221462936
297,598,431,314.0780157858872
23,135,161,314.5313974788527
204,543,258,315.40608744918035
22,133,161,315.48375552474965
310,600,446,316.10124960208555
311,600,448,316.15818825391824
392,424,722,316.6322788346128
33,217,128,317.15768948584554
395,424,724,318.4273857569415
384,554,608,319.06112267087633
47,292,119,319.100297712177
30,206,127,320.6321880285883
243,585,326,321.16195291472496
393,528,650,323.2336616133908
19,131,153,323.47179166041667
18,130,152,324.8261073251348
396,382,748,325.1215157444982
103,428,145,326.47358239220523
304,611,426,327.2201094064972
105,430,145,327.3606573795941
17,100,167,327.5622078323444
16,107,162,327.8795510549568
301,613,422,329.38882798297817
15,107,160,329.56486463213884
14,110,157,330.5102116425452
253,596,325,331.8327892177022
327,616,453,332.3386826717588
261,600,332,333.304665433894
11,114,150,334.430859820083
375,602,543,334.8865479531837
8,109,150,337.0
330,621,451,337.25064862799
333,621,453,337.3336627139367
264,605,330,338.6812660895196
263,606,327,340.5950674921761
317,626,423,342.32878932394806
362,623,491,343.1180554852805
269,611,328,345.0057970527452
382,611,549,345.3259329966401
277,614,336,345.4041111509821
95,424,122,345.6240732356472
179,520,185,345.98410368107955
225,579,257,346.10114128676315
306,629,401,346.97838549396704
322,631,422,347.3686802231888
38,277,89,349.07019351414124
270,615,326,349.4352586674676
37,274,87,351.14242124813114
409,438,754,351.52809276073515
401,577,636,353.62833596871167
410,484,730,353.9265460515783
326,638,421,354.4079570212836
12,161,101,358.74503480884584
414,505,722,359.85691600968295
416,471,747,361.178626167164
9,158,99,361.65867886724357
417,506,724,362.04972034238614
5,149,102,362.10633797270106
418,505,726,363.02203789852757
13,167,94,363.35244598048325
346,648,430,364.0879014743555
361,648,454,364.3514786576281
10,164,93,365.2738698565776
420,483,746,366.69469589837263
358,651,447,367.1103376370652
360,651,449,367.16481312892716
7,157,93,367.6329691417787
213,573,209,368.73025370858846
421,470,757,369.2654871498283
203,567,200,369.7742554586514
422,461,763,370.0729657783719
4,146,94,370.64808106882197
3,143,95,370.8503741402993
402,620,596,371.29503093900945
20,188,78,372.58019271024057
36,262,66,372.6499698108132
182,535,162,373.0643376148409
387,652,508,374.5984516785941
208,573,199,375.022665981671
25,201,72,375.2932186970609
6,162,83,375.37847567488467
427,482,759,377.1538147758816
404,625,600,377.5248336202534
425,542,714,377.809475794348
428,463,771,378.06084166440723
2,146,84,379.94736477570154
430,467,771,379.97105152892897
426,568,695,383.020887158912
21,198,64,383.76034188018957
407,634,596,384.01041652538544
434,477,772,385.75251133336775
435,477,773,386.61867518266627
279,644,294,387.7318661136843
411,631,613,388.63093031821336
415,627,621,388.76471033261237
436,550,723,389.84740604498063
437,552,723,391.21477477211926
403,656,561,391.807350620174
413,641,604,393.70674365573166
389,677,479,395.1328890386119
438,480,782,395.9191836726278
412,647,597,396.2953444086872
419,638,618,397.13473784094987
187,546,139,397.54873915030845
398,679,510,401.50840588959034
1,139,62,402.9900743194552
399,681,508,403.1240503864784
0,136,62,404.0792001575929
186,547,131,404.2499226963439
184,546,130,404.36122464944634
400,680,521,404.6047453997543
231,613,199,406.6472672968552
439,587,710,407.17686574755203
257,640,240,407.3573369905101
233,616,198,409.66327636242914
299,673,309,409.8316727633432
378,700,416,416.58132459341
376,700,413,416.75052489469044
370,699,396,417.1198868430993
223,603,165,419.86902719776793
440,598,717,420.04404530953656
222,602,160,422.3837118071671
229,617,172,426.1983106489278
221,604,150,430.5159695063587
424,700,553,431.6028266821245
405,712,497,432.0474510976775
201,586,129,432.0705960835567
406,714,497,434.028800887683
224,614,156,434.07833394446214
200,583,121,435.7636974324502
397,720,433,436.02866878222585
258,653,204,436.9404993817808
226,617,155,437.01029736151526
441,649,679,437.38541356565605
442,661,669,442.1425109622462
234,628,159,442.91872843671894
288,683,243,444.101339786315
408,726,482,444.1846462902562
238,631,159,445.25273721786374
363,719,338,446.3462781294362
367,722,350,446.75272802748503
285,682,233,447.6929751514982
373,725,352,449.3072445443096
444,675,660,449.6276237065512
290,687,238,449.8988775269394
366,724,344,449.92888326934514
294,692,245,451.3457654614697
445,675,665,452.11724143191003
449,670,681,456.11950188519677
293,693,234,457.0525133942488
443,702,628,459.15574699659373
381,737,360,459.66618322430463
364,730,326,459.84780090808306
365,732,323,462.52459394068984
447,704,635,463.9062405271134
371,735,327,464.4588248704076
448,710,632,468.0940076523091
262,669,166,471.3904962979207
446,722,614,472.0381340527479
390,753,363,474.9589455942482
316,717,241,475.7078935649481
244,658,144,475.7226082498077
391,754,364,475.7898695853034
394,756,363,477.9215416781294
451,645,752,478.4527144870222
432,763,488,481.602533215929
433,763,491,481.9232304008596
385,756,330,484.198306481962
252,666,139,485.1030818290067
255,667,138,486.506937257836
450,724,658,491.9349550499537
237,642,97,494.41379430594367
314,725,210,496.45241463810004
452,705,711,501.7668781416326
272,687,132,506.00889320248115
423,790,415,506.5224575475405
276,689,132,507.60319147932864
348,749,224,511.87986871921424
429,800,415,516.5123425437189
431,803,416,519.4660720393586
313,737,165,528.9026375430548
315,738,164,530.2754001459996
379,780,245,532.2264555619158
318,741,164,532.8461316365166
286,714,112,539.6072645915731
