269,611,328,4.47213595499958
263,606,327,9.055385138137417
277,614,336,10.04987562112089
264,605,330,10.770329614269007
261,600,332,16.15549442140351
253,596,325,19.026297590440446
243,585,326,30.0
279,644,294,43.18564576337837
271,587,375,56.43580423808985
299,673,309,60.440052945046304
306,629,401,76.2954782408499
225,579,257,77.82673062643708
214,534,294,87.09190547921202
212,534,291,88.23831367382311
257,640,240,89.56003573022959
301,613,422,96.02083107326243
322,631,422,97.32420048477151
317,626,423,97.62171889492625
326,638,421,97.74456506629922
289,591,421,97.98469268207153
204,543,258,99.03534722511958
304,611,426,100.07996802557443
291,589,426,103.32473082471591
363,719,338,104.6900186264192
295,597,430,105.54619841567009
297,598,431,106.36728820459794
288,683,243,107.29864864013899
245,539,403,108.18964830333815
346,648,430,109.11003620199197
370,699,396,109.34349546269316
367,722,350,109.65856099730654
366,724,344,110.47624178980746
294,692,245,111.75866856758807
373,725,352,113.03096920755833
290,687,238,113.70136322841516
197,520,263,113.99122773266372
285,682,233,114.62111498323509
364,730,326,115.0
365,732,323,117.03845521878696
195,515,265,117.13667231059623
371,735,327,120.00416659433121
293,693,234,120.61509026651682
310,600,446,120.93386622447825
376,700,413,121.63058825805291
311,600,448,122.9186723000212
378,700,416,123.79418403139947
213,573,209,124.31009613060397
330,621,451,125.14391715141412
358,651,447,126.24183141890805
381,737,360,126.64912159190051
327,616,453,127.00393694685216
231,613,199,127.01574705523721
333,621,453,127.1416532848303
258,653,204,127.7810627597063
233,616,198,128.00390619039717
360,651,449,128.16005617976296
361,648,454,132.1854757528224
316,717,241,132.77424449041314
208,573,199,133.76471881628578
203,567,200,134.8332303254654
210,485,363,135.1628647225265
217,485,372,137.8985134075056
227,497,399,138.75518008348374
385,756,330,141.05672617780408
242,507,418,141.8731828077456
390,753,363,142.87407042567241
391,754,364,144.10065926289164
394,756,363,145.7737973711325
397,720,433,149.91330828182
241,496,422,152.8953890737062
229,617,172,154.01298646542764
230,487,414,155.3319027115808
228,486,414,156.1569723067145
302,570,479,159.48040632002414
314,725,210,159.86244086714052
223,603,165,161.4465855941215
307,569,482,162.64070831129578
389,677,479,165.08482668010407
362,623,491,165.19382555047267
222,602,160,166.50825805346713
234,628,159,167.50522379914005
238,631,159,167.7647161950331
348,749,224,168.40427548016706
282,534,474,168.71573726241425
262,669,166,168.86681142249356
320,578,491,169.09760495051373
224,614,156,170.00294115102832
179,520,185,170.01764614298128
226,617,155,171.011695506477
221,604,150,176.34341496069538
162,470,219,180.20543831971332
182,535,162,182.4719156473127
379,780,245,183.8096841844847
387,652,508,185.72291188757515
244,658,144,187.0106948813356
251,490,468,189.17980864775183
408,726,482,191.4601786273062
399,681,508,193.59752064528098
252,666,139,193.82982226685345
398,679,510,194.81273059017474
255,667,138,195.05896544378575
423,790,415,196.33135256499406
405,712,497,196.596032513375
298,536,507,197.48924021323288
406,714,497,197.59048560090133
201,586,129,199.12307751739877
187,546,139,199.32385707686876
142,470,189,199.48433522459854
313,737,165,202.00247523235947
315,738,164,203.40353979220717
185,417,374,203.73512215619573
318,741,164,205.23157651784484
235,457,457,205.24375751773792
429,800,415,205.29490982486632
400,680,521,205.54804791094466
239,458,460,206.4097865896867
186,547,131,206.51634317893584
236,456,458,206.65188119153427
272,687,132,206.92993983471797
200,583,121,207.4825293850063
276,689,132,207.63429389192913
184,546,130,207.79076014106113
431,803,416,208.43224318708465
284,508,507,210.261741645978
126,443,194,216.81328372588243
375,602,543,217.38905216224666
278,492,506,218.01146758828995
127,451,182,218.24756585125985
265,478,496,218.3323155192561
432,763,488,219.42652528807906
280,491,509,221.05429197371402
433,763,491,221.65062598603234
254,467,492,222.39604313026794
123,435,195,222.62299971027252
382,611,549,223.03587155433092
133,392,305,223.98660674245681
120,421,212,225.01555501786981
249,462,493,226.49061790723252
321,534,539,227.8815481779953
237,642,97,230.58620947489467
130,385,304,231.04977818643323
274,475,511,232.0021551624036
273,474,511,232.606964642076
124,385,282,234.17087777945403
275,473,514,235.60135823038033
113,421,192,235.77955806218657
286,714,112,235.79016094824652
117,438,170,235.93431289238112
403,656,561,238.549785160247
256,453,506,242.1652328473268
424,700,553,242.39224410034245
110,427,170,244.29490375363952
107,414,187,244.38085031360376
334,530,557,246.1422353030865
112,376,266,246.4163143949686
109,376,256,249.04015740438328
268,455,518,249.92798962901293
308,504,551,250.89041432466087
122,362,306,253.78928267363852
119,361,302,255.13133872576296
121,359,305,256.8598839834668
105,430,145,258.81653733871025
118,357,304,258.93628559937287
108,360,277,259.66516901579234
103,428,145,260.2498799231231
205,390,457,260.357446599862
90,405,157,269.5570440556136
402,620,596,270.04629232781554
407,634,596,270.667692937299
91,354,250,271.84002648616706
412,647,597,272.88275870783775
125,341,335,274.14777037211155
404,625,600,274.18242102658587
98,341,284,277.2002886001384
413,641,604,279.2131802046601
95,424,122,279.45840477609545
411,631,613,287.4456470360962
287,452,563,287.6421387766403
384,554,608,288.5220962075522
419,638,618,292.90442127083026
415,627,621,295.24396691549856
359,510,604,297.1683024819437
158,327,400,297.3550066839299
99,318,310,297.4306641891518
85,351,188,297.89259809535383
104,316,321,299.04180309782777
83,350,187,299.2423766781704
97,316,311,299.3760177435728
140,322,389,299.6965131595628
92,316,299,300.2165884823822
266,415,550,300.29319006597535
147,322,394,300.7873002638243
355,501,607,303.2441260766645
157,321,404,304.1710045352778
161,321,406,304.69000639994744
352,494,608,306.86316168611705
446,722,614,307.23443817384793
401,577,636,312.3203483604615
443,702,628,314.2817207538485
134,307,392,314.9920633920798
170,314,424,316.55173352866035
372,507,624,316.96687524093113
160,308,416,319.92030257550084
111,296,352,320.0578072786227
448,710,632,320.4075529696515
143,304,405,320.87692344573486
159,307,416,320.8800398902992
163,307,418,321.44672964583106
447,704,635,321.5618136533006
150,305,412,321.70794208412076
219,350,509,322.0465804817682
146,302,409,323.81785003300854
128,297,388,323.9876540857691
137,300,403,324.27457501321317
136,299,401,324.77838598034816
131,297,393,324.98153793715727
220,348,512,325.39975414864716
344,470,618,326.0199380406051
283,413,583,326.8837713928301
135,296,402,327.9283458318296
380,511,638,328.87687665751145
168,301,427,329.84390247509504
296,429,599,330.3407331831786
144,296,412,330.3891644712338
368,492,634,331.6519259705874
386,517,643,331.80265218952064
88,283,319,332.0737869811467
281,403,582,332.38531856867564
141,293,412,333.2866633995426
176,307,455,333.92364396670087
393,528,650,335.47727195743084
164,294,429,337.12015662075146
444,675,660,339.3464306575214
79,280,267,340.15584663503876
132,284,407,340.76678241870934
145,287,419,340.9296115036064
151,288,425,341.6577234601905
68,322,150,341.796723214252
377,492,647,343.7586362551492
445,675,665,344.26879033685293
63,316,153,345.44174617437307
64,321,144,345.77449298639715
156,285,430,346.0
442,661,669,346.07080200444534
138,281,417,346.1748113309228
328,442,626,346.30766667805665
374,485,647,346.3249918790153
340,450,631,346.77081768799405
152,283,429,347.61041411327136
383,499,654,347.90803382503253
155,283,431,348.20827101032506
62,325,132,348.9068643635433
166,284,438,349.4352586674676
450,724,658,349.4352586674676
337,443,631,350.15567966263234
167,283,439,350.7035785389137
165,282,438,351.33032889290956
305,418,617,351.411439768258
59,323,129,352.239975017033
58,320,133,352.5251764058845
153,279,433,352.62586405424094
148,277,431,353.9336095936638
441,649,679,354.63361374804845
149,276,432,355.18586683594265
369,470,651,355.8791929854849
449,670,681,359.23529893372114
216,314,524,360.2846097184835
388,490,666,362.2499137335991
209,308,522,364.2320688791694
199,297,512,368.40195439221003
247,345,580,370.69664147386067
218,307,533,371.09702235399305
246,344,580,371.42563185649965
426,568,695,371.9811823197512
207,300,524,372.06047895469897
202,298,521,372.1746901657876
61,245,248,378.1322519965733
60,243,248,380.0894631530845
215,295,534,381.65953414005
65,239,258,382.099463490856
114,239,397,382.6447438551848
47,292,119,383.6378500617477
439,587,710,385.01948002666046
51,243,215,388.20741878537046
52,241,220,388.73126964523965
50,240,217,390.5201659325674
440,598,717,391.3693907295255
194,269,509,391.41410296513334
154,245,454,391.515006098106
198,272,516,392.1084033784535
193,266,509,394.06852196033117
57,227,257,394.08755372378863
196,268,514,394.65554601449605
425,542,714,394.80754805347885
452,705,711,395.37956446938426
53,227,236,398.3013934196063
240,301,576,401.36766187624033
437,552,723,401.96766039073344
436,550,723,402.2859679382317
46,228,213,403.16001785891416
232,295,574,404.8505897241598
414,505,722,410.9939172299269
41,219,215,411.2626897738233
169,230,474,412.46696837443847
417,506,724,412.6560310961176
38,277,89,412.81109481214287
81,202,336,413.12104763616196
55,208,255,413.14646313383827
93,206,385,413.23359011580845
54,208,253,413.4948609112331
56,207,257,413.7934267240116
94,205,387,414.5129672278058
40,215,217,414.58533500354304
418,505,726,414.8493702538308
101,206,398,415.2890559598218
37,274,87,416.41565772674784
49,206,242,417.53682472328114
76,197,318,418.07654801483426
48,206,238,418.35989291517893
42,206,228,420.57698462944927
206,255,546,421.90046219457975
309,353,659,423.7133464973696
410,484,730,424.70813507631334
451,645,752,427.0550315825819
259,299,615,428.22540793371894
303,346,660,428.8554535038583
312,351,664,428.8822682275405
260,299,616,428.90092095960813
100,192,405,430.31383895942736
102,190,407,432.64997399745675
267,299,622,432.9803690700076
336,363,680,434.53423340399775
329,360,678,434.6596369574704
319,350,673,436.61653656269135
35,220,138,437.4574264999967
36,262,66,438.4164686687762
248,283,614,439.5088167488793
392,424,722,439.6555469910507
350,368,690,439.8920322079044
420,483,746,440.2544718682594
323,350,679,441.40004531037374
342,361,687,441.4034435751493
395,424,724,441.45781225390044
351,368,692,441.54841184178207
89,177,392,442.944691807002
354,368,694,443.2076262881766
34,215,135,443.2617736733002
33,217,128,444.53121375219536
324,347,681,444.8022032319534
416,471,747,444.94606414710535
338,351,689,448.8485267882696
174,204,508,449.4941601400401
177,204,511,450.71720623912285
32,206,136,450.9778265059159
339,349,691,451.64255778214704
173,201,509,452.642242836437
427,482,759,452.9657823721346
421,470,757,454.7372867931549
30,206,127,454.84282999735194
86,161,365,455.6720311803216
300,316,671,456.5369645494218
250,266,624,458.9172038614373
192,204,536,461.5419807558138
183,197,524,462.52351291583005
409,438,754,463.1554814530429
422,461,763,463.3411270327727
45,155,270,463.3961588101481
44,154,270,464.3888456886104
434,477,772,466.8618639383603
190,198,537,467.3435567117621
435,477,773,467.81727201974917
430,467,771,468.96588362054655
28,177,157,469.4731089210542
428,463,771,470.2435539164785
175,185,518,470.9182519291432
178,185,519,471.3268504976138
73,143,334,472.06779174182174
181,183,524,475.2136361679871
438,480,782,475.5638758358334
191,190,540,475.83715701907937
292,285,672,478.13805537731463
189,184,538,480.3176032585106
171,168,502,480.4008742706449
396,382,748,482.0508271956392
27,160,166,482.3121395942673
172,166,504,482.99585919550077
188,180,536,483.03726564313854
211,199,574,484.3139477652899
25,201,72,485.70773104820967
66,128,329,487.0092401587469
67,128,331,487.0256666747657
87,133,402,487.95491595023407
180,167,528,491.4346345140928
21,198,64,492.476395373423
43,124,283,492.87929556839777
20,188,78,493.79449166632065
332,297,710,498.57797785301346
335,294,712,502.032867449931
13,167,94,504.507680813682
31,123,214,504.58695979979507
24,138,161,504.7316118493075
26,129,183,506.6014212376432
12,161,101,506.69616142220775
23,135,161,507.56772947065895
10,164,93,507.6317562958409
29,121,208,507.8976274801842
22,133,161,509.4595175281349
345,292,721,510.24895884264185
9,158,99,510.2724762320617
356,302,729,510.2724762320617
325,277,713,513.821953598715
7,157,93,513.8608761133698
19,131,153,513.989299499513
6,162,83,514.0603077460854
96,111,428,514.2178526655798
18,130,152,515.2678914894659
349,289,727,516.7949303156911
5,149,102,517.0415844011002
347,283,727,520.6006146750117
331,273,719,520.9731279058451
353,286,732,522.5676989634932
343,278,726,523.0382395198271
4,146,94,523.2446846361652
341,275,726,524.9761899362675
3,143,95,525.4950047336321
2,146,84,527.7546778570513
39,87,278,530.1773288249885
11,114,150,531.0150656996466
14,110,157,532.5279335396407
16,107,162,533.8164478545036
357,278,740,533.8211310916795
15,107,160,534.4342803376295
8,109,150,535.7350091229805
17,100,167,538.9860851636154
139,102,495,540.1203569575952
129,96,482,541.938188357307
1,139,62,544.3087359210763
71,71,353,544.6696246349708
70,70,353,545.668397472311
0,136,62,546.9341825119362
72,68,357,547.8777235843779
69,61,352,554.6097727231282
74,59,367,557.5096411722402
80,59,386,559.2280393542512
75,57,372,559.8928468912601
77,56,380,561.6021723604708
84,47,397,572.420300129197
78,45,387,573.2547426755403
82,43,397,576.3896251668657
106,48,454,581.268440567695
116,49,464,582.5804665451803
115,47,464,584.5237377557904
