301,613,422,4.47213595499958
297,598,431,13.92838827718412
295,597,430,14.560219778561036
317,626,423,15.297058540778355
322,631,422,20.396078054371138
289,591,421,20.615528128088304
291,589,426,22.0
310,600,446,22.825424421026653
311,600,448,24.596747752497688
330,621,451,26.92582403567252
326,638,421,27.459060435491963
327,616,453,27.459060435491963
333,621,453,28.792360097775937
306,629,401,30.805843601498726
346,648,430,37.21558813185679
358,651,447,45.17742799230607
360,651,449,46.14108798023731
361,648,454,46.400431032480725
271,587,375,56.36488268416781
362,623,491,66.09841147864296
302,570,479,67.00746227100382
307,569,482,70.0
320,578,491,72.89718787443039
245,539,403,75.58438992278762
389,677,479,84.64632301523794
378,700,416,89.56003573022959
376,700,413,89.94442728707543
277,614,336,90.0499861188218
282,534,474,90.7358804442873
387,652,508,91.67878707749138
370,699,396,92.97311439335567
261,600,332,94.64142856064674
264,605,330,96.18731725128839
269,611,328,98.0
263,606,327,99.12618221237011
270,615,326,100.07996802557443
253,596,325,102.1077861869505
243,585,326,103.32473082471591
242,507,418,104.30723848324239
399,681,508,107.81465577554843
398,679,510,108.07404868885037
397,720,433,109.22453936730518
298,536,507,110.39021695784459
241,496,422,115.06954418958998
227,497,399,117.15374513859982
375,602,543,117.34564329364768
400,680,521,117.41379816699569
382,611,549,123.0
405,712,497,123.45849504995596
230,487,414,124.57929201917949
406,714,497,125.09996003196804
228,486,414,125.57467897629681
408,726,482,127.91012469699183
251,490,468,128.08200498118384
284,508,507,131.03434664239754
299,673,309,132.41223508422476
367,722,350,134.52509059651288
373,725,352,135.91173606425605
279,644,294,136.0624856453828
321,534,539,136.74063039199433
217,485,372,137.08391590555036
363,719,338,139.31259813814398
366,724,344,139.61733416735902
210,485,363,140.87228258248675
381,737,360,142.23923509355637
403,656,561,142.30249470757707
278,492,506,143.39107364128355
280,491,509,145.90750494748377
265,478,496,150.29637387508723
214,534,294,152.81688388394784
334,530,557,154.0194792875239
424,700,553,155.08062419270823
390,753,363,155.3479964466874
212,534,291,155.4155719353759
364,730,326,155.43809056984713
391,754,364,155.8621185535472
239,458,460,156.7322557739791
235,457,457,157.08914666519772
394,756,363,158.09490820390135
236,456,458,158.26875876179733
254,467,492,158.40454538932903
371,735,327,158.67261893597143
365,732,323,158.90248582070703
274,475,511,160.37767924496225
273,474,511,161.22654868228122
249,462,493,163.37074401495514
275,473,514,163.67040050051813
432,763,488,164.1584600317632
308,504,551,164.54178800535746
433,763,491,165.3148511174964
402,620,596,170.23806859806652
407,634,596,171.5488268686207
225,579,257,172.00290695217916
385,756,330,173.89939620366712
404,625,600,174.56230979223437
412,647,597,174.7483905505284
256,453,506,177.09884245810304
423,790,415,179.3376703316958
413,641,604,180.5103875127412
268,455,518,181.10770276274835
204,543,258,181.24017214734707
197,520,263,186.6815470259447
195,515,265,187.44865963777923
411,631,613,188.06647760831805
257,640,240,188.2471779336944
429,800,415,189.31983519959022
384,554,608,190.71706793048176
431,803,416,192.26024029944412
419,638,618,193.8891435846783
415,627,621,195.65530915362353
288,683,243,196.65451939886864
294,692,245,198.29775591266787
185,417,374,200.84820138602188
290,687,238,202.78066969018522
359,510,604,204.65825172711703
285,682,233,205.64532574313475
293,693,234,208.7773934122179
287,452,563,209.88091861815357
355,501,607,211.80415482232638
401,577,636,212.73457640919588
316,717,241,213.21585306913744
352,494,608,216.3631207022121
446,722,614,218.3231549790356
213,573,209,220.30206535572924
443,702,628,221.55134844996994
205,390,457,223.16361710637332
372,507,624,223.6515146382872
258,653,204,225.93804460515275
231,613,199,227.00881040171106
233,616,198,228.0548179714693
448,710,632,228.55415113272392
447,704,635,228.7575135378071
208,573,199,230.15864094141676
203,567,200,230.24334952393303
266,415,550,231.93102422918759
380,511,638,234.4013651837378
386,517,643,236.48467180770933
344,470,618,238.2120903732638
393,528,650,238.88281646028875
368,492,634,239.63513932643517
444,675,660,242.59431155738173
314,725,210,244.23758924457144
348,749,224,244.63850882475555
445,675,665,247.42069436488129
379,780,245,247.6327926588076
442,661,669,248.09070921741508
133,392,305,250.2039168358481
162,470,219,250.4595775769016
377,492,647,251.0019920239678
296,429,599,251.10356429170812
283,413,583,252.69151153135317
383,499,654,254.02362094891885
229,617,172,254.07085625864295
374,485,647,254.3953615929347
441,649,679,255.8378392654222
130,385,304,256.82678987987214
179,520,185,257.6082296822056
450,724,658,258.0561954303752
281,403,582,260.0
340,450,631,260.66453537065604
223,603,165,261.1225765804252
449,670,681,261.7365087258558
328,442,626,261.8415551435639
337,443,631,265.04527915056326
369,470,651,265.52965936030574
222,602,160,266.1522120892479
262,669,166,266.39069052802876
234,628,159,267.54065111679756
238,631,159,267.7480158656643
124,385,282,267.9776110050987
388,490,666,268.7768591229535
224,614,156,270.0166661522951
226,617,155,271.0664125265246
305,418,617,271.53268679847736
426,568,695,272.41512439657237
219,350,509,273.87953556262653
182,535,162,274.7216773390844
142,470,189,275.77164466275354
221,604,150,276.08875384557047
122,362,306,276.40730815229904
220,348,512,276.70381276737044
119,361,302,279.0627169652012
121,359,305,279.54427198567316
118,357,304,281.7800560721074
112,376,266,284.29737951659
125,341,335,284.9227965607526
439,587,710,285.01228043717697
158,327,400,285.18765751694093
244,658,144,285.8898389240163
120,421,212,286.174771774173
126,443,194,286.4402206394905
313,737,165,289.82235938588315
109,376,256,290.0431002454635
123,435,195,290.4083332137699
161,321,406,290.68883707497264
147,322,394,290.766229125736
157,321,404,290.83328557783756
315,738,164,291.15803269015265
440,598,717,291.29023327259017
140,322,389,291.35888522576414
127,451,182,291.78073959739015
108,360,277,291.8938163099726
252,666,139,292.22251795506793
318,741,164,292.4790590794493
255,667,138,293.393933134276
187,546,139,294.26858479966904
425,542,714,296.150299679065
170,314,424,297.00673393039426
201,586,129,298.0503313200641
452,705,711,300.1016494456503
113,421,192,301.4232904073605
186,547,131,301.86255150316344
437,552,723,302.80356668969404
184,546,130,303.0528006800135
160,308,416,303.1649715913763
436,550,723,303.19960422137757
272,687,132,303.66428831853113
163,307,418,304.1052449399714
159,307,416,304.16442921551493
276,689,132,304.1710045352778
98,341,284,305.0639277266324
176,307,455,305.38009103410786
134,307,392,305.8954069612684
200,583,121,306.28254929068356
150,305,412,306.32009401931174
247,345,580,307.36297760140206
143,304,405,307.7174028227848
246,344,580,308.22881111278355
117,438,170,308.97410894765926
146,302,409,309.46728421595714
107,414,187,309.7256850827842
168,301,427,310.0016128990299
91,354,250,311.4883625434504
137,300,403,311.8493225902535
216,314,524,312.75069943966554
136,299,401,313.0
104,316,321,313.12936623702353
414,505,722,314.40737904826597
99,318,310,315.12695854210887
110,427,170,315.2649679238085
144,296,412,315.3109576275458
131,297,393,315.729314445143
135,296,402,315.91296269700615
417,506,724,315.9572755927611
128,297,388,316.29100524675056
97,316,311,316.62280397975127
164,294,429,317.0141952657641
209,308,522,317.8443015062564
418,505,726,318.1760518958019
141,293,412,318.30802691732424
92,316,299,321.17596423144744
218,307,533,322.28093334853054
151,288,425,323.00154798390673
111,296,352,323.5753389861471
145,287,419,324.07560846197606
199,297,512,325.5641257878392
156,285,430,326.02453895374197
207,300,524,326.0751447136074
202,298,521,327.099373279742
166,284,438,327.2201094064972
132,284,407,327.55152266475574
451,645,752,327.76821078316914
152,283,429,328.01371922527875
155,283,431,328.03810754240124
167,283,439,328.25752085824325
165,282,438,329.21877224727024
410,484,730,329.46168214224855
138,281,417,330.12270446002344
237,642,97,330.45725896097366
286,714,112,330.4617980947268
153,279,433,332.0737869811467
215,295,534,333.94610343586885
148,277,431,334.0374230531663
105,430,145,334.24841061701403
149,276,432,335.0537270349339
103,428,145,335.3356527421443
90,405,157,338.8170597830044
240,301,576,344.3835071544513
420,483,746,344.65054765660824
88,283,319,345.01159400808547
309,353,659,347.6391807607422
232,295,574,348.9412558010302
392,424,722,350.12140751459344
416,471,747,350.2013706426632
198,272,516,350.7434960195271
395,424,724,351.81387124444086
194,269,509,351.92754936208104
85,351,188,352.4826236851967
312,351,664,352.4826236851967
303,346,660,353.52651951444886
83,350,187,353.8954647915116
196,268,514,354.1087403609236
193,266,509,354.8436275319031
336,363,680,354.9929576766277
329,360,678,355.6754138255834
95,424,122,356.91035288990986
427,482,759,357.1134273588715
350,368,690,358.81053496239485
319,350,673,359.3466293149276
421,470,757,359.78048863160996
351,368,692,360.2846097184835
342,361,687,361.41527361194903
354,368,694,361.763735053695
323,350,679,363.4969050762331
259,299,615,364.7807560713695
260,299,616,365.2998768135571
324,347,681,367.04359414107745
154,245,454,367.06947571270484
79,280,267,367.2083877037669
267,299,622,368.4562389212591
422,461,763,368.8753176887822
338,351,689,369.8229306032821
409,438,754,370.8274531369003
434,477,772,371.04177662360337
435,477,773,371.9744614889576
339,349,691,372.651311550087
114,239,397,373.1286641361127
430,467,771,373.84622507121827
428,463,771,375.40511450964544
206,255,546,375.68071550187403
248,283,614,378.0581965782517
438,480,782,379.3375805268969
300,316,671,383.4709897762802
169,230,474,384.0117185711915
396,382,748,395.12656200260693
250,266,624,397.780089999487
68,322,150,399.6210705155573
63,316,153,401.9378061342327
64,321,144,404.50463532572775
101,206,398,405.96674740673035
61,245,248,406.9889433387595
93,206,385,407.0700185471782
94,205,387,407.86885147066573
65,239,258,408.17643244067875
292,285,672,408.40176297366787
60,243,248,408.78845384868686
62,325,132,410.16094402075873
58,320,133,412.9527818044092
59,323,129,413.7064176442033
174,204,508,415.1782749614917
177,204,511,415.7811924558397
173,201,509,418.3168655457248
81,202,336,418.78514777866707
100,192,405,419.52592291776205
57,227,257,419.5437998588467
102,190,407,421.4285230024185
192,204,536,421.6028937282096
332,297,710,423.38162454220895
52,241,220,423.4808142053191
51,243,215,424.19924563817887
183,197,524,425.4409477236529
50,240,217,425.8192104637836
335,294,712,426.94847464301824
190,198,537,427.6564041377143
76,197,318,427.85511566416966
53,227,236,428.4343590329795
356,302,729,432.7701468447194
345,292,721,434.4951092935339
89,177,392,435.32976006700943
175,185,518,435.82106419951754
178,185,519,436.033255612459
191,190,540,436.16166727487644
211,199,574,437.7761985307104
55,208,255,437.77848279695064
56,207,257,437.9235093027092
46,228,213,438.24422414904683
54,208,253,438.5635643780728
181,183,524,439.07630316381227
325,277,713,440.3691633164157
349,289,727,440.7777217600726
189,184,538,441.4442207119717
47,292,119,442.7301661283089
188,180,536,444.8156921692399
49,206,242,444.8381728224321
41,219,215,445.1797389819083
347,283,727,445.1797389819083
353,286,732,446.38660374164454
48,206,238,446.5075587266133
331,273,719,447.3175605763762
40,215,217,447.76891361504767
343,278,726,448.20642565675024
171,168,502,449.47191235938203
341,275,726,450.43978509896306
42,206,228,450.809272309255
172,166,504,451.7842405396629
86,161,365,454.1156240430404
180,167,528,455.5655825454772
357,278,740,457.6953135001494
38,277,89,474.4733922992943
73,143,334,476.95702112454535
37,274,87,478.00627610942513
87,133,402,478.60213121130164
45,155,270,481.9460550725569
44,154,270,482.8923275431077
35,220,138,485.61816275753114
34,215,135,491.4234426642669
67,128,331,492.25399947588033
66,128,329,492.6438876105132
33,217,128,494.00404856640597
32,206,136,498.1214711292819
96,111,428,500.00399998400013
36,262,66,501.3990426795807
30,206,127,503.41434226688455
43,124,283,507.56083379236424
28,177,157,510.6045436538927
139,102,495,513.6555265934554
129,96,482,518.0357130546117
27,160,166,520.5775638653668
31,123,214,532.0601469758847
29,121,208,536.3058828690955
26,129,183,539.7897738935038
25,201,72,541.6788716573686
24,138,161,542.175248420656
39,87,278,544.4997704315402
23,135,161,544.7944566531492
71,71,353,544.9119194879114
70,70,353,545.9029217727269
22,133,161,546.5427705129764
72,68,357,547.3664220611272
20,188,78,547.7526814174441
21,198,64,549.1930443842128
19,131,153,552.20376673833
80,59,386,553.4473778056953
18,130,152,553.5675207235338
13,167,94,554.4005772002768
69,61,352,554.9558541001257
12,161,101,555.0900827793629
74,59,367,555.1441254305048
75,57,372,556.6255473835171
77,56,380,556.9030436260875
10,164,93,557.4029063433379
9,158,99,558.6931179100026
7,157,93,563.0319706730693
116,49,464,563.2832324861091
106,48,454,563.6958399704579
5,149,102,564.2871609384711
84,47,397,564.7450752330648
6,162,83,565.022123460666
115,47,464,565.2786923279525
78,45,387,567.3420485033698
11,114,150,568.4936235350402
14,110,157,568.6492767954603
82,43,397,568.7398350739994
16,107,162,568.9569403742255
15,107,160,569.8877082373334
4,146,94,571.3571562516742
8,109,150,572.8699677937394
17,100,167,572.8891690370834
3,143,95,573.2233421625466
2,146,84,577.2252593225629
1,139,62,596.0536888569686
0,136,62,598.4321181220139
