20,199,67,8.06225774829855
19,190,79,10.770329614269007
12,167,94,38.07886552931954
5,162,84,39.05124837953327
9,164,93,40.24922359499622
6,157,93,46.61544808322666
11,161,101,46.87216658103186
8,158,99,48.373546489791295
29,206,127,52.3450093132096
32,217,128,55.65968020030299
3,146,94,57.245087125446844
4,149,102,57.706152185014034
2,143,96,60.74537019394976
35,260,65,60.8276253029822
30,206,136,61.29437168288782
33,215,135,61.84658438426491
1,138,62,63.34824385884742
0,136,63,65.11528238439882
34,220,138,66.09841147864296
27,177,159,87.09190547921202
26,160,166,99.40321926376429
43,293,118,102.45974819410792
18,131,153,104.1393297462587
17,129,152,104.7377677822093
24,138,162,106.83164325236227
21,135,161,107.80074211247342
22,134,162,109.20164833920778
10,114,150,114.10959644131601
7,109,150,117.92370414806346
13,110,157,121.75385004179539
16,109,162,125.89678312014172
14,106,162,128.08200498118384
25,129,184,130.08458786497346
56,321,135,135.05924625881784
57,323,131,135.14806694880988
15,100,167,135.88230201170424
61,321,144,139.29106216839614
60,316,153,139.7855500400524
64,328,133,140.52757736472938
37,215,215,140.80127840328723
38,219,215,141.2834031300209
42,227,214,141.59802258506295
65,322,150,143.20963654726592
67,331,135,144.08677940741129
46,243,216,147.41099009232656
45,240,217,147.52626884728022
47,241,221,151.64761785138597
39,207,230,155.15798400340216
28,121,209,155.5538491969903
31,122,216,161.13658802394943
48,227,237,164.23458831805192
44,206,242,167.10774967068403
58,244,248,178.5077029150283
59,245,248,178.7568180517879
49,209,254,179.22611416866684
50,208,257,182.17573932881405
51,207,258,183.13383084509536
54,228,258,185.129684275645
62,239,258,187.1095935541521
81,350,187,187.20042734993956
82,350,188,187.8004259846074
41,155,270,200.124960961895
40,154,270,200.35218990567586
79,280,269,209.84756372185979
91,405,157,220.79175709251467
97,425,127,230.93072554339753
92,354,251,233.8632078801623
36,87,280,234.081182498722
103,428,147,239.0983061420553
106,430,147,241.00622398602076
107,414,187,241.5367466867102
74,198,317,242.00826432169626
111,426,172,245.93698379869588
113,422,191,250.4795400826183
109,376,256,252.46187831036985
95,319,300,254.53094114468678
118,438,170,256.25963396524236
105,358,277,256.45272468819667
89,283,320,258.6774052753738
112,376,266,259.724854413281
104,344,292,260.43233286210835
119,421,214,261.0785322465254
80,203,337,262.01717500957835
98,317,311,263.41032629720496
99,316,313,264.76404589747455
122,435,197,264.78104161740885
63,128,330,264.9698096010185
72,143,334,265.1980392084376
125,443,196,271.4590208484515
102,315,321,271.55294143131647
126,451,184,273.64575640780544
117,357,303,276.82666056577716
123,385,282,277.62204523416364
121,363,303,280.2730811191114
120,360,306,281.0
110,296,349,290.33084576048753
52,71,336,291.1391419922783
86,161,365,292.6106628269038
139,470,190,293.47061181658376
53,70,339,294.27198303610214
55,72,341,295.1948509036023
129,384,307,296.10808837314795
124,340,336,296.17731175766994
155,470,218,305.5306858565928
69,71,353,306.4718584144391
68,70,353,306.8941185490527
66,62,352,309.4721312170128
93,206,385,310.0580590792634
71,71,357,310.10482098800077
70,68,357,311.3647378878989
94,202,388,313.0063897111367
90,177,392,317.83328963467625
100,207,399,324.07560846197606
114,239,397,324.35320254315354
73,59,368,325.16149833582693
127,297,388,327.6858251435359
75,57,372,329.6331294029773
130,295,394,332.8453094156503
101,191,408,333.12159941979144
132,309,390,333.325666578498
88,133,402,333.79334924470857
133,307,392,334.57136757349696
76,56,382,339.09438214160963
174,521,187,339.9779404608481
134,297,402,341.0835674728409
78,59,386,341.4703501037828
145,322,394,341.5333073069155
135,296,403,341.76014981270123
131,284,407,342.4616766880639
136,300,403,342.90523472236464
143,305,406,347.25494956875707
177,536,164,347.58739908115194
77,46,388,348.8337713008877
144,302,409,349.22771940382967
140,294,412,349.86425939212484
156,327,401,349.86425939212484
179,546,130,350.34411654828745
141,296,412,350.4069063246328
181,545,140,351.0697936308392
180,547,131,351.4896869041822
137,281,418,352.4343910573995
148,305,412,352.9787529016442
84,53,397,353.96751263357487
159,321,408,354.3021309560528
142,287,419,354.8309456628607
154,307,416,357.39334073258834
85,47,398,357.4045327076868
157,308,416,357.6940033045005
83,44,398,358.69903819218695
158,307,418,359.30210130195456
152,289,427,363.07712679264165
149,283,429,363.6000550054964
87,41,402,363.60693062701654
146,275,431,363.8145131794497
96,111,428,364.04670030093666
147,276,432,365.0
151,283,431,365.54753452868476
150,279,433,366.61287484211465
161,294,430,367.2342576612373
178,417,372,367.8287645087045
185,515,265,367.8654645383282
164,301,429,368.12633700945656
187,520,263,371.1387880564358
160,282,438,372.1464765384727
162,284,438,372.5922704512266
163,283,439,373.34300582708124
153,245,455,382.65519727294964
189,585,123,387.98066962156764
190,585,131,389.0514104845271
192,543,260,389.7101487002873
196,571,200,391.4920177985753
198,574,200,394.33615101839194
171,307,455,394.77715232774045
201,573,210,396.6787113017284
202,535,292,399.1415788915006
165,230,475,401.1234224026316
203,535,296,401.33028791757044
199,486,364,406.5919330237628
108,47,455,409.64496823468977
206,486,372,412.3166259078089
116,50,465,417.85164831552356
208,486,380,418.1160126089409
115,47,465,418.93794289846795
128,96,482,420.0773738253466
212,579,257,420.43429926684144
213,617,171,427.907700328003
194,392,458,428.43085789891467
166,168,503,429.19459456055597
167,166,504,430.34521026729226
138,105,496,431.5854492449902
211,459,421,432.20018509945135
215,614,201,432.7493500861671
168,201,508,433.0011547328713
169,205,508,433.0288673980062
219,618,198,435.7212411622826
184,269,509,439.45079360492684
170,185,518,443.25387759161225
220,643,99,443.64963653766245
186,268,514,444.2352980122133
172,185,519,444.25330612163145
176,197,521,446.0100895719737
214,487,417,446.4672440392464
188,297,512,447.63601284972594
175,183,524,449.32171102674306
173,167,528,454.200396301016
191,298,521,456.6399018920707
209,350,509,459.190592238125
197,308,522,459.8619358024754
195,300,524,460.00108695523755
223,585,327,460.14019602725426
217,457,457,460.4052562688658
218,456,458,460.6788469204984
210,348,512,461.3816207869577
182,180,536,461.4336355316981
183,190,538,463.1079787695306
224,658,144,463.1684358848301
205,315,524,463.49325777189034
222,458,461,464.2843956025229
236,597,324,468.62565017292854
204,296,535,469.9106298010293
241,640,240,469.9202059924642
207,307,533,470.33286085494814
226,539,404,472.4002540219469
238,668,142,472.7716150531882
239,668,143,472.9143685700404
193,255,546,474.20037958652034
245,600,332,475.4461063043844
248,606,327,477.84934864452833
247,669,168,478.13178099766594
225,509,441,478.99582461645736
252,606,331,479.97083244713946
231,512,441,480.9365862564419
235,524,431,481.36472658473843
254,611,328,482.6282213049709
233,515,441,482.8881858153086
255,615,327,485.51930960570456
243,521,443,488.3287826864192
246,527,439,489.3107397145499
262,614,337,489.9387716847892
237,493,468,490.2019991799299
257,588,375,490.45285196438607
258,687,134,490.5609034564414
261,689,134,492.54644451056595
230,462,493,493.323423323888
264,645,292,495.0898908279182
234,467,492,495.1545213365218
200,203,574,499.00901795458566
240,455,507,501.64628973012447
250,478,496,504.5047076093542
216,295,574,507.96259704824723
221,301,576,511.0792502146805
251,455,518,511.149684534775
271,683,243,511.38341779920864
256,474,511,514.9485411184306
274,688,240,515.139786854015
269,714,114,515.4774485852897
259,475,511,515.4813284688399
260,473,514,516.9622810225133
276,695,234,519.9096075280779
249,414,550,520.9808057884667
263,492,507,521.428806262178
272,591,421,522.1082263286032
266,491,510,523.3602965453149
273,589,426,523.9484707487942
227,344,580,525.1295078359242
228,344,581,526.0912468384169
281,673,309,527.7167801008416
268,509,507,531.1355759125913
278,597,432,533.9082318151687
279,598,431,533.9850185164374
284,628,400,537.4095272694744
283,611,423,538.5396921304873
295,723,211,540.3933752369657
286,611,426,540.4831172201403
297,737,165,544.4896693234869
298,738,164,545.3118373921476
290,599,447,545.5135195391587
265,403,582,546.1300211488103
292,599,449,546.8793285542981
280,536,507,547.2842040475863
232,283,616,547.3298822465297
299,741,166,548.6000364564334
242,299,615,549.0
270,452,563,549.224908393638
289,571,480,549.2412948786717
288,569,482,549.3723691632116
244,299,616,549.9836361202031
267,412,583,550.461624457146
229,265,622,550.8484365049973
303,632,423,554.7323679036585
253,299,623,556.8707210834486
308,638,422,558.7960271870229
300,578,491,562.0854027636725
307,616,453,562.0854027636725
310,621,451,564.4616904626921
291,505,552,566.1748846425457
315,622,454,567.2080746956975
301,534,539,571.7097165520278
277,429,599,571.8540023467528
323,649,431,573.0069807602696
337,720,338,582.7254928351771
314,530,557,584.1438179078847
287,418,617,584.1985963694195
333,651,449,585.8984553657741
338,730,326,586.4307290720703
335,648,455,587.4555302318636
339,733,324,588.2941441149997
342,735,327,591.3788971547767
336,624,490,593.2967217168825
345,727,350,594.4358670201522
344,700,398,595.2554073672914
346,731,346,596.1560198471537
349,731,353,599.3705031113893
285,346,660,602.9436126206165
275,285,672,603.0207293286028
351,701,414,604.9148700437112
353,781,246,605.6418083322848
293,353,661,605.6442850386685
321,470,618,606.4231196120412
352,701,417,606.601186942459
282,316,671,607.1836624943065
294,347,665,608.0370054527931
326,494,608,608.7076473973364
355,738,361,609.2946741930377
296,350,666,609.7384685256459
330,502,606,610.872327086438
334,511,604,613.6464780311218
360,758,331,613.9218191268332
348,602,543,616.950565280558
302,350,675,618.4658438426491
306,350,680,623.3177359902412
304,347,681,623.574374072572
365,754,364,624.849581899516
312,361,679,625.0895935783926
363,677,479,625.0959926283323
366,755,364,625.7363662118416
361,652,508,625.9337025596241
369,756,363,626.1629180971994
309,345,685,626.9968101992226
316,364,681,627.7993309967763
343,507,624,629.0071541723512
358,612,551,629.5395142483115
341,490,634,629.7467745054356
371,720,433,631.3192536268793
317,351,689,632.2950260756445
320,361,687,632.8230400356802
318,349,691,633.7641517157625
340,468,650,634.3886821184627
347,485,647,639.0688538803937
357,554,608,639.8476381139498
328,368,694,641.3930152410455
350,492,647,642.221145712285
329,368,695,642.3581555487561
313,297,710,642.3659393211941
305,277,713,642.6297534350554
354,511,638,643.187375497996
372,681,508,647.1862174057788
311,274,719,648.2376107570433
373,680,512,649.129416988631
356,499,654,651.6456092079497
359,516,645,651.7330741952567
319,275,726,655.3060353758387
322,280,726,655.8970955874099
374,680,523,656.5851049178622
324,285,727,657.5173001526272
325,289,727,658.0463509510557
362,490,666,658.3167930411619
327,286,731,661.6131800380037
367,528,650,661.9735644268584
331,303,729,662.0611754211237
379,726,482,665.0751837198559
377,656,561,666.4322921347674
332,278,740,669.5588099636955
376,622,596,670.4662556758543
375,580,634,675.9297300755456
378,634,596,678.083328212691
364,424,721,683.7338663544464
368,424,723,685.6238035541065
382,647,597,687.2357674044622
383,641,604,688.7103890605978
381,631,613,689.3511441928562
391,700,553,691.7253790341945
387,639,611,692.832591612144
384,627,621,693.1413997158155
370,382,748,697.1750138953632
388,638,618,697.6338581232995
398,765,489,700.4434309778342
397,763,492,700.6125890961423
380,485,731,715.2349264402571
385,505,725,718.0006963784924
393,568,695,720.988210721923
392,541,713,723.4120540881248
386,472,748,725.8877323663763
389,484,747,729.5478051505604
390,470,758,734.4310723274173
401,557,719,736.3321261496064
402,559,719,737.3038722263705
394,482,760,740.7759445338381
404,587,710,743.6356634804439
395,465,771,744.7422372875061
396,467,771,745.4562361399896
407,702,628,746.8687970453713
410,722,614,750.336591137604
399,477,773,750.9547256659353
400,477,774,751.8842996099866
406,661,669,751.9022542857549
411,704,635,753.4029466361278
408,675,660,753.5582260184013
412,710,632,755.2145390549629
409,675,665,757.446367738337
405,599,719,757.5862987145425
403,480,782,760.426853813041
414,724,658,783.8781793110458
413,688,693,787.4439662604572
415,705,711,812.1089828342007
