18,130,152,1.4142135623730951
22,133,161,8.246211251235321
23,135,161,8.94427190999916
24,138,161,10.63014581273465
11,114,150,17.26267650163207
14,110,157,21.37755832643195
8,109,150,22.20360331117452
15,107,160,25.0
16,107,162,25.632011235952593
26,129,183,30.066592756745816
27,160,166,31.78049716414141
17,100,167,34.0147027033899
28,177,157,46.17358552246078
5,149,102,54.08326913195984
29,121,208,55.90169943749474
3,143,95,59.22837157984339
12,161,101,60.03332407921454
9,158,99,60.37383539249432
4,146,94,60.876925020897694
31,123,214,61.5223536610881
7,157,93,65.39113089708727
10,164,93,68.47627326307996
13,167,94,69.1158447825099
2,146,84,70.61161377563892
6,162,83,76.55716818169282
32,206,136,76.90253571892151
30,206,127,79.37883848986453
34,215,135,85.90692637965812
33,217,128,89.56003573022959
35,220,138,90.2551937563706
0,136,62,91.13725912051558
1,139,62,91.35097153287424
20,188,78,94.2019108086455
40,215,217,105.60303025955268
42,206,228,106.06601717798213
25,201,72,107.05606008068857
41,219,215,107.64757312638311
21,198,64,111.40017953306898
48,206,238,113.35784048754634
46,228,213,114.0570032922135
49,206,242,116.3872845288522
44,154,270,119.23925528113634
45,155,270,119.4361754243663
54,208,253,126.21014222319853
50,240,217,126.40015822774906
53,227,236,126.90547663517127
55,208,255,127.80062597655773
51,243,215,128.01562404644207
52,241,220,128.79829191413992
56,207,257,128.80993750483694
43,124,283,130.18832512940628
39,87,278,132.51792331605563
57,227,257,141.53444810363305
60,243,248,146.8638825579659
61,245,248,148.39474384222643
65,239,258,150.6286825275983
36,262,66,157.25775020646836
37,274,87,157.4960316960399
38,277,89,159.4114174079134
47,292,119,164.55090397806995
66,128,329,176.02556632489498
76,197,318,177.71043863543863
67,128,331,178.02527910383964
73,143,334,181.39735389470266
63,316,153,185.0
79,280,267,187.608635195718
58,320,133,190.05525512334563
64,321,144,190.21303845951255
68,322,150,191.02355875650522
59,323,129,193.49418595916518
62,325,132,195.13328778042973
81,202,336,196.29060089571277
71,71,353,208.806130178211
70,70,353,209.0956718825141
69,61,352,210.95260131128984
72,68,357,213.50644018389704
86,161,365,214.11212016137713
83,350,187,221.6235547048192
85,351,188,222.76669409945464
88,283,319,225.07776433935007
74,59,367,225.78751072634643
75,57,372,231.16444363266598
92,316,299,235.6713813766958
77,56,380,239.06902768865731
91,354,250,243.1830586204557
97,316,311,243.28789530101986
89,177,392,243.38652386687312
93,206,385,243.82165613415063
80,59,386,243.87086746883074
99,318,310,244.1679749680535
94,205,387,245.42208539575245
98,341,284,247.50959577357804
87,133,402,249.00803199896987
78,45,387,249.30302846134862
104,316,321,249.897979183506
101,206,398,256.2225595063791
84,47,397,258.054257860629
111,296,352,258.5072532831526
100,192,405,259.2778432492835
82,43,397,259.3838853899756
108,360,277,260.4169733331528
102,190,407,260.7623439072444
109,376,256,265.7705777545739
114,239,397,266.8332812825267
112,376,266,269.80363229578654
118,357,304,271.8032376554775
121,359,305,274.0218969352632
90,405,157,274.02919552485645
119,361,302,274.0456166407337
96,111,428,275.72631357924473
122,362,306,277.0739973364516
125,341,335,277.8920653779089
124,385,282,284.8806767753826
107,414,187,285.0350855596553
128,297,388,287.7168747223562
131,297,393,291.81500989496755
113,421,192,292.6106628269038
95,424,122,294.63536787018626
130,385,304,295.49450079485405
120,421,212,295.9408724728641
110,427,170,296.4877737782791
132,284,407,296.52150006365474
134,307,392,296.8113879216901
103,428,145,297.1077245714086
135,296,402,298.7072145094591
105,430,145,299.1070042643602
136,299,401,299.5463236295849
137,300,403,301.7631521574495
133,392,305,302.03476621077914
140,322,389,303.606653418531
138,281,417,303.63794229311986
141,293,412,305.49140740780257
143,304,405,305.6681206799296
123,435,195,306.88760157425713
144,296,412,307.09281984442424
117,438,170,307.4703237712544
147,322,394,307.5093494513622
146,302,409,307.8587338374534
145,287,419,308.3699077406873
150,305,412,312.0208326378224
106,48,454,312.23388669393336
148,277,431,314.00636936215164
151,288,425,314.058911671043
149,276,432,314.4296423685273
126,443,194,314.6823795511913
157,321,404,314.80311307228203
152,283,429,315.08728949292765
158,327,400,315.3173005085512
161,321,406,316.40006321111883
159,307,416,316.45694809878955
153,279,433,316.7080674690811
155,283,431,316.84065395715874
156,285,430,316.93059177050105
160,308,416,317.0141952657641
163,307,418,318.12104614438823
164,294,429,320.5386092189208
127,451,182,321.3113754600045
116,49,464,321.6286678764814
154,245,454,321.86487848163864
115,47,464,322.1443775700579
168,301,427,322.45309736456244
165,282,438,322.53061870154283
166,284,438,323.47179166041667
167,283,439,323.88269481403296
170,314,424,327.00152904841286
129,96,482,330.8564643467013
169,230,474,335.91963324581076
142,470,189,340.90614544182097
139,102,495,343.2273299141547
162,470,219,345.36502428589955
176,307,455,349.54255821001254
171,168,502,350.9558376776201
172,166,504,352.74069796381593
185,417,374,361.4374081359039
174,204,508,362.42792386900874
173,201,509,362.8167581576132
177,204,511,365.3669388436781
175,185,518,368.9728987337688
178,185,519,369.9621602272319
181,183,524,374.626480644388
180,167,528,376.7240369288904
183,197,524,376.8248930206177
193,266,509,380.73744234051895
194,269,509,381.81147180251145
188,180,536,386.1217424595512
196,268,514,386.1217424595512
189,184,538,388.63093031821336
198,272,516,389.4226495724151
190,198,537,389.80123139877327
192,204,536,389.89485762189787
179,520,185,390.31397617815327
191,190,540,391.47158262126766
199,297,512,395.5211751600665
205,390,457,399.3707550635124
195,515,265,400.0
182,535,162,404.1002350902558
202,298,521,404.120031673759
197,520,263,404.2536332551632
207,300,524,407.6787951316575
209,308,522,409.255421466839
210,485,363,411.6017492674199
206,255,546,412.09828924663105
216,314,524,413.6786192202831
215,295,534,414.79754097631775
187,546,139,415.2360774306587
184,546,130,415.63686073302017
217,485,372,416.2655402504512
186,547,131,416.58132459341
219,350,509,417.96770210149015
218,307,533,418.7791780879274
220,348,512,419.48778289718996
204,543,258,425.1693780130455
212,534,291,425.9730038394452
211,199,574,426.4563283620024
214,534,294,426.9543301103761
203,567,200,438.525939939703
228,486,414,440.6200177023282
227,497,399,440.989795800311
230,487,414,441.42609800509075
208,573,199,444.3872185380673
213,573,209,445.5333881989093
236,456,458,445.70169396133105
235,457,457,445.7488081868531
239,458,460,448.52870588179746
232,295,574,451.81522772035913
200,583,121,453.1313275420273
241,496,422,453.415923849174
201,586,129,455.6325273726625
240,301,576,455.8826603414523
225,579,257,459.9130352577539
242,507,418,460.00108695523755
222,602,160,471.05201411309133
223,603,165,472.1525177312941
221,604,150,473.00951364639593
249,462,493,474.51132757817277
246,344,580,477.1771159642927
254,467,492,477.3017913228485
251,490,468,477.60443884034413
247,345,580,477.62432936357
256,453,506,477.8001674340435
245,539,403,478.50182862764484
224,614,156,483.0093166803307
231,613,199,484.19004533344133
248,283,614,485.41219597368996
243,585,326,485.84462536905767
226,617,155,486.00411520891464
229,617,172,486.37125737444643
233,616,198,487.08315511830216
265,478,496,487.9118772893318
268,455,518,488.05839814514
266,415,550,488.12395966598484
250,266,624,489.96530489413226
259,299,615,491.5973962502243
260,299,616,492.5373082315694
253,596,325,495.79128673263307
273,474,511,495.79532067174654
274,475,511,496.4876634922564
234,628,159,497.03621598430834
275,473,514,497.2775884754912
267,299,622,498.1816937624264
238,631,159,500.0359987040933
261,600,332,501.9980079641751
278,492,506,504.9059318328514
263,606,327,505.8665832015394
264,605,330,505.9693666616587
280,491,509,506.2963559023509
271,587,375,507.1686110160999
281,403,582,507.9616127228513
269,611,328,510.9060579010588
270,615,326,513.989299499513
237,642,97,514.0593350966403
283,413,583,514.2217420529786
282,534,474,515.2184002925361
257,640,240,516.3816418115579
277,614,336,516.5055662817198
284,508,507,517.150848399188
287,452,563,520.7120125366804
258,653,204,524.4854621436136
244,658,144,527.0768444923377
279,644,294,532.024435529046
289,591,421,532.3758071137343
291,589,426,533.1913352634306
252,666,139,535.1831462219266
255,667,138,536.2098469815712
296,429,599,536.3953765647127
298,536,507,537.9042665753824
262,669,166,538.1570402772782
292,285,672,541.3658651965416
295,597,430,542.1116121242931
297,598,431,543.4822904198443
308,504,551,545.4658559433395
305,418,617,545.5868400172424
302,570,479,546.8061813842269
307,569,482,547.8001460386807
300,316,671,550.0445436507847
303,346,660,550.7031868438751
301,613,422,551.9827895867769
304,611,426,552.20376673833
309,353,659,552.5576892958779
310,600,446,553.0009041583928
311,600,448,554.0631732934431
306,629,401,556.3344317944019
312,351,664,556.3461152915512
272,687,132,556.3964413976782
285,682,233,556.7773343087881
321,534,539,558.0367371419197
276,689,132,558.3950214677777
288,683,243,559.2888341456496
320,578,491,560.4043183274019
290,687,238,562.4597763396064
317,626,423,563.848383876375
299,673,309,564.0035460881429
319,350,673,564.2348801695974
328,442,626,566.0830327787612
322,631,422,567.768438714235
293,693,234,567.8071855832752
334,530,557,567.8177524523163
294,692,245,568.4936235350402
323,350,679,569.7692515396035
327,616,453,570.2850164610675
324,347,681,570.4734875522262
337,443,631,570.8134546417069
329,360,678,572.7704601321545
326,638,421,573.4744981252436
330,621,451,573.5015257172382
333,621,453,574.543296888929
340,450,631,574.6694702174459
344,470,618,575.4528651418811
336,363,680,575.8063910725549
325,277,713,578.7192756423445
338,351,689,579.3927855954024
339,349,691,580.4894486551844
332,297,710,581.2099448564176
342,361,687,581.4258336193877
352,494,608,582.0601343503951
335,294,712,582.2800013739095
331,273,719,583.5409154463807
286,714,112,584.4399028129411
355,501,607,585.6756781700944
346,648,430,586.5304766165182
350,368,690,586.9735939546174
351,368,692,588.8038722698756
359,510,604,589.1027075137238
345,292,721,590.3769981969149
354,368,694,590.6352512337882
341,275,726,590.8172306221273
343,278,726,591.5555764254108
316,717,241,592.570670890823
347,283,727,593.7844726834813
349,289,727,595.3486373546176
314,725,210,596.7285815175942
362,623,491,596.9154043916105
358,651,447,597.3575143915074
361,648,454,598.2390826417144
360,651,449,598.3443824420849
353,286,732,599.3880212349926
356,302,729,600.8469022970827
368,492,634,601.4000332557357
369,470,651,602.432568840696
372,507,624,602.6748708881099
357,278,740,605.1264330699825
313,737,165,606.1188002363893
315,738,164,607.0996623290117
374,485,647,607.7433668909929
318,741,164,610.09917226628
375,602,543,611.5071544961678
377,492,647,611.8472031479755
380,511,638,616.1371600544801
363,719,338,616.4162554637896
370,699,396,617.7968921903056
384,554,608,621.2519617675264
383,499,654,621.6309194369276
348,749,224,622.0651091324766
382,611,549,622.2668237982803
367,722,350,622.9686990531708
366,724,344,623.0008025677014
364,730,326,623.4821569219123
386,517,643,623.7756006770384
365,732,323,624.5806593227171
376,700,413,625.5885229126251
388,490,666,626.1389622120636
373,725,352,626.447922815616
378,700,416,626.8412877276033
371,735,327,628.563441507697
387,652,508,630.449046315402
389,677,479,635.9182337376402
393,528,650,636.0959047187774
392,424,722,640.0078124523169
381,737,360,640.378794152336
395,424,724,641.78656888408
396,382,748,645.7755027871528
385,756,330,649.5798642199434
397,720,433,652.1663898116799
398,679,510,654.0282868500414
399,681,508,654.6182093403758
379,780,245,655.4883675550619
390,753,363,656.4937166492913
401,577,636,657.4229992934534
391,754,364,657.7613549000883
394,756,363,659.3367879922976
402,620,596,659.8257345693634
400,680,521,660.9273787641121
403,656,561,664.8977364978767
404,625,600,666.2169316371358
407,634,596,670.267110934141
409,438,754,674.8703579206898
405,712,497,675.2014514202409
410,484,730,676.4155527484565
406,714,497,676.9231861888023
411,631,613,679.4115100585211
408,726,482,679.9014634489324
412,647,597,680.729020976776
413,641,604,680.809077495299
414,505,722,680.9089513290305
415,627,621,681.9384136415839
417,506,724,683.1295631137625
418,505,726,684.2550694002931
416,471,747,684.4238452888677
419,638,618,687.9491260260456
420,483,746,689.6035092718133
421,470,757,692.6304931202495
422,461,763,693.5416353759881
425,542,714,695.4437432316147
424,700,553,695.5292948539263
426,568,695,696.2276926408487
427,482,759,700.3120732930427
428,463,771,701.5326079377921
430,467,771,703.4344319124563
436,550,723,707.4326823097729
437,552,723,708.6190796189445
434,477,772,709.1382093781156
423,790,415,709.1720524668185
435,477,773,710.0112675162276
432,763,488,715.296442043437
433,763,491,716.7063554901687
429,800,415,718.4740774725279
438,480,782,719.33441458059
439,587,710,719.8506789605744
431,803,416,721.6321777747996
440,598,717,732.2465431806421
441,649,679,738.24115301167
442,661,669,739.6999391645237
443,702,628,742.7422163846619
444,675,660,743.6296121053814
445,675,665,747.0475219154401
447,704,635,748.7676542159123
446,722,614,749.534522220291
448,710,632,751.4532586927812
449,670,681,754.5230281442707
450,724,658,778.8928039210531
451,645,752,789.3015900148688
452,705,711,800.5248278473317
