192,204,536,6.082762530298219
191,190,540,8.54400374531753
183,197,524,13.038404810405298
189,184,538,14.035668847618199
188,180,536,18.027756377319946
181,183,524,19.849433241279208
178,185,519,22.20360331117452
175,185,518,23.021728866442675
177,204,511,26.68332812825267
173,201,509,28.160255680657446
174,204,508,29.614185789921695
180,167,528,32.28002478313795
211,199,574,37.013511046643494
172,166,504,45.967379738244816
171,168,502,46.09772228646444
206,255,546,57.706152185014034
169,230,474,70.66116330771806
193,266,509,73.53910524340094
196,268,514,73.68174807915459
194,269,509,76.32168761236873
198,272,516,76.92203845452875
154,245,454,95.38343671728336
215,295,534,97.04638066409278
202,298,521,101.27191120937731
199,297,512,102.1077861869505
207,300,524,102.82509421342633
232,295,574,103.81714694596457
139,102,495,104.78549517943789
218,307,533,109.07336980216573
240,301,576,110.13627921806692
250,266,624,110.42191811411355
209,308,522,111.01801655587259
248,283,614,114.69088891450794
129,96,482,115.88356225108029
216,314,524,116.72617529928752
259,299,615,127.61269529321916
260,299,616,128.22636234409833
167,283,439,129.72663566130126
165,282,438,129.8345100502944
102,190,407,130.24592124131948
149,276,432,130.80137613954986
166,284,438,131.13733259449805
153,279,433,131.82184947875675
267,299,622,132.0075755401939
100,192,405,132.13629327327143
148,277,431,132.20060514233663
155,283,431,135.8712625980932
176,307,455,136.40014662748717
152,283,429,137.43725841270262
156,285,430,137.90576492663388
101,206,398,139.2300254973761
96,111,428,139.46325680981354
151,288,425,143.68020044529447
164,294,429,144.49913494550754
114,239,397,145.8800877433243
138,281,417,145.90750494748377
89,177,392,146.5127980757995
145,287,419,147.80054127099805
87,133,402,149.83324063771698
94,205,387,150.16324450410627
168,301,427,150.6950563223625
220,348,512,152.0690632574555
246,344,580,152.2005256232711
93,206,385,152.21038072352357
247,345,580,153.16004700965587
219,350,509,154.55743269089325
132,284,407,155.8717421471897
141,293,412,157.00318468107582
144,296,412,158.83639381451596
292,285,672,160.60510577189007
163,307,418,161.37533888422976
170,314,424,161.94134740701648
159,307,416,162.85576440519384
160,308,416,163.52675622050356
150,305,412,164.54178800535746
146,302,409,164.92422502470643
116,49,464,165.92166826548
135,296,402,166.82026255823962
115,47,464,167.72000476985446
137,300,403,168.40427548016706
143,304,405,169.29264603047588
136,299,401,169.4018890095385
106,48,454,171.4322023425004
131,297,393,174.7483905505284
86,161,365,175.93464695732902
300,316,671,178.54971296532514
128,297,388,178.89102828258325
161,321,406,179.6941846582688
157,321,404,181.1573901335521
134,307,392,181.40011025354974
158,327,400,188.1754500459611
147,322,394,189.274932307477
303,346,660,192.43960091415696
325,277,713,192.91708063310517
140,322,389,193.08029417835473
331,273,719,196.84765683136794
309,353,659,197.25364381932212
312,351,664,198.84164553734712
332,297,710,199.32385707686876
335,294,712,199.60210419732553
81,202,336,201.03979705520993
319,350,673,203.9607805437114
341,275,726,204.08331631958552
343,278,726,205.23401277566055
80,59,386,205.2364490045567
84,47,397,205.91503102007877
345,292,721,206.6204249342257
324,347,681,207.21245136332902
205,390,457,208.0
323,350,679,208.00961516237658
347,283,727,208.1465829649865
82,43,397,208.86598574205422
111,296,352,209.35376758014172
281,403,582,209.88091861815357
73,143,334,210.3188056261256
349,289,727,210.66798522794107
77,56,380,211.69081227110448
353,286,732,213.9369065869655
78,45,387,214.26385602802915
329,360,678,214.76731594914529
338,351,689,215.6687274502263
339,349,691,215.67800073257357
75,57,372,217.03916697223107
266,415,550,217.38905216224666
67,128,331,217.56838005555863
357,278,740,218.1948670340345
336,363,680,218.3437656540713
356,302,729,218.3575050232989
76,197,318,219.00228309312212
66,128,329,219.46298093300382
74,59,367,219.59280498231266
283,413,583,219.86586820150143
342,361,687,221.51523649627356
72,68,357,222.03603311174518
71,71,353,223.57325421436258
70,70,353,224.1428116179504
350,368,690,228.7116088002531
351,368,692,230.05434140654683
69,61,352,230.20425712831639
354,368,694,231.40656861895687
88,283,319,233.98504225697846
305,418,617,234.0939982143925
296,429,599,239.17566765873153
104,316,321,246.13004692641653
125,341,335,247.49343425634547
97,316,311,254.95097567963924
287,452,563,255.32724100651697
99,318,310,256.76643082770767
256,453,506,256.87740266516244
268,455,518,257.70137756713683
328,442,626,259.724854413281
337,443,631,262.4137953690697
43,124,283,264.5600120955546
92,316,299,265.64638149238925
249,462,493,267.64155133312164
340,450,631,268.96096371034963
236,456,458,269.82401672201087
45,155,270,270.44038160008574
44,154,270,270.60118255469615
235,457,457,271.07379069175977
239,458,460,271.1623130156549
254,467,492,272.7379694871985
185,417,374,273.00183149568795
275,473,514,275.9601420495358
273,474,511,277.22193275424655
274,475,511,278.21754078418564
396,382,748,279.95892555873263
56,207,257,280.1446055165082
57,227,257,281.4977797425763
39,87,278,281.78360491696463
65,239,258,281.99645387841315
118,357,304,282.0815484926301
55,208,255,282.177249260106
79,280,267,282.177249260106
121,359,305,282.39157211220027
265,478,496,282.98586537139977
122,362,306,283.2966642938106
344,470,618,283.8045101826255
54,208,253,284.17600180170035
119,361,302,285.99650347512994
98,341,284,290.6165858997039
392,424,722,292.0633492925807
60,243,248,292.4824781076637
61,245,248,292.7968579066381
395,424,724,293.33428030150174
280,491,509,294.334843333235
369,470,651,294.92371895118913
49,206,242,295.10845463998487
278,492,506,295.62983611266304
130,385,304,298.7607738643077
48,206,238,299.1070042643602
251,490,468,300.04166377354994
53,227,236,302.39378300487596
133,392,305,302.42354405700627
352,494,608,304.39612349699854
308,504,551,306.32009401931174
108,360,277,306.33968074671617
374,485,647,307.35809733924367
42,206,228,309.1035425225664
368,492,634,309.58843647655834
355,501,607,310.9807067970616
284,508,507,311.44823004794875
228,486,414,313.16609011832685
377,492,647,313.90444405901616
230,487,414,314.0859754907882
124,385,282,316.21827904155066
359,510,604,319.11283270968596
388,490,666,319.22562553780045
241,496,422,319.41978648793815
52,241,220,319.9031103318628
40,215,217,320.45124434147544
372,507,624,321.01401838549043
41,219,215,322.6840560052511
50,240,217,322.74448097527556
383,499,654,322.93962283993585
409,438,754,323.55679563254427
112,376,266,324.2298567374695
51,243,215,325.12920508622415
46,228,213,325.38592471094995
91,354,250,326.6573127912492
380,511,638,328.89207956410263
227,497,399,329.3098844553561
217,485,372,331.0498451895122
242,507,418,331.1223338888514
31,123,214,331.59312417479345
334,530,557,332.6018640957985
109,376,256,332.63343187358663
210,485,363,335.6262802582658
321,534,539,336.00595232822883
386,517,643,336.15026401893545
29,121,208,337.8905148121208
298,536,507,339.3287491504367
282,534,474,341.8552325180938
416,471,747,344.4256088039912
410,484,730,345.028984289726
422,461,763,346.7636082405419
393,528,650,348.81083698761427
421,470,757,349.83424646537964
420,483,746,353.42042951702723
428,463,771,353.52651951444886
430,467,771,356.534710792652
414,505,722,358.43269940115675
417,506,724,360.3234657915024
427,482,759,360.4719129141687
418,505,726,360.51352263126
26,129,183,360.6618915272308
384,554,608,363.0110191165001
434,477,772,364.78212675513583
435,477,773,365.4271473221441
245,539,403,366.3836786757838
27,160,166,372.94101410276664
438,480,782,373.56257842562337
307,569,482,375.05466268265485
302,570,479,376.4943558673888
28,177,157,380.5798207997897
24,138,161,380.7571404451924
85,351,188,381.064299036265
23,135,161,381.24139334547607
22,133,161,381.57699092057425
83,350,187,381.58092195496357
17,100,167,382.7584094438684
320,578,491,382.7740848072137
16,107,162,385.88340207891815
425,542,714,386.86560974064366
15,107,160,387.82728114458376
19,131,153,389.80123139877327
14,110,157,390.05640617736304
18,130,152,390.9590771423526
401,577,636,391.7167343885119
120,421,212,394.14971774694953
11,114,150,396.01136347332255
8,109,150,397.10200200955927
436,550,723,398.1205847478877
35,220,138,399.60605601016607
437,552,723,399.8899848708392
32,206,136,401.0797925600341
63,316,153,401.721296423279
426,568,695,402.32325311868317
34,215,135,402.35929217553803
375,602,543,404.04455199891015
68,322,150,406.3803636988382
291,589,426,406.45048898974153
33,217,128,409.4410824526528
289,591,421,409.76212611709246
30,206,127,410.07804135310636
113,421,192,410.7967867449793
107,414,187,411.2857887163134
311,600,448,411.7341375208036
64,321,144,411.79849441201213
310,600,446,412.1710809845834
295,597,430,413.09805131469693
382,611,549,413.1742973612952
297,598,431,413.80671816682724
214,534,294,414.6625133768424
123,435,195,416.0925377845654
212,534,291,416.42766478705516
195,515,265,417.6996528607607
162,470,219,418.4590780470654
271,587,375,421.3846224057067
126,443,194,421.51393808508874
58,320,133,422.0189569201839
197,520,263,422.8001892147164
62,325,132,424.4455206501772
439,587,710,425.73465914816
402,620,596,426.10444728962875
327,616,453,426.35665821000146
59,323,129,426.7188770138954
362,623,491,427.48216337059023
304,611,426,427.6564041377143
47,292,119,428.43902716722715
301,613,422,430.6390600026895
333,621,453,431.2597824977423
404,625,600,431.62252026510384
330,621,451,431.65379646193315
110,427,170,432.5852517134628
90,405,157,432.722774995724
127,451,182,435.92889328421444
415,627,621,437.1464285568395
12,161,101,437.5671377057468
5,149,102,437.75107081536646
117,438,170,438.5076966257263
440,598,717,438.63424398922615
411,631,613,439.6191533589045
9,158,99,439.8226915474007
407,634,596,439.9738628600567
243,585,326,440.78339351658883
142,470,189,441.6876724564542
317,626,423,442.9221150495875
204,543,258,443.69584176550495
13,167,94,444.08332551448046
10,164,93,445.2998989445203
3,143,95,445.4088009907303
7,157,93,445.888999640045
4,146,94,446.04147789191086
419,638,618,447.3935627610214
322,631,422,448.01116057526957
413,641,604,448.0379448216412
253,596,325,450.94123785699617
261,600,332,451.2527008229424
306,629,401,451.9480058590811
412,647,597,452.99116989186444
103,428,145,454.4931242604227
38,277,89,454.91207941755073
387,652,508,454.92526858814955
326,638,421,455.03406465890004
6,162,83,455.42507616511415
105,430,145,455.5085070555763
2,146,84,455.9747800043331
37,274,87,456.3726547460967
264,605,330,456.6158122535837
361,648,454,457.5904282215702
403,656,561,458.62838987572496
263,606,327,458.87253131997346
20,188,78,459.10891953870816
360,651,449,461.46830877103577
358,651,447,461.85387299447865
277,614,336,462.0140690498505
346,648,430,462.5462139073241
269,611,328,462.87147244132467
25,201,72,465.0096773186554
270,615,326,467.3435567117621
95,424,122,472.547352124631
225,579,257,472.8223767970378
441,649,679,472.826606696366
21,198,64,473.0
36,262,66,475.3283075938146
179,520,185,477.0618408550405
1,139,62,478.65018541728364
0,136,62,479.0292266657641
442,661,669,481.4488550199284
398,679,510,481.75720025755714
400,680,521,482.26548705044195
389,677,479,482.49870466147365
399,681,508,483.86981720293323
444,675,660,492.603288661373
449,670,681,493.47745642531635
445,675,665,493.8754903819383
451,645,752,496.01814482940034
213,573,209,498.20578077738116
203,567,200,499.7299270606074
424,700,553,502.254915356734
182,535,162,504.1765563768312
208,573,199,504.8455209269465
279,644,294,507.9025497081108
443,702,628,512.1493922675297
447,704,635,515.4027551342737
405,712,497,515.5540708790883
378,700,416,516.3768004083839
376,700,413,517.0880002475401
406,714,497,517.548065400693
370,699,396,520.4632551871457
448,710,632,520.7388981053749
299,673,309,526.8861357067578
187,546,139,528.6851615091916
446,722,614,529.6272273967795
408,726,482,530.8568545286008
397,720,433,532.2593352868506
257,640,240,532.515727467274
231,613,199,535.2279888047709
186,547,131,535.3849082669402
184,546,130,535.4932305827964
452,705,711,536.0270515561691
233,616,198,538.1867705546096
450,724,658,539.7378993548627
223,603,165,549.9172665046989
222,602,160,552.5803109051209
229,617,172,555.6851626595765
367,722,350,556.3676841801652
363,719,338,557.7113948988311
373,725,352,558.528423627661
366,724,344,560.290103428572
221,604,150,560.8966036623863
201,586,129,563.0346348138806
258,653,204,563.8386293967451
224,614,156,564.1072593044695
200,583,121,566.816548805696
433,763,491,566.869473512201
226,617,155,566.9964726521674
432,763,488,567.1207984195254
288,683,243,567.1516552034385
381,737,360,567.3182528352141
285,682,233,571.5522723251129
364,730,326,572.3154724450493
234,628,159,572.5242352948912
290,687,238,573.1683871254589
294,692,245,573.846669416143
238,631,159,574.7808277943864
365,732,323,575.2842775532806
371,735,327,576.6012486979195
293,693,234,580.3740173370961
390,753,363,581.63648441273
391,754,364,582.2928816326025
394,756,363,584.4997861419625
385,756,330,595.1579622251559
316,717,241,597.4755225111737
262,669,166,599.5681779414248
423,790,415,604.4402369134602
244,658,144,605.0198343856175
429,800,415,614.2377389903685
252,666,139,614.3516908091
255,667,138,615.761317394979
431,803,416,616.981361144727
314,725,210,620.2080296158701
237,642,97,625.0887936925442
348,749,224,633.6955104780213
272,687,132,634.9377922284986
276,689,132,636.4793790846644
379,780,245,651.1436093520384
313,737,165,654.9083905402342
315,738,164,656.2994743255551
318,741,164,658.7700661080465
286,714,112,668.4915855865353
