46,243,216,3.1622776601683795
47,241,221,4.123105625617661
42,227,214,13.341664064126334
38,219,215,21.095023109728988
48,227,237,23.853720883753127
37,215,215,25.079872407968907
58,244,248,31.25699921617557
59,245,248,31.400636936215164
39,207,230,35.4682957019364
62,239,258,41.012193308819754
44,206,242,42.20189569201838
54,228,258,42.720018726587654
49,209,254,48.27007354458868
50,208,257,51.22499389946279
51,207,258,52.630789467763066
79,280,269,65.60487786742691
34,220,138,81.49233092751734
27,177,159,85.63293758829018
33,215,135,85.72630868059116
30,206,136,87.84645695758026
32,217,128,91.92388155425118
26,160,166,94.87360012142472
29,206,127,96.20810776644555
60,316,153,99.35793878699377
41,155,270,100.16985574512923
40,154,270,101.01980003939822
65,322,150,105.89145385724005
74,198,317,108.46197490364999
61,321,144,109.04127658827184
89,283,320,111.61541112229978
43,293,118,112.29425630903836
82,350,188,113.75851616472501
81,350,187,114.0175425099138
95,319,300,114.58621208504974
56,321,135,115.26057435220423
25,129,184,115.80155439371269
24,138,162,115.88356225108029
31,122,216,118.00423721205946
92,354,251,118.96217886370441
21,135,161,119.0
28,121,209,119.26860441876563
22,134,162,119.41942890501528
57,323,131,119.5198728245642
98,317,311,121.51131634543344
64,328,133,121.6552506059644
99,316,313,122.44182292011173
67,331,135,122.494897852931
80,203,337,125.57467897629681
18,131,153,126.40015822774906
102,315,321,128.22246293064254
104,344,292,128.22246293064254
17,129,152,128.63125592172378
105,358,277,132.3782459469833
11,161,101,140.34600101178515
109,376,256,141.4814475470194
16,109,162,142.0774436706967
10,114,150,142.70599146496969
12,167,94,143.0314650697531
13,110,157,143.17821063276352
110,296,349,143.38758663147937
8,158,99,143.69411957348845
112,376,266,144.55794685869054
14,106,162,144.8481963988506
117,357,303,145.2067491544384
9,164,93,145.43727170158274
4,149,102,146.64924138910504
19,190,79,146.77874505527018
7,109,150,147.13938969562162
23,200,75,147.52626884728022
15,100,167,148.66068747318505
6,157,93,149.21461054467824
120,360,306,149.40214188558343
121,363,303,150.08331019803634
72,143,334,151.9802618763371
35,260,65,153.3101431738944
5,162,84,154.18495387034366
3,146,94,154.80633061990713
2,143,96,155.08062419270823
124,340,336,155.43809056984713
20,199,67,155.502411556863
123,385,282,158.90248582070703
63,128,330,159.10059710761615
36,87,280,165.46298679765212
86,161,365,167.7647161950331
129,384,307,169.81166037701888
93,206,385,171.40595088852663
94,202,388,175.17134468856486
91,405,157,175.57049866079439
107,414,187,176.56726763474595
114,239,397,180.00277775634464
127,297,388,180.24982662959764
119,421,214,181.02486017119307
113,422,191,183.84776310850236
100,207,399,184.967564724197
130,295,394,185.34832073693033
1,138,62,185.5505322007997
0,136,63,185.82787734890587
90,177,392,185.9946235782099
132,309,390,186.25251676151922
133,307,392,187.38729946290383
111,426,172,191.36614120580475
134,297,402,193.58202395883765
135,296,403,194.24726510301247
131,284,407,195.02820308868152
145,322,394,195.0717816599828
136,300,403,195.43796969882797
122,435,197,196.02295783912658
101,191,408,197.18519214180358
143,305,406,199.86495440671933
103,428,147,200.60907257649143
144,302,409,201.76223630798702
140,294,412,202.33882474700698
106,430,147,202.48456731316588
141,296,412,202.88173895153798
118,438,170,203.5018427434995
156,327,401,203.5313243704762
125,443,196,204.08331631958552
137,281,418,205.1389772812568
148,305,412,205.54804791094466
97,425,127,205.73040611440985
52,71,336,206.69300907384363
142,287,419,207.3957569479183
159,321,408,207.46565980903924
55,72,341,208.806130178211
53,70,339,209.24626639440905
154,307,416,209.97618912629116
157,308,416,210.2974084481309
158,307,418,211.8726032312814
126,451,184,213.56497840235883
88,133,402,213.71476317746513
152,289,427,215.64090521049107
149,283,429,216.31689716709604
146,275,431,216.8432613663611
69,71,353,216.92625475031832
68,70,353,217.70622407271685
147,276,432,217.99311915746333
151,283,431,218.27734651126764
71,71,357,219.45614596087302
150,279,433,219.49259668608414
161,294,430,219.73848092675985
164,301,429,220.60145058453264
70,68,357,221.7746604100658
66,62,352,223.40322289528413
160,282,438,224.95555116511352
162,284,438,225.33752461585266
163,283,439,226.12607103118384
155,470,218,230.0021739027699
139,470,190,231.57936004747918
178,417,372,235.27430798963155
73,59,368,235.71593073019056
153,245,455,238.05251521460553
75,57,372,239.8207664069148
76,56,382,247.14570601165622
171,307,455,247.25088473046966
96,111,428,247.3095226634025
78,59,386,247.6327926588076
165,230,475,258.1937257177254
77,46,388,258.6058777367599
84,53,397,259.55538907909425
85,47,398,264.59402865522117
83,44,398,266.7901797293146
87,41,402,271.7094035914105
185,515,265,279.15766154630256
174,521,187,282.59688604087626
187,520,263,283.7534140763772
194,392,458,284.92981591964013
199,486,364,286.574597618142
206,486,372,290.7593506664919
169,205,508,293.09725348423177
184,269,509,293.43653487594213
168,201,508,293.6017711118242
166,168,503,294.92371895118913
208,486,380,295.1016773927251
167,166,504,296.3865718955567
186,268,514,298.31694554617576
211,459,421,299.2941696725815
188,297,512,300.45631962067296
177,536,164,300.70749907509787
128,96,482,301.59741378201505
202,535,292,304.38462510448846
203,535,296,305.3948264132842
170,185,518,305.9836596944353
192,543,260,306.03594560116625
108,47,455,306.41964688968625
172,185,519,306.96742498187
176,197,521,307.02605752606735
191,298,521,309.4834405909305
138,105,496,309.94515643900615
209,350,509,312.03204963593083
175,183,524,312.2466973404202
116,50,465,312.4163888146715
197,308,522,312.488399784696
195,300,524,312.80824797309936
210,348,512,314.14805426741066
115,47,465,314.2499005568657
181,545,140,314.5695471592888
205,315,524,316.0284797292801
214,487,417,317.81913095344026
179,546,130,318.1273329973393
180,547,131,318.8181299738144
173,167,528,319.4526568992658
204,296,535,322.893171188243
207,307,533,323.02476685232665
217,457,457,323.55679563254427
218,456,458,323.6309626719916
182,180,536,324.59359205012044
183,190,538,324.87074352732964
222,458,461,327.2002444986862
193,255,546,329.34176777323586
196,571,200,331.436268383531
201,573,210,333.073565447635
198,574,200,334.43235489408016
212,579,257,341.35172476494097
225,509,441,350.0528531522061
231,512,441,352.3634487287238
226,539,404,352.66131060835124
230,462,493,354.2033314354906
233,515,441,354.6843667262486
190,585,131,355.557309023454
235,524,431,355.60089988637543
237,493,468,356.384623686264
234,467,492,356.58659537341
189,585,123,357.57656522764466
200,203,574,358.91224554199874
243,521,443,360.60643366418185
240,455,507,361.00554012369395
216,295,574,361.2118491965622
223,585,327,362.1118611699981
246,527,439,362.840185205553
221,301,576,364.1455752854894
250,478,496,366.7219655270188
251,455,518,369.89998648283296
236,597,324,372.6902198877776
215,614,201,374.34208953843273
249,414,550,375.71931012392747
256,474,511,375.7552394844282
259,475,511,376.3787985527346
260,473,514,377.4890726895283
227,344,580,377.60429022986483
245,600,332,377.9219496139381
219,618,198,378.4772119956497
228,344,581,378.565714242587
213,617,171,379.7959978725421
248,606,327,382.172735814579
257,588,375,382.1884351991829
252,606,331,383.3431882791189
263,492,507,384.19266000276474
266,491,510,385.8108344772085
254,611,328,387.2492737243028
255,615,327,390.80046059338264
262,614,337,392.77983654968847
268,509,507,395.55151371218386
265,403,582,399.7424170637887
241,640,240,400.6607043372235
232,283,616,401.3103537164223
242,299,615,402.3493506891741
244,299,616,403.33856745915085
267,412,583,404.40079129497263
229,265,622,405.77087130546965
270,452,563,405.7831933434405
272,591,421,405.97660031090464
273,589,426,406.79478856052225
253,299,623,410.2645487974802
264,645,292,411.8859065323794
280,536,507,414.38629320960894
278,597,432,416.74212650030955
279,598,431,417.0851232062827
220,643,99,419.9202305200358
288,569,482,422.45236417849526
289,571,480,422.7647099747092
224,658,144,424.3265252137792
283,611,423,424.35480437954277
286,611,426,425.8192104637836
277,429,599,426.1983106489278
290,599,447,426.3578309354714
291,505,552,427.1416626834709
292,599,449,427.4400542766202
284,628,400,428.99067588934844
247,669,168,431.7893004695693
239,668,143,434.35008921375857
238,668,142,434.5215759890411
300,578,491,435.1091817004095
301,534,539,436.02752206712825
287,418,617,437.817313499592
281,673,309,442.6657881517387
303,632,423,442.83179650969055
271,683,243,443.7623237725348
307,616,453,443.92792207744714
314,530,557,446.8780594300866
310,621,451,447.1207890492233
308,638,422,447.6929751514982
274,688,240,448.5900132637819
315,622,454,449.5475503214315
258,687,134,454.6405173321005
276,695,234,455.31747166125746
285,346,660,455.50521402065203
261,689,134,456.607052069939
275,285,672,457.21985958617324
293,353,661,458.1539042723526
282,316,671,460.3172818828335
294,347,665,460.6006947454595
323,649,431,461.6026429733695
296,350,666,462.27805485443497
321,470,618,462.27805485443497
326,494,608,466.2585119866446
330,502,606,469.00426437293726
302,350,675,471.0244155030607
336,624,490,471.1528414431988
333,651,449,471.9586846324581
335,648,455,472.34309564129336
334,511,604,472.451055666087
306,350,680,475.8875917693169
304,347,681,476.1774879181081
312,361,679,477.582453614033
309,345,685,479.6342356421193
316,364,681,480.28324975997236
295,723,211,483.03726564313854
317,351,689,484.87627287793737
269,714,114,485.0618517261484
320,361,687,485.3256638588155
341,490,634,486.19851912567566
318,349,691,486.37125737444643
343,507,624,486.7627758980754
348,602,543,487.15500613254505
340,468,650,489.3597858426865
328,368,694,493.8754903819383
344,700,398,494.32883792066997
329,368,695,494.84138872976257
347,485,647,494.8989795907848
337,720,338,495.01616135233405
313,297,710,496.2841927766791
305,277,713,497.37812577555115
350,492,647,498.4014446206993
297,737,165,499.71291758368625
358,612,551,499.9399963995679
354,511,638,500.6815355093495
298,738,164,500.81234010355615
351,701,414,501.32823578968697
357,554,608,501.4748248915393
338,730,326,501.9770911107398
352,701,417,502.5146764025903
311,274,719,503.15007701480084
299,741,166,503.5891182303287
361,652,508,504.4055907699676
339,733,324,504.47794798187164
345,727,350,504.83462638769146
342,735,327,507.0749451511088
346,731,346,507.66327422810485
356,499,654,507.98622028555064
359,516,645,509.2739930528556
349,731,353,509.486996890009
363,677,479,509.5223253204907
319,275,726,510.20192081175077
322,280,726,510.56929010664163
324,285,727,511.9814449762804
325,289,727,512.3485141971234
362,490,666,513.9075792396917
331,303,729,515.8614154983875
327,286,731,516.0542607129603
355,738,361,518.4013888870284
367,528,650,520.0317298011728
332,278,740,524.3786799632495
371,720,433,526.3610927870714
372,681,508,528.3578332910378
373,680,512,529.7405025104273
360,758,331,530.3960784168752
365,754,364,534.6073325348241
366,755,364,535.5688564507835
374,680,523,535.9440269281858
369,756,363,536.2574008813305
364,424,721,536.5370443874309
375,580,634,538.04181993596
376,622,596,538.1124417814552
368,424,723,538.4161958931028
377,656,561,539.8073730507948
353,781,246,541.7767067713413
378,634,596,546.6964422785281
370,382,748,549.6589851899084
379,726,482,553.5530688199642
381,631,613,556.5042677284695
382,647,597,556.8204378432961
383,641,604,557.288076312422
384,627,621,559.4506233797581
387,639,611,560.7468234417382
388,638,618,564.982300607727
380,485,731,569.4040744497706
391,700,553,569.6455038003899
385,505,725,572.9650949228932
386,472,748,579.4695850517091
393,568,695,579.7137224527293
392,541,713,580.1870388073143
389,484,747,583.4689366195942
390,470,758,587.8613782176883
397,763,492,590.8925452229026
398,765,489,591.2774306533271
401,557,719,593.7112092591818
394,482,760,594.485491833064
402,559,719,594.7814724753958
395,465,771,597.9473220945137
396,467,771,598.7027643163175
404,587,710,602.8747797013904
399,477,773,604.4046657662398
400,477,774,605.3247062527681
403,480,782,613.8607333915405
405,599,719,617.158812624433
406,661,669,617.6932895863448
407,702,628,618.356693179592
408,675,660,620.8655248924682
409,675,665,624.4429517578047
410,722,614,624.4461546042221
411,704,635,624.515812449933
412,710,632,626.9968101992226
413,688,693,653.6665816760101
414,724,658,654.7801157640632
415,705,711,678.4253827798603
