208,573,199,6.082762530298219
213,573,209,10.816653826391969
231,613,199,46.010868281309364
233,616,198,49.040799340956916
179,520,185,49.33558553417604
182,535,162,49.678969393496885
223,603,165,50.20956084253277
222,602,160,53.150729063673246
229,617,172,57.30619512757761
225,579,257,58.249463516842795
221,604,150,62.20128616033595
204,543,258,62.76941930590086
224,614,156,64.38167441127949
187,546,139,64.51356446515724
226,617,155,67.26812023536856
186,547,131,71.84010022264724
184,546,130,73.08214556237385
201,586,129,73.49829930005184
234,628,159,73.49829930005184
238,631,159,76.00657866263946
197,520,263,78.60025445251433
200,583,121,80.60397012554654
195,515,265,83.24061508662703
257,640,240,83.24061508662703
258,653,204,86.09297300012354
212,534,291,96.79876032264049
142,470,189,97.62171889492625
162,470,219,98.84331034521254
214,534,294,99.62429422585637
244,658,144,106.85036265731624
262,669,166,107.5174404457249
252,666,139,116.2841347734075
127,451,182,117.38824472663352
255,667,138,117.66052864066182
285,682,233,119.64113005150027
279,644,294,121.51131634543344
288,683,243,123.71337841963576
126,443,194,124.14507642270796
290,687,238,125.8729518204765
243,585,326,127.27922061357856
237,642,97,127.41271522104849
253,596,325,128.3199127181748
293,693,234,130.50670480860362
123,435,195,132.09466302617983
117,438,170,132.4424403278647
263,606,327,132.85330255586422
294,692,245,132.85330255586422
270,615,326,134.8332303254654
269,611,328,135.35139452550905
264,605,330,135.4400236266961
261,600,332,136.0624856453828
272,687,132,137.92751719653333
276,689,132,139.6710420953463
110,427,170,143.17821063276352
277,614,336,143.8923208513922
113,421,192,146.21901381147393
120,421,212,146.4923206178399
105,430,145,147.6279106402309
103,428,145,149.48578527739687
299,673,309,152.04275714416653
107,414,187,153.55129436120035
316,717,241,155.502411556863
314,725,210,158.3161394173064
95,424,122,162.88953311984167
90,405,157,167.60966559241146
286,714,112,171.32717239247253
313,737,165,173.5655495770978
315,738,164,174.7483905505284
271,587,375,176.13914953808538
318,741,164,177.68511473953018
210,485,363,182.4636950190366
348,749,224,183.5755975068582
217,485,372,190.5465822312224
109,376,256,199.04019694524018
124,385,282,199.61963831246663
112,376,266,202.08166665979377
133,392,305,204.08331631958552
245,539,403,204.92193635626225
363,719,338,205.2997808084558
365,732,323,205.80087463370995
364,730,326,206.0218435020908
130,385,304,209.61870145576228
306,629,401,210.34495477667156
371,735,327,210.60151946270474
227,497,399,210.95260131128984
366,724,344,213.03755537463343
367,722,350,215.6965461012299
85,351,188,216.33307652783935
83,350,187,217.38905216224666
379,780,245,217.70163067832084
91,354,250,218.78985351245154
373,725,352,219.24415613648634
108,360,277,220.85742007005334
289,591,421,222.29934772733816
242,507,418,226.10616975217638
301,613,422,226.71568097509268
291,589,426,227.06827167175956
230,487,414,228.46443924602357
228,486,414,228.81652038259824
385,756,330,229.3926764306132
185,417,374,229.73027662891977
119,361,302,229.8695282111137
304,611,426,230.24334952393303
317,626,423,230.67292862405853
122,362,306,230.7834482799839
322,631,422,231.0411218809327
295,597,430,231.94827009486403
326,638,421,232.12496634356245
121,359,305,233.0
297,598,431,233.07080469247967
241,496,422,233.0772404161333
381,737,360,233.45235059857504
118,357,304,234.34163095788165
370,699,396,236.30488780387088
98,341,284,241.1057859114957
346,648,430,243.8462630429263
390,753,363,247.315587862957
310,600,446,248.20354550247666
391,754,364,248.7267577081324
394,756,363,249.57964660604839
68,322,150,250.04999500099976
311,600,448,250.185930859431
376,700,413,251.11352014576994
62,325,132,251.372233947984
64,321,144,252.29347989989753
378,700,416,253.6631624812716
59,323,129,254.120050369899
63,316,153,255.36248745655655
58,320,133,255.92577048824137
330,621,451,256.7430622236948
327,616,453,257.70137756713683
333,621,453,258.69866640553056
358,651,447,260.8926982496827
360,651,449,262.78698597913865
125,341,335,263.2508309578528
361,648,454,266.6027006614899
92,316,299,269.8184574857695
99,318,310,272.21498856602295
97,316,311,274.4485379811669
282,534,474,275.98007174431996
104,316,321,278.6431409527247
397,720,433,278.7436097922247
251,490,468,278.84224930953343
302,570,479,279.0161285660741
235,457,457,279.5514263959317
236,456,458,280.86473612755304
239,458,460,281.9237485562364
307,569,482,282.0070921094007
47,292,119,286.6810073932349
320,578,491,291.20782956507196
79,280,267,294.7168132292421
362,623,491,296.33933252270106
389,677,479,299.90165054564136
88,283,319,307.92369184588574
298,536,507,308.5611770783875
254,467,492,308.6486675817668
265,478,496,309.09060160412514
140,322,389,309.4285054742048
423,790,415,309.7644266212633
38,277,89,310.517310306527
111,296,352,310.71691296097805
249,462,493,311.2458835069148
205,390,457,312.05448242254107
158,327,400,312.40998703626616
147,322,394,312.50759990758627
284,508,507,312.61797773000836
37,274,87,314.03502989316337
278,492,506,315.0571376750573
429,800,415,317.0394297244429
280,491,509,318.20905078265764
387,652,508,319.513692977312
157,321,404,319.5809756540586
431,803,416,319.924991208877
161,321,406,320.8613407688748
134,307,392,323.20891076825217
408,726,482,323.736003558455
274,475,511,324.32237048961025
51,243,215,324.34703636691364
273,474,511,324.6074552440224
61,245,248,325.55798254688824
256,453,506,326.5455557805067
52,241,220,326.6129207487052
50,240,217,327.44159784608917
60,243,248,327.53625753494833
275,473,514,327.76821078316914
399,681,508,328.42046221269464
128,297,388,329.00455923892605
398,679,510,329.61189298931555
405,712,497,330.5056731736991
406,714,497,331.3879901263774
131,297,393,331.8870289722092
65,239,258,333.08857680803163
36,262,66,333.1381094981479
143,304,405,333.45764348714516
136,299,401,335.0
137,300,403,335.40721518774757
150,305,412,337.02818873204063
268,455,518,337.146852276571
160,308,416,337.24916604789405
146,302,409,337.4996296294264
170,314,424,337.91271062213684
135,296,402,338.0014792867037
159,307,416,338.0177510131679
46,228,213,339.24917096435183
163,307,418,339.29927792437167
400,680,521,340.3086834037592
321,534,539,340.6024075076393
53,227,236,341.90057034172963
144,296,412,344.0712135590538
57,227,257,344.7448331737548
375,602,543,344.78108996869304
141,293,412,346.4390278245221
41,219,215,348.3231258472512
432,763,488,348.36762191684807
168,301,427,349.6927222576987
132,284,407,350.6251559714448
433,763,491,350.85182057387135
382,611,549,351.7627041060493
40,215,217,352.4102722679916
35,220,138,352.4953900407777
145,287,419,355.4729244260384
164,294,429,356.32850012313077
308,504,551,356.6090296108611
33,217,128,357.3289800729854
34,215,135,357.9511139806664
151,288,425,358.42153953131776
334,530,557,358.91224554199874
138,281,417,359.0055709874152
42,206,228,362.0842443410097
54,208,253,362.8911682584739
48,206,238,362.9944903163132
55,208,255,363.1886562105155
49,206,242,363.4350010662154
156,285,430,363.9010854614204
176,307,455,364.17715469260287
56,207,257,364.4845675745408
152,283,429,364.8246153975907
155,283,431,366.0833238485468
32,206,136,366.62924051417394
30,206,127,368.30693721405794
166,284,438,369.7742554586514
153,279,433,370.44972668366216
148,277,431,370.7573330360439
167,283,439,371.183243156261
165,282,438,371.3071504832623
403,656,561,371.80909079795236
149,276,432,372.16259887312697
424,700,553,377.22407134221964
219,350,509,377.58442764499705
287,452,563,380.7807768257216
220,348,512,381.1889295349486
266,415,550,381.58092195496357
114,239,397,382.6133818882973
25,201,72,387.73702428321184
76,197,318,388.36065712170176
81,202,336,389.51379949881107
28,177,157,392.3633520093333
21,198,64,393.2645420070312
20,188,78,398.1519810323691
402,620,596,399.53097501945956
407,634,596,401.6279372752847
404,625,600,404.18312681258726
412,647,597,404.9802464318476
93,206,385,405.64269992198797
94,205,387,407.44692905947886
359,510,604,408.0012254883556
384,554,608,408.2070553040454
27,160,166,408.4176783637065
154,245,454,410.1219330881976
413,641,604,410.7213167100047
216,314,524,411.077851507473
101,206,398,411.7341375208036
355,501,607,412.3166259078089
199,297,512,412.6063499269007
283,413,583,412.8014050363685
209,308,522,413.23722000807237
13,167,94,413.80671816682724
352,494,608,414.4791912750265
281,403,582,415.7162493817147
10,164,93,416.9628280794344
12,161,101,417.8959200566572
45,155,270,417.90429526387976
411,631,613,417.92941987852447
202,298,521,418.810219550574
44,154,270,418.890200410561
207,300,524,419.8392549536072
9,158,99,421.28612604736935
6,162,83,421.5613834306933
296,429,599,422.19071519871204
218,307,533,422.47958530560976
7,157,93,423.73222676591405
419,638,618,423.9870281034551
415,627,621,425.2540417209459
100,192,405,427.375712927162
372,507,624,428.22424032275427
344,470,618,429.1072127102969
194,269,509,429.2842880889074
5,149,102,429.3343685287727
102,190,407,430.09068811124007
215,295,534,430.74354319014463
24,138,161,430.76907967030314
193,266,509,431.3722290551398
198,272,516,432.29735136824513
196,268,514,433.5862082677446
23,135,161,433.75684432640367
4,146,94,434.1393785410395
169,230,474,434.3328216932264
89,177,392,434.69989648031896
22,133,161,435.74878083593075
401,577,636,436.11466382133955
2,146,84,436.6886762901003
3,143,95,436.8077380266975
86,161,365,438.2476468847266
26,129,183,438.32978452302325
19,131,153,438.525939939703
18,130,152,439.62825204938775
247,345,580,440.09544419364306
368,492,634,440.4327417438445
246,344,580,440.6007262817437
380,511,638,441.5653971950248
446,722,614,442.06447493550075
305,418,617,442.8205053969385
328,442,626,443.96058383599774
31,123,214,444.2206658857735
73,143,334,444.6706646496933
386,517,643,445.81274095745624
29,121,208,446.07174310866185
340,450,631,446.59825346725216
337,443,631,448.4829985629333
443,702,628,448.78614060596834
1,139,62,449.6976762225929
43,124,283,450.7083314073526
393,528,650,451.6868384179464
0,136,62,452.55386419740137
377,492,647,453.2482763342846
374,485,647,454.45901905452376
448,710,632,455.05274419565916
11,114,150,455.7510285232497
447,704,635,456.0635920570727
66,128,329,457.5609249050885
67,128,331,458.1288028491551
14,110,157,459.01851814496547
383,499,654,459.0642656535139
240,301,576,460.5778978631085
8,109,150,460.7211738134031
369,470,651,461.31334253411745
16,107,162,461.5668965599678
15,107,160,461.7358552246078
232,295,574,462.4499972970051
206,255,546,465.89698432164164
17,100,167,468.16450100365364
388,490,666,472.3187483045745
444,675,660,472.5082009870305
174,204,508,476.05987018441283
445,675,665,477.3772093428843
177,204,511,478.00627610942513
442,661,669,478.3272938062389
87,133,402,478.70659072128933
173,201,509,478.99582461645736
450,724,658,484.16216291651705
441,649,679,485.96810594935135
39,87,278,486.2962060308511
183,197,524,491.8089059787348
449,670,681,491.9044622688434
259,299,615,494.0131577195085
192,204,536,494.63622997107683
260,299,616,494.85351367854304
426,568,695,495.0010100999795
175,185,518,497.03923386388726
178,185,519,497.67961581724444
190,198,537,499.7299270606074
267,299,622,499.90799153444226
171,168,502,500.4048361077259
248,283,614,502.0478064885853
181,183,524,502.4261139709997
172,166,504,503.2067169662981
309,353,659,506.43558326800064
191,190,540,507.67016851495225
96,111,428,509.82349886995206
303,346,660,510.33420422307574
439,587,710,510.3920062069938
189,184,538,510.8160138445153
312,351,664,511.812465655146
188,180,536,512.5085365142711
425,542,714,514.6076175106622
180,167,528,517.2852211304707
440,598,717,517.9285665031424
71,71,353,519.0616533707725
250,266,624,519.9778841450856
70,70,353,520.0173074042824
319,350,673,520.4017678678657
329,360,678,520.8963428552748
336,363,680,521.5515314904176
72,68,357,523.1156659860227
437,552,723,523.2150609453057
436,550,723,523.2762176900457
211,199,574,524.6903848937962
414,505,722,525.669097436781
323,350,679,525.8611984164643
417,506,724,527.5386241783629
69,61,352,528.3370136570028
342,361,687,528.7768905691701
350,368,690,528.8676583040411
324,347,681,528.9243802284028
452,705,711,529.3061495958648
418,505,726,529.6413881108613
351,368,692,530.7212074149666
354,368,694,532.5758161989709
300,316,671,533.7059115280624
338,351,689,534.5811444486235
74,59,367,534.7457339708284
410,484,730,536.4596909367935
339,349,691,537.2196943523198
75,57,372,538.2230021097204
80,59,386,540.9805911490726
392,424,722,541.2328519223496
77,56,380,541.7757838811181
395,424,724,543.1620384378864
129,96,482,548.9672121356612
292,285,672,549.8254268401926
139,102,495,550.6813960903346
420,483,746,552.4237503945681
78,45,387,554.4844452281777
416,471,747,555.3602434456395
84,47,397,556.0656436069396
451,645,752,557.4836320467176
82,43,397,559.8080028009604
421,470,757,565.3830559894769
427,482,759,565.4255034927236
409,438,754,568.8207098902078
422,461,763,572.8917873385863
332,297,710,577.0615218501404
106,48,454,577.820906509967
396,382,748,578.3848199944393
434,477,772,579.0371317972622
430,467,771,579.6904346286905
435,477,773,580.0249994612301
335,294,712,580.235297099375
428,463,771,580.3938318073341
116,49,464,581.3948744184111
115,47,464,583.1775029954431
438,480,782,588.4666515614967
345,292,721,589.1230771239572
325,277,713,589.2953419126949
356,302,729,591.6637558613845
349,289,727,595.8296736484346
331,273,719,596.4872169627779
347,283,727,598.652653882032
343,278,726,600.1641442138975
341,275,726,601.614494506241
353,286,732,601.6518927087324
357,278,740,612.4712238138213
