37,274,87,3.605551275463989
36,262,66,27.459060435491963
47,292,119,33.54101966249684
59,323,129,60.959002616512684
58,320,133,61.5223536610881
62,325,132,64.4437739428721
64,321,144,70.43436661176133
33,217,128,71.56116265125938
63,316,153,74.94664769020693
35,220,138,75.16648189186454
68,322,150,75.8023746329889
34,215,135,77.20103626247513
25,201,72,77.87810988975015
30,206,127,80.52949770115296
21,198,64,82.86132994346639
32,206,136,85.14693182963201
20,188,78,89.67719888578144
13,167,94,110.11357772772621
10,164,93,113.07077429645558
6,162,83,115.15641536623133
12,161,101,116.61903789690601
9,158,99,119.41942890501528
7,157,93,120.06664815842908
28,177,157,120.9297316626478
83,350,187,122.20065466273084
85,351,188,123.60016181219181
5,149,102,128.65846260545786
51,243,215,130.50670480860362
2,146,84,131.0953851209111
4,146,94,131.0953851209111
50,240,217,133.24038426843418
46,228,213,133.33041663476493
3,143,95,134.13426109685773
52,241,220,135.85654198455074
41,219,215,138.70832707519762
27,160,166,140.06427096158393
1,139,62,140.61649974309557
40,215,217,142.22517358048822
0,136,62,143.56183336806478
90,405,157,144.9413674559475
95,424,122,150.65855435387664
53,227,236,155.2707313050338
42,206,228,156.0833110873805
24,138,161,156.54072952429985
23,135,161,159.21055241409096
19,131,153,159.4114174079134
18,130,152,159.93123522314207
22,133,161,160.99689437998487
103,428,145,161.0496817755316
61,245,248,162.18816233005415
60,243,248,162.5945878558078
105,430,145,162.92636373527768
48,206,238,165.05150711217394
107,414,187,168.44286865284622
49,206,242,168.67127793433
110,427,170,170.47287174210447
65,239,258,173.21951391226105
11,114,150,174.04022523543227
57,227,257,175.2826289168439
26,129,183,175.32826355154492
113,421,192,177.04519197086375
54,208,253,177.92414113885727
79,280,267,178.02527910383964
91,354,250,178.46568297574746
8,109,150,178.7316424139833
55,208,255,179.76929659983654
117,438,170,180.22763384120648
14,110,157,180.31361568112376
56,207,257,182.0
15,107,160,184.23083346714796
16,107,162,185.0108104949546
120,421,212,189.38056922503955
123,435,195,190.26297590440447
17,100,167,193.42440383777844
109,376,256,194.1391253714717
29,121,208,196.2065238466856
126,443,194,196.42046736529267
127,451,182,197.29419656948858
31,123,214,198.3456578803781
112,376,266,202.80532537386685
98,341,284,205.23401277566055
108,360,277,205.50669088864237
92,316,299,213.59073013593076
142,470,189,217.36835096213983
45,155,270,218.27734651126764
44,154,270,218.83783950679097
124,385,282,221.16283593768642
99,318,310,224.770994570029
97,316,311,225.39964507514205
119,361,302,228.96506283710622
118,357,304,229.40139493908924
88,283,319,230.07824755939012
121,359,305,231.0411218809327
162,470,219,232.69937687926884
122,362,306,233.05364189387817
104,316,321,235.25518060183074
130,385,304,240.6013300046365
76,197,318,242.5716389028198
133,392,305,244.70594598415462
43,124,283,247.07286374670934
125,341,335,254.18890613085378
81,202,336,258.13562326807977
179,520,185,261.27571643763605
111,296,352,263.68541863364385
39,87,278,267.9944029266283
182,535,162,268.1287004406652
184,546,130,272.10659675943174
186,547,131,273.2471408816568
187,546,139,273.6073829413234
73,143,334,279.25078334715556
66,128,329,282.4907078117792
67,128,331,284.1918366174511
195,515,265,296.00675667964066
197,520,263,298.8728826775691
86,161,365,299.38603841862766
128,297,388,299.6681497923995
140,322,389,303.35622624235026
93,206,385,304.39612349699854
134,307,392,304.48152653322006
131,297,393,304.6571843892738
94,205,387,306.5746238683169
200,583,121,307.66865293688926
147,322,394,308.3018001893599
114,239,397,310.3353025358217
203,567,200,310.517310306527
201,586,129,311.57824057530075
136,299,401,312.7746792820672
135,296,402,313.5761470520358
137,300,403,314.8412298286233
158,327,400,314.9936507296615
204,543,258,315.1459979120788
208,573,199,315.77840331472953
101,206,398,317.0520462006199
143,304,405,317.1513834117707
185,417,374,317.52952618614853
157,321,404,318.0581707801263
132,284,407,318.0770346944274
89,177,392,319.07522623983203
213,573,209,319.3994364428341
161,321,406,320.0390601161052
146,302,409,320.97507691408066
141,293,412,323.39604202896487
144,296,412,323.5583409526016
150,305,412,324.211350819184
212,534,291,326.8837713928301
100,192,405,327.23233336576016
138,281,417,328.0243893371345
159,307,416,328.37326322342386
160,308,416,328.4661321963042
214,534,294,328.7461026384952
102,190,407,329.6862144524699
145,287,419,330.15148038438355
163,307,418,330.3649497147057
221,604,150,332.6409475695979
222,602,160,332.6649966557949
223,603,165,334.7416914577567
71,71,353,334.8611652610676
70,70,353,335.47727195743084
151,288,425,336.1800113034682
170,314,424,337.0370899470858
168,301,427,338.85099970340946
72,68,357,339.8602654032978
152,283,429,340.05293705539435
69,61,352,340.3307215048327
164,294,429,340.42473470651333
156,285,430,341.09382873338535
148,277,431,342.0
155,283,431,342.0526275297414
149,276,432,343.0014577228499
224,614,156,343.5956926388921
153,279,433,344.0058139043583
210,485,363,344.0058139043583
87,133,402,344.53591975293375
225,579,257,345.5835644240044
226,617,155,346.3466471614818
165,282,438,349.03581478123414
166,284,438,349.07019351414124
229,617,172,349.9842853615002
167,283,439,350.051424793558
217,485,372,351.2164574731657
74,59,367,353.2817572420065
231,613,199,353.5477336937687
233,616,198,356.092684564005
234,628,159,357.91200035762984
75,57,372,358.4536232206337
238,631,159,360.85454133209964
237,642,97,365.08766070630213
77,56,380,365.40662281901785
154,245,454,366.4000545851488
176,307,455,367.22744995438455
80,59,386,368.41959774148825
96,111,428,377.4612562899668
78,45,387,377.6612238501591
227,497,399,380.13155617496426
84,47,397,384.4008324652797
244,658,144,384.94934731728017
205,390,457,384.9584393152071
228,486,414,386.4013457533501
82,43,397,386.8074456367147
230,487,414,386.9431482789171
169,230,474,387.85822151915255
243,585,326,388.6296437483893
252,666,139,392.20020397750943
255,667,138,393.0661521932409
257,640,240,393.15391388106514
258,653,204,393.19333666785354
253,596,325,396.80851805373334
241,496,422,398.55990766759265
262,669,166,399.49092605464773
242,507,418,401.4237162899073
261,600,332,404.2004453238517
263,606,327,406.06034034364893
264,605,330,407.0196555450363
245,539,403,408.9498746790369
235,457,457,409.66327636242914
236,456,458,410.1243713801949
269,611,328,410.7030557470933
272,687,132,412.24871133819204
239,458,460,412.79777131181316
270,615,326,412.81109481214287
276,689,132,414.23785437837523
277,614,336,417.8253223537319
194,269,509,420.07618356674305
193,266,509,420.14402292547254
279,644,294,420.37364332222353
271,587,375,421.7771923658272
199,297,512,423.4725492874361
196,268,514,425.0952834365491
174,204,508,425.3116504400038
219,350,509,426.2968449331991
173,201,509,426.82080549101636
198,272,516,427.029273001278
171,168,502,427.1416626834709
177,204,511,428.2674398083515
220,348,512,428.9172414347551
172,166,504,429.5881748838066
285,682,233,429.8383417053439
106,48,454,430.88977708922266
202,298,521,432.5101154886438
129,96,482,432.67770915544054
209,308,522,434.1082814229648
288,683,243,434.225747739583
251,490,468,434.752803326212
207,300,524,435.6076216045812
290,687,238,436.23502839639093
216,314,524,436.57072737415643
286,714,112,437.6048445801303
175,185,518,438.7539173614294
116,49,464,438.8724188189547
178,185,519,439.73173640300286
115,47,464,439.9147644714826
293,693,234,440.5462518283409
139,102,495,442.1097148898676
183,197,524,442.2951503238533
294,692,245,443.3520046193544
249,462,493,444.3433357213766
218,307,533,445.01235937892784
181,183,524,445.0404475999906
215,295,534,445.36389615683936
254,467,492,445.54348833755836
180,167,528,452.57154130590226
256,453,506,452.62014979450487
192,204,536,452.92162677443434
299,673,309,453.00772620342804
265,478,496,453.9273069556402
190,198,537,454.91207941755073
289,591,421,456.9682702332844
188,180,536,457.40354174404905
206,255,546,457.5292340386568
189,184,538,458.53026072441503
291,589,426,459.25265377567496
191,190,540,459.31470692761405
282,534,474,462.8973968386515
314,725,210,464.05279872014563
268,455,518,464.4620544242554
316,717,241,465.51476883123695
273,474,511,465.7177256665243
274,475,511,466.14160938495934
313,737,165,466.235991746669
315,738,164,467.0610238502031
295,597,430,467.63340342623087
275,473,514,468.01816204074817
297,598,431,469.046905969968
278,492,506,469.16308465180845
318,741,164,470.0223398946054
306,629,401,470.3700670748512
280,491,509,471.37670710377705
301,613,422,473.05919291352956
304,611,426,474.4733922992943
284,508,507,477.582453614033
266,415,550,481.21201148766016
310,600,446,481.43327678921406
311,600,448,482.9182125370713
317,626,423,483.0703882458539
232,295,574,485.3339056773182
322,631,422,486.00925917105735
240,301,576,487.59101714449173
302,570,479,487.8001640016125
307,569,482,489.60494278550743
326,638,421,490.4538714293119
348,749,224,490.92667476925715
211,199,574,491.2321243567037
298,536,507,491.7367181734551
246,344,580,495.5501992734944
247,345,580,495.68639279286253
327,616,453,497.41029341982863
330,621,451,499.3796151226039
333,621,453,500.8313089254704
320,578,491,502.2001592990588
346,648,430,503.9067374028651
287,452,563,505.27319343103886
363,719,338,507.3115413628986
281,403,582,508.84673527497455
364,730,326,511.2514058660377
365,732,323,511.6453850080151
283,413,583,512.3787661486374
366,724,344,514.62024833852
308,504,551,514.7552816630442
367,722,350,515.8933998414789
371,735,327,516.1472658069594
358,651,447,517.7257961508196
321,534,539,518.2171359575058
360,651,449,519.1107781581885
373,725,352,519.4930220898063
361,648,454,520.447884038354
370,699,396,521.8553439412113
248,283,614,525.0342845948253
259,299,615,526.4598750142312
379,780,245,526.6355476038434
260,299,616,527.4590031462161
362,623,491,530.3960784168752
334,530,557,532.0084585793726
296,429,599,532.1691460428724
376,700,413,532.8273641621646
267,299,622,533.4538405523012
381,737,360,533.8923112388865
378,700,416,534.6568993289061
250,266,624,535.1130721632578
385,756,330,536.2107794515139
305,418,617,546.5025160051873
390,753,363,549.228549877007
391,754,364,550.5942244520915
394,756,363,551.8305899458637
375,602,543,558.337711425621
389,677,479,558.6591089385369
397,720,433,560.8787747811465
328,442,626,561.7775360407356
387,652,508,562.3041881401916
352,494,608,562.5388875446746
344,470,618,563.1074497820109
355,501,607,564.3580423808985
359,510,604,565.2556943543337
337,443,631,566.850950427006
382,611,549,568.4681169599576
340,450,631,568.9402429078119
309,353,659,575.0443461160191
303,346,660,575.1538924496643
312,351,664,579.7421840784057
399,681,508,582.045530865069
398,679,510,582.1039426081909
372,507,624,582.3443998185267
292,285,672,583.0548859241297
300,316,671,583.3052374186263
368,492,634,585.8754133772811
384,554,608,588.2941441149997
319,350,673,588.5448156257942
400,680,521,590.7901488684455
369,470,651,594.2162905878633
323,350,679,594.4989486954539
329,360,678,594.8193002921139
374,485,647,595.5065071013079
324,347,681,596.1241481436564
405,712,497,596.3966800712425
408,726,482,596.6992542311411
380,511,638,596.7889074036145
336,363,680,597.2244134326727
406,714,497,597.8570063150553
377,492,647,597.987458062458
386,517,643,603.7516045527333
342,361,687,603.8708471188189
338,351,689,604.5461107310177
403,656,561,605.3304882458838
339,349,691,606.2903594813297
383,499,654,607.049421381818
423,790,415,607.8198746339248
350,368,690,607.8503105206083
351,368,692,609.8278445594298
354,368,694,611.8055246563241
402,620,596,612.1258040631844
393,528,650,614.5909208571178
388,490,666,615.0593467300533
429,800,415,616.283214115069
404,625,600,618.2434795450737
431,803,416,619.358539135451
407,634,596,620.0790272215309
332,297,710,621.3219777216963
335,294,712,623.2318990552393
401,577,636,623.8661715464303
325,277,713,624.0
424,700,553,627.873394881484
412,647,597,628.4616137840083
432,763,488,628.8060114216466
331,273,719,630.012698284725
413,641,604,630.6512506924885
433,763,491,630.7138812488591
345,292,721,632.1779812679338
411,631,613,632.3701447728221
415,627,621,636.8076632704729
343,278,726,637.0007849288728
341,275,726,637.0031397096877
347,283,727,638.0282125423608
349,289,727,638.112842685367
419,638,618,640.4389119970772
356,302,729,640.4880951274582
353,286,732,643.0629829184696
392,424,722,649.8445968075753
357,278,740,651.0007680487021
395,424,724,651.7929118976364
396,382,748,667.3125204879644
426,568,695,672.247722197703
414,505,722,672.8097799526996
410,484,730,673.5948337094043
417,506,724,675.030369687172
418,505,726,676.5744600559498
425,542,714,678.8593374182902
409,438,754,684.2119554640944
416,471,747,686.0029154456998
443,702,628,686.4007575753395
446,722,614,688.2223477917584
420,483,746,688.5383068500983
436,550,723,690.2789291293774
437,552,723,691.0723551119665
447,704,635,693.1413997158155
439,587,710,694.0756442924647
448,710,632,694.505579531223
421,470,757,695.3222274600461
442,661,669,695.5975848146685
444,675,660,696.0208330215411
441,649,679,697.484049996844
422,461,763,698.6644402000147
445,675,665,700.1285596231595
427,482,759,700.6604027629933
440,598,717,705.2836308890204
428,463,771,706.9087635614655
430,467,771,707.9717508488598
449,670,681,710.5723045545752
434,477,772,711.680405800244
435,477,773,712.6401616524289
438,480,782,722.1204885612926
450,724,658,723.581370683353
452,705,711,755.028476284173
451,645,752,758.2829287277935
