100,207,399,18.35755975068582
90,177,392,21.2602916254693
94,202,388,22.825424421026653
93,206,385,27.459060435491963
114,239,397,49.24428900898052
86,161,365,52.43090691567332
88,133,402,58.309518948453004
153,245,455,71.58910531638176
80,203,337,72.00694410957877
165,230,475,77.52418977325722
96,111,428,82.46211251235322
146,275,431,87.09190547921202
72,143,334,88.20430828479978
147,276,432,88.32326986700618
137,281,418,90.55385138137417
74,198,317,91.26883367283708
150,279,433,91.48223871331527
131,284,407,93.00537618869137
149,283,429,94.36630754670864
151,283,431,94.83142938920619
160,282,438,95.81753492967766
142,287,419,96.62815324738438
163,283,439,97.082439194738
162,284,438,97.71898484941399
166,168,503,97.74456506629922
167,166,504,99.20181449953424
152,289,427,99.82484660644363
63,128,330,100.26464980241042
168,201,508,100.4987562112089
169,205,508,100.9752444909147
140,294,412,103.07764064044152
130,295,394,104.93807697875924
141,296,412,105.07616285342742
135,296,403,105.11898020814318
161,294,430,105.32331175955302
134,297,402,106.16967551989597
127,297,388,107.8702924812944
136,300,403,109.1146186356347
170,185,518,110.16351483136329
144,302,409,111.00450441310929
172,185,519,111.16204388189342
164,301,429,111.9866063420086
176,197,521,113.1591799192624
143,305,406,114.0175425099138
148,305,412,114.0701538527936
154,307,416,116.27553482998907
175,183,524,116.27553482998907
158,307,418,116.43023662262307
133,307,392,117.09824934643558
157,308,416,117.27318534089538
132,309,390,119.36498649101419
128,96,482,120.42009799032718
110,296,349,120.44085685513866
173,167,528,122.37646832622684
138,105,496,123.0447073221762
171,307,455,125.15989773086265
89,283,320,127.31064370271639
184,269,509,127.61269529321916
182,180,536,128.47178678604885
159,321,408,130.0
183,190,538,130.00384609695206
71,71,357,130.3878828726044
186,268,514,131.01526628603247
145,322,394,131.7459676802292
69,71,353,132.00378782444085
68,70,353,132.9135057095403
70,68,357,133.15404612703287
78,59,386,133.82077566656082
156,327,401,136.1800279042415
55,72,341,136.56500283747664
76,56,382,137.48090776540573
73,59,368,137.92751719653333
84,53,397,138.43771162512041
75,57,372,138.7515765676196
53,70,339,139.29106216839614
52,71,336,139.9428454762872
66,62,352,140.63072210580447
41,155,270,142.61837188805654
40,154,270,142.87407042567241
85,47,398,144.34680460612904
77,46,388,146.37281168304446
83,44,398,147.33974345029924
188,297,512,148.49915824677257
87,41,402,150.11995203836165
51,207,258,150.8509197850646
102,315,321,151.47607071745688
108,47,455,151.47607071745688
50,208,257,151.95394038984313
116,50,465,152.0855022676389
193,255,546,152.11837495845134
54,228,258,154.49595463959565
115,47,465,154.8709139896837
49,209,254,155.04837954651444
191,298,521,155.62133529821674
99,316,313,157.00318468107582
62,239,258,157.49285698088025
98,317,311,159.0125781188394
195,300,524,159.17600321656528
197,308,522,163.35544068074378
204,296,535,164.78470802838473
36,87,280,164.92422502470643
79,280,269,165.05150711217394
124,340,336,165.4841382127
200,203,574,166.43316977093238
44,206,242,166.67633305301626
95,319,300,167.47537132366656
58,244,248,168.5496959356498
59,245,248,168.86681142249356
205,315,524,169.799882214329
207,307,533,170.53152201279386
48,227,237,174.7483905505284
39,207,230,178.71765441612084
210,348,512,188.32153355365392
209,350,509,188.36666371733614
104,344,292,192.00260414900626
47,241,221,193.56910910576616
37,215,215,194.48650338776724
38,219,215,195.020511741714
216,295,574,195.88772294352702
117,357,303,196.42046736529267
45,240,217,197.18519214180358
42,227,214,197.3119357768303
120,360,306,197.39554199626699
46,243,216,198.9170681465017
221,301,576,200.80836635957178
121,363,303,201.51674868357716
31,122,216,204.02205763103166
194,392,458,207.12556578076016
28,121,209,210.95260131128984
105,358,277,212.24985276791125
129,384,307,217.83020910791964
92,354,251,226.31394124092313
229,265,622,226.43321311150447
232,283,616,227.437903613272
178,417,372,228.84929538890873
227,344,580,230.20208513391012
228,344,581,230.9502110845539
123,385,282,231.32660893204655
25,129,184,232.42202993692314
112,376,266,233.21449354617735
242,299,615,233.48019187931126
244,299,616,234.36723320464404
109,376,256,239.4347510283334
253,299,623,240.6013300046365
26,160,166,243.97745797511703
27,177,159,249.39326374222702
24,138,162,251.6445906432324
22,134,162,252.5173261382276
21,135,161,253.26863208853953
15,100,167,257.6082296822056
16,109,162,259.3067681338071
14,106,162,260.2710126003278
18,131,153,261.9637379485947
17,129,152,263.4008352302627
13,110,157,263.74609001841145
249,414,550,264.372842780797
211,459,421,268.31511325305553
10,114,150,269.2452413692766
218,456,458,269.675731203236
217,457,457,270.4755072090632
7,109,150,270.7175650008695
82,350,188,271.44244325455077
34,220,138,271.55294143131647
222,458,461,272.20947815974375
81,350,187,272.2535582871232
30,206,136,272.4132889563209
33,215,135,274.05291459862275
265,403,582,274.2626478396211
275,285,672,280.2356151526783
32,217,128,281.2045518834999
29,206,127,281.40007107319644
267,412,583,281.89714436297504
240,455,507,281.95212359547855
60,316,153,283.98943642325855
230,462,493,284.0176050881353
251,455,518,286.0
234,467,492,288.4995667241114
65,322,150,289.35272592460575
282,316,671,291.1940933466886
61,321,144,294.27198303610214
285,346,660,295.8530040408581
214,487,417,296.13679271579883
208,486,380,296.3258341758275
206,486,372,297.18849237478895
199,486,364,298.2633064927699
250,478,496,300.18827425467504
293,353,661,300.42137074449283
294,347,665,300.6409819036653
119,421,214,300.892007205243
256,474,511,301.16108646370634
260,473,514,301.2640038238887
259,475,511,302.1009764962702
56,321,135,302.3722870899382
296,350,666,303.0594001181947
270,452,563,303.55559622579847
277,429,599,305.16389039334257
67,331,135,306.80449801135575
57,323,131,306.843608374038
64,328,133,307.23606559126483
43,293,118,307.41502891042916
237,493,468,307.9025819963191
11,161,101,308.4623153644542
287,418,617,308.5611770783875
4,149,102,308.86890422961
8,158,99,310.75713990188547
302,350,675,310.75713990188547
107,414,187,313.9585959963511
304,347,681,314.42805218364344
12,167,94,314.91586177898375
306,350,680,315.06348566598444
2,143,96,315.67071451118176
9,164,93,316.1550252645053
6,157,93,316.8296072023573
263,492,507,316.8627463113958
266,491,510,316.86590223626143
305,277,713,316.89272632864265
309,345,685,316.93059177050105
113,422,191,316.9384798348096
3,146,94,317.2081335653296
225,509,441,319.70767898190996
312,361,679,319.90779921721196
313,297,710,320.0624938976762
311,274,719,321.8850726579286
122,435,197,322.57867257461396
231,512,441,322.69180342859653
316,364,681,323.199628712658
317,351,689,323.35893369443187
318,349,691,324.11880537852164
5,162,84,325.2952505032928
233,515,441,325.6762195801222
320,361,687,326.712411763006
319,275,726,328.9072817679779
19,190,79,329.0015197533288
125,443,196,329.3144394040444
91,405,157,329.84390247509504
322,280,726,330.2196238868914
243,521,443,331.85087012090236
324,285,727,332.56127254988667
111,426,172,333.0480445821593
268,509,507,333.0540496676178
23,200,75,333.12159941979144
325,289,727,333.7139493638227
235,524,431,333.79334924470857
328,368,694,336.34060117684277
327,286,731,336.68085778671764
329,368,695,337.19134033957636
246,527,439,337.42702914852566
155,470,218,337.55147755564633
331,303,729,339.9779404608481
20,199,67,341.09382873338535
118,438,170,343.0058308542291
126,451,184,343.1850812608264
332,278,740,343.20984834354624
291,505,552,345.44464100634127
226,539,404,348.0229877464993
321,470,618,349.2005154635371
0,136,63,349.35655139126845
35,260,65,349.87140494758927
1,138,62,350.03571246374275
103,428,147,352.5478690901421
106,430,147,353.8954647915116
139,470,190,354.0692022754874
185,515,265,354.1539213392956
280,536,507,358.9233901545008
187,520,263,359.53581184633055
203,535,296,361.77340974704043
202,535,292,363.0316790584535
326,494,608,363.05509223807894
97,425,127,365.6733515037704
301,534,539,367.16481312892716
340,468,650,367.8219678050782
330,502,606,368.6800781165155
314,530,557,370.2998784768907
341,490,634,374.80261471873433
334,511,604,375.2545802518605
347,485,647,378.88916585196785
192,543,260,381.8481373530582
343,507,624,382.76885975742596
350,492,647,384.3461981079038
288,569,482,385.1752847730498
289,571,480,386.76090805561
370,382,748,389.975640264876
364,424,721,390.2025115244647
368,424,723,391.8086267554608
354,511,638,394.0812099047606
356,499,654,394.1826987578222
362,490,666,394.9240433298535
300,578,491,395.80045477487766
174,521,187,397.1662120573703
257,588,375,398.36917551437136
273,589,426,398.4068272507388
272,591,421,400.21119424623794
359,516,645,402.2362489880791
223,585,327,402.2399781225133
278,597,432,406.70874099286334
279,598,431,407.64935913110423
290,599,447,409.8597321035576
292,599,449,410.05487437658877
357,554,608,414.45023826751503
236,597,324,414.59860105890374
367,528,650,414.889141819836
245,600,332,416.0012019213406
212,579,257,416.3472108709268
283,611,423,420.267771783657
286,611,426,420.3855373344806
252,606,331,422.08293024001813
177,536,164,422.5647879319809
248,606,327,422.8309354813103
307,616,453,427.375712927162
254,611,328,427.551166528639
262,614,337,428.9172414347551
201,573,210,430.2650346007679
255,615,327,431.6676962664684
310,621,451,432.1446517081983
348,602,543,432.60374478268216
196,571,200,433.2020313895123
315,622,454,433.44780539299074
198,574,200,435.83597832212064
380,485,731,436.76652802155064
284,628,400,437.0732204104937
336,624,490,440.69604037249985
386,472,748,441.09069362207134
303,632,423,441.2550282999617
181,545,140,444.00450448165503
358,612,551,444.6234361794259
385,505,725,446.1894216585597
308,638,422,447.21918563496354
390,470,758,447.5946827208742
389,484,747,448.0736546595883
375,580,634,449.8855409990412
179,546,130,450.8979928986156
180,547,131,451.07094785632114
395,465,771,454.80215478821117
396,467,771,456.00986831427235
394,482,760,456.71106840101874
323,649,431,458.57714727186305
335,648,455,459.4104918262098
333,651,449,461.82355938171884
399,477,773,463.7035691042285
392,541,713,464.24670165764235
400,477,774,464.49111939842294
264,645,292,468.5851043300459
376,622,596,470.2180345329175
215,614,201,470.93311627024065
361,652,508,471.7213160331002
403,480,782,472.6489183315667
393,568,695,473.81219908313886
219,618,198,475.8455631820055
241,640,240,479.40066750057827
401,557,719,480.28845499345493
378,634,596,481.2411038138783
190,585,131,481.62744938385725
402,559,719,481.814279572534
384,627,621,485.24735960126566
381,631,613,485.41219597368996
189,585,123,486.2725573173958
213,617,171,487.48846140190847
377,656,561,489.52425884730167
383,641,604,490.83194680053174
363,677,479,491.158833779868
387,639,611,491.84652077655284
281,673,309,492.0619879649311
382,647,597,493.61624770665725
388,638,618,493.8714407616622
404,587,710,498.01606399793974
373,680,512,499.9369960304998
372,681,508,500.0999900019995
374,680,523,502.3405219569689
344,700,398,509.09822235006874
351,701,414,510.03529289648185
352,701,417,510.07940558309156
405,599,719,513.0155943048906
271,683,243,518.9306312022832
274,688,240,524.6265338314486
391,700,553,529.2504133205755
371,720,433,529.5904077681166
276,695,234,533.1903975129335
337,720,338,533.6112817398073
247,669,168,534.8682080662488
224,658,144,536.4559627779339
406,661,669,537.6067335887824
345,727,350,539.1289270666155
379,726,482,540.093510422038
349,731,353,542.7936993002038
346,731,346,543.547606010734
338,730,326,545.2017975025394
239,668,143,545.668397472311
408,675,660,545.6738952891186
238,668,142,546.1547399776001
220,643,99,547.5262550782383
409,675,665,548.0009124079995
339,733,324,548.4706008529537
355,738,361,549.015482477498
342,735,327,549.9972727205109
407,702,628,556.3461152915512
411,704,635,560.9795005167301
365,754,364,564.7167431553628
412,710,632,565.2760387633638
366,755,364,565.7137085134141
258,687,134,566.6498036706622
369,756,363,566.7892024377317
295,723,211,567.3032698654222
261,689,134,568.4012667121705
410,722,614,569.5586010236348
360,758,331,572.2045088952026
413,688,693,572.9170969695354
397,763,492,578.1349323471122
398,765,489,579.6869845011184
414,724,658,588.7180989234151
415,705,711,596.6615456018596
297,737,165,597.6328304234968
298,738,164,598.9532536016479
269,714,114,599.9708326243868
299,741,166,600.8860124848972
353,781,246,611.8365794883467
