145,322,394,8.602325267042627
159,321,408,9.219544457292887
132,309,390,21.095023109728988
133,307,392,21.93171219946131
143,305,406,22.561028345356956
157,308,416,24.20743687382041
148,305,412,24.596747752497688
154,307,416,25.0
144,302,409,26.248809496813376
158,307,418,26.248809496813376
136,300,403,27.073972741361768
134,297,402,30.01666203960727
135,296,403,31.064449134018133
127,297,388,32.69556544854363
130,295,394,32.7566787083184
141,296,412,32.89376840679705
140,294,412,34.785054261852174
164,301,429,38.2099463490856
131,284,407,43.41658669218482
142,287,419,43.86342439892262
161,294,430,43.93176527297759
152,289,427,46.04345773288535
137,281,418,49.040799340956916
149,283,429,52.15361924162119
151,283,431,53.25410782277739
162,284,438,56.72741841473134
171,307,455,57.584720195551874
150,279,433,57.688820407423826
163,283,439,58.137767414994535
160,282,438,58.25804665451803
147,276,432,59.682493245507096
146,275,431,60.03332407921454
110,296,349,60.53924347066124
124,340,336,66.2872536767062
102,315,321,80.89499366462674
194,392,458,86.45229898620394
114,239,397,88.09086218218096
99,316,313,88.68483523128404
98,317,311,90.55385138137417
89,283,320,92.17917335276988
178,417,372,94.5568612000208
153,245,455,98.18350166906862
120,360,306,100.56838469419701
95,319,300,101.31633629380802
117,357,303,102.48902380255166
121,363,303,104.4030650891055
129,384,307,109.9317970379817
104,344,292,110.3177229641729
209,350,509,110.42191811411355
210,348,512,112.96902230257638
188,297,512,114.9826073804208
100,207,399,120.01666550941998
165,230,475,122.00409829181969
93,206,385,122.05326705991938
197,308,522,122.48265183282079
184,269,509,122.58874336577564
191,298,521,123.45444503945575
205,315,524,123.58397954427588
94,202,388,125.67418191498204
195,300,524,125.92855117089213
186,268,514,127.47548783981962
105,358,277,127.81627439414747
123,385,282,132.38202294873727
207,307,533,133.5065541462291
211,459,421,133.5065541462291
101,191,408,136.1800279042415
204,296,535,137.53908535394584
80,203,337,139.54210834009928
79,280,269,140.11780757633915
218,456,458,141.0319112825179
217,457,457,141.54857823376398
112,376,266,143.6175476743702
222,458,461,144.08677940741129
90,177,392,150.26975743641833
92,354,251,152.41062955056645
109,376,256,153.05554547287727
74,198,317,153.93829932800998
208,486,380,160.3807968554839
214,487,417,160.79800993793424
206,486,372,161.62301816263673
193,255,546,161.8919392681427
169,205,508,162.27445886522005
199,486,364,163.24827717314508
230,462,493,163.36768346279504
168,201,508,165.3027525481654
240,455,507,166.19265928433782
234,467,492,166.97604618627187
62,239,258,167.90771274721124
86,161,365,169.85876486069242
249,414,550,172.53985046939155
251,455,518,173.4156855650607
59,245,248,173.5885940953495
54,228,258,173.92527130926086
58,244,248,174.06320691059327
216,295,574,175.93464695732902
176,197,521,176.91806012954132
221,301,576,176.92088627406318
250,478,496,178.39843048636948
237,493,468,179.0111728356641
227,344,580,179.8054504179448
228,344,581,180.8009955724802
256,474,511,183.60010893242955
170,185,518,183.99184764548673
259,475,511,184.40173534975207
260,473,514,184.6212338816963
172,185,519,184.62935844550833
225,509,441,186.34376834227646
51,207,258,186.67886864881092
50,208,257,186.80738743422327
49,209,254,188.50198937942272
166,168,503,188.904737897174
231,512,441,189.274932307477
175,183,524,189.38056922503955
167,166,504,191.12822920751398
48,227,237,192.0833152566875
233,515,441,192.2082204277434
183,190,538,193.74725804511402
88,133,402,194.0025773024678
72,143,334,195.8187937865005
263,492,507,196.1147623204332
265,403,582,196.30843079195554
266,491,510,196.91876497682998
243,521,443,198.4943324127921
235,524,431,199.27117202445515
47,241,221,199.48934808655824
182,180,536,199.58456854175876
44,206,242,199.80490484470096
267,412,583,200.8706051168264
46,243,216,203.1772625073977
45,240,217,203.5313243704762
246,527,439,203.57799488156869
173,167,528,204.27677303110113
270,452,563,204.6191584383046
39,207,230,208.90428430264421
119,421,214,209.29644048573783
268,509,507,210.61813787041228
63,128,330,211.28653530218153
226,539,404,212.02122535255756
42,227,214,212.05895406702354
200,203,574,212.8497122384712
82,350,188,214.23818520515897
38,219,215,215.08137994721903
81,350,187,215.23243250030885
242,299,615,215.82400237230334
41,155,270,216.20592036297248
244,299,616,216.8155898453799
40,154,270,217.00230413523263
37,215,215,217.1174797200815
96,111,428,217.68095920406083
232,283,616,219.45614596087302
277,429,599,222.72853431924702
253,299,623,223.75879870968203
229,265,622,229.53213282675696
113,422,191,230.4886114323222
122,435,197,230.82460874005614
107,414,187,231.00865784641059
185,515,265,232.03448019637082
155,470,218,232.24555969921147
203,535,296,233.0
291,505,552,233.42022191746798
280,536,507,234.3437645852776
287,418,617,234.38643305447522
202,535,292,234.8297255459794
125,443,196,235.54405108174564
187,520,263,237.26145915424192
138,105,496,241.47256572952548
128,96,482,244.78970566590417
60,316,153,248.2438317461282
301,534,539,248.78303800701525
111,426,172,249.48346638605133
126,451,184,249.92999019725505
65,322,150,251.04979585731593
139,470,190,254.8921340488953
288,569,482,255.1960031034969
314,530,557,256.0175775215444
91,405,157,256.1640099623677
118,438,170,256.28499761008254
289,571,480,256.47027118167125
61,321,144,257.07002936943076
192,543,260,257.9476691113917
285,346,660,259.6959760951255
71,71,357,259.7537295208675
321,470,618,259.8807418798092
69,71,353,260.4611295375953
293,353,661,261.29676614914314
68,70,353,261.444066675838
55,72,341,261.9637379485947
257,588,375,262.29182221335077
70,68,357,262.71086768537003
273,589,426,263.1900454044567
52,71,336,264.1230773711377
53,70,339,264.372842780797
272,591,421,264.7564918939666
294,347,665,264.7564918939666
326,494,608,265.9661632614194
296,350,666,265.9962405749375
67,331,135,266.03007348794233
56,321,135,266.0676605677586
300,578,491,266.6477076593759
64,328,133,268.00186566514793
223,585,327,268.4026825499328
78,59,386,268.41944787961995
36,87,280,268.7768591229535
66,62,352,269.4921149124775
330,502,606,269.5366394388711
73,59,368,270.0240730009086
57,323,131,270.0296280040396
282,316,671,270.22398117117586
75,57,372,271.55294143131647
76,56,382,271.66523517005265
278,597,432,271.773803005367
279,598,431,272.6554602424092
103,428,147,273.34410547879025
334,511,604,273.97992627198073
84,53,397,274.02919552485645
106,430,147,274.0894014733149
275,285,672,274.23530042647684
302,350,675,274.96363395911106
290,599,447,275.86228448267445
31,122,216,276.1340254296815
292,599,449,276.2028240261131
306,350,680,279.94642344563005
85,47,398,280.0160709673643
312,361,679,280.07141946296485
304,347,681,280.713376952364
236,597,324,280.7650263120391
77,46,388,281.30055101261354
245,600,332,281.58480072617556
28,121,209,281.60255680657446
316,364,681,282.4340631014609
83,44,398,283.01590061337544
34,220,138,283.9330907097656
116,50,465,284.29737951659
341,490,634,284.35541141325234
309,345,685,284.5698508275253
27,177,159,284.7174037532655
283,611,423,284.85083815920217
43,293,118,285.0350855596553
286,611,426,285.0982286861846
108,47,455,285.1596044323249
87,41,402,286.00174824640493
340,468,650,286.1503101518501
343,507,624,286.58157651879856
115,47,465,287.22116913625985
252,606,331,287.6473535424931
320,361,687,288.01388855400705
26,160,166,288.294987816299
33,215,135,288.61739379323626
248,606,327,288.6468430452687
174,521,187,288.84597971929605
317,351,689,288.99826989101507
212,579,257,290.24127893874777
318,349,691,290.83328557783756
97,425,127,290.99828178186897
30,206,136,291.3176959952828
347,485,647,292.3696290656743
254,611,328,293.2319900692965
307,616,453,293.64093720052045
25,129,184,293.7567020512043
262,614,337,294.0493155917898
32,217,128,294.3280482726714
328,368,694,295.85469406450187
350,492,647,296.2110733919311
329,368,695,296.8450774393943
255,615,327,297.3550066839299
310,621,451,298.2213942694253
29,206,127,299.5279619668254
315,622,454,299.7232056414718
354,511,638,300.04166377354994
284,628,400,301.0016611249845
24,138,162,304.69985231371544
303,632,423,305.7924132479418
356,499,654,305.92973049378514
22,134,162,307.19700519373555
357,554,608,307.21002587806277
21,135,161,307.34996339677673
359,516,645,308.6373276193273
348,602,543,309.4979806073054
336,624,490,310.0483833210552
313,297,710,310.4528949776439
362,490,666,311.1173412074615
201,573,210,311.4434138009664
308,638,422,311.7081968765018
305,277,713,315.9810120877519
177,536,164,315.9905061864992
18,131,153,316.10124960208555
196,571,200,316.12813857674865
17,129,152,318.1273329973393
198,574,200,318.4493680320311
367,528,650,320.00312498474136
358,612,551,322.0636583037583
311,274,719,322.38641410580567
323,649,431,323.39449593337235
16,109,162,323.488794241779
335,648,455,325.5103684984551
14,106,162,325.51804865475583
15,100,167,326.01380338875225
13,110,157,326.5348373451139
333,651,449,327.53625753494833
325,289,727,328.20725159569525
322,280,726,328.380876422486
324,285,727,328.69438693108225
331,303,729,328.87687665751145
319,275,726,329.13371143047624
10,114,150,329.1959902550455
7,109,150,332.4530041975858
327,286,731,332.53721596236414
364,424,721,334.37852801877096
264,645,292,336.1621632486321
368,424,723,336.29302698688235
181,545,140,340.06617003165724
361,652,508,342.1607809203153
332,278,740,342.52299192900904
35,260,65,342.6149442158062
11,161,101,342.8644046850008
375,580,634,343.9447630070852
8,158,99,346.07080200444534
12,167,94,346.19214318063314
4,149,102,347.9727000786125
180,547,131,348.28149534536
179,546,130,348.427897849756
9,164,93,348.47238054112694
215,614,201,349.81280708401744
23,200,75,349.86425939212484
19,190,79,349.93285070138813
370,382,748,351.33175205210244
6,157,93,351.80108015752313
241,640,240,351.98011307458836
376,622,596,353.62409420173844
219,618,198,354.80980820715763
2,143,96,356.2035934686791
3,146,94,356.384623686264
5,162,84,357.37095573087635
20,199,67,357.6870140220357
281,673,309,358.0223456713282
363,677,479,358.586112391431
378,634,596,363.69492710237245
377,656,561,365.8428624423333
380,485,731,365.8742953529258
385,505,725,369.67553340733815
372,681,508,369.8175225702536
373,680,512,370.04053831979
213,617,171,370.1351104664349
381,631,613,370.62110031675206
384,627,621,372.0215047547655
344,700,398,373.0120641480648
190,585,131,373.44879167029046
374,680,523,373.48761692993247
383,641,604,373.90506816570434
351,701,414,374.22586762542215
352,701,417,374.34208953843273
382,647,597,375.2545802518605
386,472,748,376.07711975072345
387,639,611,376.09041466115565
392,541,713,378.33847279915904
388,638,618,379.22288960451743
189,585,123,379.27298875612007
389,484,747,379.95394457749745
393,568,695,380.1539161971109
390,470,758,384.5750901969601
1,138,62,388.12626811387037
0,136,63,388.2331773560833
271,683,243,389.48684188300894
394,482,760,391.0319680026174
401,557,719,392.4589150471677
402,559,719,393.6343480947769
371,720,433,394.30064671516834
395,465,771,394.8974550437113
274,688,240,395.27458810300465
396,467,771,395.60080889704966
337,720,338,398.0175875511031
399,477,773,401.10347792059844
400,477,774,402.031093324882
391,700,553,402.7815785261287
345,727,350,403.2381430370892
404,587,710,403.832886228945
276,695,234,404.120031673759
349,731,353,406.8414924758781
379,726,482,407.1387969722365
346,731,346,407.72662410002124
338,730,326,409.91950429322094
403,480,782,410.5727706509529
355,738,361,412.9418845309834
339,733,324,413.23722000807237
247,669,168,413.8272586478566
342,735,327,414.6564843337193
405,599,719,418.4590780470654
224,658,144,419.0584684742691
239,668,143,427.6037885706814
238,668,142,428.20789343495295
406,661,669,428.2289107475113
365,754,364,428.6000466635532
366,755,364,429.5963221444057
369,756,363,430.6796953653608
408,675,660,433.8029506584758
360,758,331,436.64745504812004
409,675,665,436.8065933568311
220,643,99,437.10410659246844
407,702,628,438.353738435068
295,723,211,439.22203951987655
411,704,635,443.71725231277634
397,763,492,445.3953300159309
398,765,489,446.75272802748503
412,710,632,447.2694937059759
258,687,134,448.20642565675024
410,722,614,448.7694285487816
261,689,134,449.81440617214565
413,688,693,464.31131797534294
414,724,658,472.92494119045995
297,737,165,473.07081922266144
298,738,164,474.43650787012587
299,741,166,476.04726656079015
353,781,246,479.73013247032964
269,714,114,481.80701530799655
415,705,711,488.8598981303335
