99,316,313,2.23606797749979
102,315,321,10.198039027185569
95,319,300,11.180339887498949
104,344,292,33.015148038438355
124,340,336,33.97057550292606
89,283,320,35.17101079013795
117,357,303,40.792156108742276
120,360,306,43.289721643826724
110,296,349,43.41658669218482
121,363,303,46.69047011971501
105,358,277,53.2634959423431
79,280,269,55.97320787662612
129,384,307,67.11929677819934
92,354,251,70.49113419430843
123,385,282,73.92563831310488
112,376,266,74.2024258363566
132,309,390,79.40403012442127
127,297,388,79.55501241279521
109,376,256,80.65977932030313
133,307,392,81.61494961096282
145,322,394,83.15046602394962
130,295,394,85.86617494683223
156,327,401,90.55385138137417
134,297,402,93.17188417113823
136,300,403,93.55746896961247
62,239,258,94.30270409696638
135,296,403,94.36630754670864
59,245,248,95.67131231461184
143,305,406,95.75489543621255
58,244,248,96.42613753542138
159,321,408,97.082439194738
144,302,409,99.14131328563285
131,284,407,101.51354589413178
148,305,412,101.71037311896953
141,296,412,103.16006979447037
54,228,258,103.58571330062848
140,294,412,103.58571330062848
157,308,416,105.38500842150178
154,307,416,105.47511554864494
158,307,418,107.46627377926528
142,287,419,112.08925015361643
137,281,418,112.89375536317321
114,239,397,116.10340218959993
48,227,237,116.51609330903607
80,203,337,116.92732785794773
178,417,372,117.13667231059623
47,241,221,117.79643458101778
164,301,429,119.07980517283357
74,198,317,119.15116449284078
152,289,427,119.33147112141039
46,243,216,120.42009799032718
161,294,430,121.2023102090055
45,240,217,121.51131634543344
50,208,257,121.64292005702592
51,207,258,122.10241602851272
49,209,254,122.11879462228572
149,283,429,122.80065146407001
151,283,431,124.72369462135092
146,275,431,127.13772060250254
82,350,188,127.34991166074674
147,276,432,127.75758294520134
150,279,433,127.7810627597063
81,350,187,128.3160161476345
44,206,242,130.6981254647518
162,284,438,131.21737689803132
160,282,438,131.73458164050928
42,227,214,132.32157798333574
163,283,439,132.43866504914644
93,206,385,133.4053971921676
39,207,230,136.60527076214885
38,219,215,137.18600511714013
94,202,388,138.3979768638256
37,215,215,140.07141035914503
100,207,399,140.86873322352267
119,421,214,142.21462653327893
171,307,455,144.34680460612904
107,414,187,157.4325252290644
60,316,153,158.00316452527144
101,191,408,159.0125781188394
113,422,191,159.45218719101973
153,245,455,160.99689437998487
65,322,150,161.07762104029226
90,177,392,161.74362429474616
122,435,197,164.07315441594946
194,392,458,165.0272704737008
86,161,365,165.08179790637126
61,321,144,167.0478973228936
41,155,270,167.10774967068403
40,154,270,168.0773631397161
125,443,196,170.59015211904818
72,143,334,175.5135322418189
56,321,135,176.0454486773231
67,331,135,176.555940143627
111,426,172,176.64087862100325
199,486,364,177.11578134090706
91,405,157,177.36967046256808
64,328,133,178.33956375409244
155,470,218,179.0474797365213
211,459,421,179.62182495454164
206,486,372,179.6719232378838
57,323,131,180.0999722376436
208,486,380,182.54314558481784
126,451,184,184.6212338816963
165,230,475,185.64751546950473
118,438,170,185.80096878111266
63,128,330,189.952625672824
43,293,118,194.48650338776724
139,470,190,195.0640920313116
103,428,147,198.03282556182447
34,220,138,198.33809518093088
106,430,147,199.16073910286636
214,487,417,200.33971149025845
209,350,509,200.73116349984124
188,297,512,201.9925741209315
217,457,457,202.27703774773843
218,456,458,202.3116407921205
185,515,265,203.2732151563506
210,348,512,203.37649815059754
33,215,135,203.42074623793906
184,269,509,203.73512215619573
88,133,402,205.27298896834918
222,458,461,205.86646157157313
27,177,159,206.64946164943183
30,206,136,207.23416706711276
32,217,128,208.54016399725018
187,520,263,208.5976989326584
186,268,514,208.83007446246816
191,298,521,210.85777196963835
197,308,522,211.19185590358356
205,315,524,213.00938946440834
97,425,127,213.3541656495134
195,300,524,213.67732682715777
26,160,166,213.71476317746513
29,206,127,214.88834309938733
31,122,216,216.91011963483862
203,535,296,218.51544567833184
202,535,292,218.82641522448793
28,121,209,220.95248357961492
207,307,533,222.22511109233358
204,296,535,224.98222151983475
169,205,508,226.61200321253946
25,129,184,226.87661845152752
168,201,508,228.61539755668252
192,543,260,231.68297304722245
225,509,441,231.87065359807826
36,87,280,232.07972767995054
230,462,493,232.69937687926884
24,138,162,232.89911979223967
231,512,441,234.3608329051593
234,467,492,235.07658326596462
21,135,161,235.84740829612693
237,493,468,235.8495283014151
22,134,162,235.9872877932199
233,515,441,236.86282950264695
96,111,428,236.90715480964266
174,521,187,238.72997298202839
235,524,431,239.26763257908496
240,455,507,239.70815588961506
226,539,404,240.69275020241054
176,197,521,241.8677324489565
243,521,443,242.98148077579904
166,168,503,243.03291958086666
193,255,546,243.04114877937852
18,131,153,244.0491753725056
167,166,504,245.05101509685693
250,478,496,245.246814454337
170,185,518,245.50560075077718
246,527,439,245.93495074917675
17,129,152,246.22144504490262
172,185,519,246.34934544260514
55,72,341,246.82990094394967
52,71,336,247.2670621008791
53,70,339,248.58197842965205
251,455,518,248.78303800701525
69,71,353,249.55961211702507
71,71,357,250.26386075500395
68,70,353,250.54540506662659
175,183,524,251.6445906432324
35,260,65,252.5173261382276
70,68,357,253.21334877924585
256,474,511,254.26167623139747
259,475,511,254.8803640926464
16,109,162,255.86129054626454
260,473,514,256.0175775215444
249,414,550,257.93410011086166
13,110,157,258.00193797721755
66,62,352,258.2750471880704
14,106,162,258.3060200614767
10,114,150,259.09457732650446
183,190,538,260.1115145471265
15,100,167,260.43233286210835
11,161,101,261.6027522790997
263,492,507,262.7565413077284
7,109,150,263.0304164920856
23,200,75,263.41032629720496
182,180,536,263.4274093559742
177,536,164,263.7612556839992
12,167,94,263.79727064547126
173,167,528,263.79727064547126
216,295,574,263.9185480408681
73,59,368,264.2214979898494
266,491,510,264.3425807545958
19,190,79,264.48629454094595
8,158,99,265.0
221,301,576,265.48257946614876
9,164,93,266.33249895572266
75,57,372,267.0599183703912
212,579,257,267.5070092539633
4,149,102,268.1510768205118
223,585,327,268.47718711279737
78,59,386,268.6801071906888
227,344,580,270.3516228913746
6,157,93,270.4144966528237
76,56,382,270.4847500322338
20,199,67,271.0350530835449
228,344,581,271.34664177026406
268,509,507,274.37201023428025
5,162,84,274.8708787776544
201,573,210,275.2035610234722
3,146,94,276.27884464793897
2,143,96,276.58814146669414
196,571,200,277.19487729754314
84,53,397,277.65446151646836
257,588,375,278.4546641735419
128,96,482,279.4315658618403
198,574,200,279.94642344563005
236,597,324,280.3016232560918
138,105,496,281.3698633471609
77,46,388,281.7268180347764
85,47,398,283.6705836000624
245,600,332,283.7780823108085
265,403,582,284.3184833949422
181,545,140,285.0
270,452,563,285.88284313683465
83,44,398,286.5274855925693
200,203,574,286.6443789785524
267,412,583,288.11282512238154
248,606,327,289.44256770558127
252,606,331,289.691214916849
87,41,402,290.61486541469276
179,546,130,291.8938163099726
180,547,131,292.0616373302047
280,536,507,293.8996427354072
254,611,328,294.49108645254444
272,591,421,295.2558212804618
273,589,426,295.3116997343654
262,614,337,298.1358750637031
255,615,327,298.4292210893565
242,299,615,304.53242848668845
288,569,482,304.54063768239536
278,597,432,305.026228380446
289,571,480,305.0852339920764
244,299,616,305.5306858565928
279,598,431,305.5503231875234
291,505,552,305.6550343115585
108,47,455,306.0
1,138,62,306.6626811335217
232,283,616,306.8892308309303
0,136,63,307.02605752606735
116,50,465,308.22881111278355
277,429,599,309.01132665324747
115,47,465,310.8311438707518
253,299,623,312.51879943453
290,599,447,313.0814590485997
292,599,449,313.9554108468271
283,611,423,314.61087075941924
301,534,539,314.75863768926183
229,265,622,315.3173005085512
286,611,426,315.69130491668597
215,614,201,316.7159610755353
300,578,491,317.05046916855366
219,618,198,321.51205265121865
287,418,617,322.2374900597384
190,585,131,322.8374203836972
284,628,400,323.484157262763
314,530,557,325.39975414864716
189,585,123,327.365239449762
264,645,292,328.54984401152893
241,640,240,330.71135450721977
307,616,453,331.0060422409235
213,617,171,331.058907144937
303,632,423,334.3187102152675
310,621,451,334.6879143321432
315,622,454,336.85902095683883
308,638,422,339.6498196672567
321,470,618,343.0131192826303
326,494,608,345.74267888127434
330,502,606,348.209706929603
285,346,660,350.202798389733
334,511,604,351.40432552830083
293,353,661,351.8465574650404
323,649,431,353.0212458195682
294,347,665,355.2689122340991
336,624,490,355.37304343464206
281,673,309,356.0056179332006
296,350,666,356.5305036038291
282,316,671,360.0013888862097
335,648,455,360.96675747220826
333,651,449,361.386219991853
275,285,672,362.41550739448223
302,350,675,365.4928179868929
343,507,624,366.1543390429779
341,490,634,366.4123360368753
348,602,543,367.4901359220408
306,350,680,370.4726710568541
312,361,679,370.62110031675206
340,468,650,371.1091483647365
304,347,681,371.2142238654117
271,683,243,372.2633476451852
316,364,681,372.97318938497443
309,345,685,375.04666376332426
347,485,647,375.65942021996466
274,688,240,377.7327097300418
320,361,687,378.565714242587
350,492,647,378.8416555765746
317,351,689,379.52602018833966
224,658,144,379.6972478172577
247,669,168,379.938152861752
357,554,608,379.97105152892897
354,511,638,380.2170432792302
358,612,551,380.2959373961284
318,349,691,381.34498816688284
276,695,234,385.7628805367359
328,368,694,386.38064133701107
329,368,695,387.3719143149126
356,499,654,388.2949909540426
361,652,508,388.63093031821336
359,516,645,388.78914593902954
220,643,99,388.8701582790842
239,668,143,389.13365313218543
238,668,142,389.56642565806413
344,700,398,392.75692228145385
362,490,666,394.9101163556082
363,677,479,397.27068857392436
351,701,414,397.57389250301634
352,701,417,398.3616447400528
367,528,650,399.30189080443887
313,297,710,399.50093867223893
337,720,338,403.9034538104372
305,277,713,403.985148241863
258,687,134,410.1572869034512
311,274,719,410.25967386522404
345,727,350,411.8507011041744
261,689,134,411.9623769229418
338,730,326,413.27230732290786
372,681,508,413.8900820266173
373,680,512,414.93372964848254
346,731,346,415.4768344926104
349,731,353,416.1249812255929
339,733,324,416.20307543313515
375,580,634,416.5309112178831
322,280,726,416.64613282736707
325,289,727,416.94124286282835
319,275,726,417.1198868430993
324,285,727,417.22895393296955
376,622,596,417.43262929483603
295,723,211,418.1339498294775
331,303,729,418.2343840479881
342,735,327,418.3061080118243
374,680,523,420.3724539024887
371,720,433,421.06175319066915
327,286,731,421.1424937001727
377,656,561,421.21372247352053
364,424,721,423.73222676591405
355,738,361,423.95872440604404
368,424,723,425.6677107791945
378,634,596,426.27925119573905
332,278,740,430.76907967030314
381,631,613,435.6604182158393
382,647,597,436.6875313081426
383,641,604,436.83520920365385
384,627,621,438.4062043356595
387,639,611,440.09544419364306
365,754,364,440.20222625516107
366,755,364,441.19496823966614
360,758,331,441.4532817864196
370,382,748,441.80765045435777
369,756,363,442.06899913927464
269,714,114,443.1907038736259
379,726,482,443.3080193274198
388,638,618,444.1733895676327
297,737,165,444.6526734429919
298,738,164,445.92600283006595
299,741,166,448.1082458513791
380,485,731,452.3538437992983
391,700,553,453.0485625184126
385,505,725,454.686705325766
393,568,695,458.7559263922375
392,541,713,460.1956105831519
386,472,748,463.67445476325304
389,484,747,466.8886376856905
353,781,246,468.53068202626815
390,470,758,472.4595220757012
401,557,719,473.3539901595845
402,559,719,474.3711626985772
394,482,760,478.3576068173266
397,763,492,481.32837024218713
404,587,710,481.76861666156714
398,765,489,482.06638546988523
395,465,771,483.2225160316932
396,467,771,483.83881613611777
399,477,773,488.9212615544552
400,477,774,489.8663082923748
405,599,719,495.97177339038154
406,661,669,496.4876634922564
403,480,782,498.4074638285426
407,702,628,498.71234193671205
408,675,660,499.96499877491425
409,675,665,503.4679731621466
411,704,635,504.7226961411583
410,722,614,505.8003558717609
412,710,632,507.43472486616446
413,688,693,532.5082158990601
414,724,658,534.8439024612695
415,705,711,557.2647485710899
