270,615,326,4.47213595499958
263,606,327,5.0990195135927845
264,605,330,6.324555320336759
277,614,336,8.54400374531753
261,600,332,11.704699910719626
253,596,325,15.297058540778355
243,585,326,26.076809620810597
279,644,294,47.38143096192854
271,587,375,52.773099207835045
299,673,309,64.8459713474939
306,629,401,75.18643494673756
225,579,257,77.87810988975015
214,534,294,84.17244204607586
212,534,291,85.42833253669417
257,640,240,92.65527507918802
301,613,422,94.02127418834527
289,591,421,95.12623192369179
322,631,422,96.1041102138717
317,626,423,96.17692030835673
326,638,421,96.84007434941384
204,543,258,97.59098319004681
304,611,426,98.0
291,589,426,100.43903623591775
295,597,430,102.95630140987001
297,598,431,103.81714694596457
245,539,403,103.96634070698073
363,719,338,108.46197490364999
346,648,430,108.50345616615168
370,699,396,111.21151019566275
288,683,243,111.39569111954016
197,520,263,111.83022847155415
367,722,350,113.1591799192624
366,724,344,114.12712210513327
195,515,265,114.82595525402782
294,692,245,115.97413504743201
373,725,352,116.49892703368559
290,687,238,117.79643458101778
310,600,446,118.51160280748886
285,682,233,118.6001686339442
364,730,326,119.01680553602503
311,600,448,120.50311199301038
365,732,323,121.10326172320876
376,700,413,123.0690862889621
330,621,451,123.40583454602137
371,735,327,124.00403219250575
293,693,234,124.73972903610141
213,573,209,124.91997438360288
327,616,453,125.09996003196804
378,700,416,125.15989773086265
333,621,453,125.39936203984452
358,651,447,125.54282137979854
360,651,449,127.4401820463232
231,613,199,129.0155029444136
381,737,360,130.0
233,616,198,130.09611831257686
210,485,363,130.77079184588584
258,653,204,130.91982279242512
361,648,454,131.3202193114221
217,485,372,133.46160496562297
227,497,399,134.30189872075525
208,573,199,134.48048185517482
203,567,200,135.35139452550905
316,717,241,137.13132391981054
242,507,418,137.53544997563355
385,756,330,145.01379244747721
390,753,363,146.24978632463024
391,754,364,147.46185947559457
241,496,422,148.52945835759317
394,756,363,149.164338901763
230,487,414,150.90394295710104
397,720,433,151.34728276384746
228,486,414,151.72672803431834
229,617,172,156.11534197509224
302,570,479,156.46724896923317
307,569,482,159.62455951387932
223,603,165,163.19620093617377
362,623,491,163.44112089679268
314,725,210,164.07315441594946
389,677,479,164.7938105633825
282,534,474,165.0605949341029
320,578,491,166.30694513459142
222,602,160,168.24089871371942
179,520,185,169.49926253526885
234,628,159,169.85287751463028
238,631,159,170.17931719218996
224,614,156,172.02616080119907
262,669,166,172.06975329789952
348,749,224,172.80046296234278
226,617,155,173.1040149736568
221,604,150,178.13758727455584
162,470,219,178.21896644296868
182,535,162,182.5705343148231
387,652,508,184.61040057374882
251,490,468,185.04323819042943
379,780,245,188.2817038376273
244,658,144,189.90787240133042
408,726,482,192.20041623263984
399,681,508,193.13207915827965
298,536,507,194.07730418572905
398,679,510,194.28844535895593
252,666,139,196.84003657792792
405,712,497,196.88067452139634
406,714,497,197.91412279066898
142,470,189,197.99494943053472
255,667,138,198.08079159777205
423,790,415,199.0226117806718
185,417,374,199.37903600930565
187,546,139,199.86495440671933
201,586,129,200.5642041840966
235,457,457,200.89051744669283
239,458,460,202.07176942858692
236,456,458,202.2992832414391
400,680,521,204.9634113689563
313,737,165,206.0218435020908
284,508,507,206.51876428063383
186,547,131,207.13522153414664
315,738,164,207.4246851269154
429,800,415,208.06249061279644
184,546,130,208.39625716408634
200,583,121,208.88513590009222
318,741,164,209.27493877672023
272,687,132,210.2189334955346
276,689,132,210.95023109728987
431,803,416,211.20606051910536
278,492,506,214.11445537375565
265,478,496,214.27319011019554
126,443,194,214.89532335534898
375,602,543,215.18828964420902
127,451,182,216.60101569475614
280,491,509,217.16583525039107
254,467,492,218.24756585125985
133,392,305,220.20445045457188
123,435,195,220.60145058453264
432,763,488,220.68982758613956
382,611,549,221.0
249,462,493,222.31958978011812
120,421,212,222.61176967986216
433,763,491,222.87440409342656
321,534,539,224.61077445216202
130,385,304,227.27076362788065
274,475,511,228.0021929719098
273,474,511,228.60008748904713
124,385,282,230.63390904201404
275,473,514,231.60310878742538
237,642,97,233.07080469247967
113,421,192,233.6578695443404
117,438,170,234.29255216502295
403,656,561,237.30571000294114
256,453,506,238.00840321299583
286,714,112,239.30106560565082
424,700,553,241.96280705926685
107,414,187,242.26019070412704
110,427,170,242.52834885843757
334,530,557,242.90327292978165
112,376,266,243.04114877937852
109,376,256,245.78242410717655
268,455,518,245.8373446000424
308,504,551,247.34186867572583
122,362,306,249.96999819978396
119,361,302,251.3483638299641
121,359,305,253.04742638485774
118,357,304,255.13133872576296
205,390,457,255.89450951515158
108,360,277,256.1288738116029
105,430,145,257.390753524675
103,428,145,258.8010819142764
90,405,157,267.72560579817537
402,620,596,268.1510768205118
91,354,250,268.57587382339466
407,634,596,268.9851297005097
125,341,335,270.09072549793336
412,647,597,271.39823138701547
404,625,600,272.360055808483
98,341,284,273.5616932247642
413,641,604,277.62564723022257
95,424,122,278.21754078418564
287,452,563,283.73579259585847
411,631,613,285.70089254323307
384,554,608,285.7428914251411
419,638,618,291.2541845192958
158,327,400,292.9846412356798
415,627,621,293.43653487594213
99,318,310,293.5523803344132
359,510,604,293.8996427354072
104,316,321,295.0830391601659
85,351,188,295.296461204668
140,322,389,295.36756761702867
97,316,311,295.4894245146516
266,415,550,296.1418578992169
92,316,299,296.4219964847413
147,322,394,296.4405505324803
83,350,187,296.6513104639856
157,321,404,299.7932620990672
355,501,607,299.90165054564136
161,321,406,300.3065100859454
352,494,608,303.4616944525289
446,722,614,306.78494096027595
401,577,636,309.87094087700444
134,307,392,310.6638054231616
170,314,424,312.1297807002722
443,702,628,313.4980063732463
372,507,624,313.73874481804125
160,308,416,315.5202053751867
111,296,352,315.91296269700615
159,307,416,316.4806471176397
143,304,405,316.5090835979277
163,307,418,317.04258389055565
150,305,412,317.32002773225645
219,350,509,317.619268936883
146,302,409,319.4401352366355
128,297,388,319.6810910892291
448,710,632,319.71393463532365
137,300,403,319.9156138734088
136,299,401,320.42627857277876
131,297,393,320.65713776555793
447,704,635,320.777181233329
220,348,512,320.97507691408066
344,470,618,322.46085033690525
283,413,583,322.84516412670644
135,296,402,323.5753389861471
168,301,427,325.4243383645421
380,511,638,325.7299494980466
144,296,412,326.0076686214605
296,429,599,326.4429506054618
88,283,319,328.12345237730267
281,403,582,328.29864452964165
368,492,634,328.3245345690754
386,517,643,328.72632994635524
141,293,412,328.9072817679779
176,307,455,329.46168214224855
393,528,650,332.52518701596125
164,294,429,332.7010670256409
132,284,407,336.4074909986399
145,287,419,336.53677362214074
79,280,267,336.57391461609143
151,288,425,337.25064862799
444,675,660,338.1124073440666
68,322,150,339.418620585259
377,492,647,340.4732001200682
156,285,430,341.5845429758203
138,281,417,341.79087173299405
328,442,626,342.5857556875358
374,485,647,342.9825068425502
63,316,153,343.0014577228499
445,675,665,343.02332282222443
340,450,631,343.1180554852805
152,283,429,343.1981934684389
64,321,144,343.4472302989209
155,283,431,343.7920883324688
442,661,669,344.64619539463945
383,499,654,344.70277051396033
166,284,438,345.0057970527452
167,283,439,346.27301367562563
337,443,631,346.45778963677526
62,325,132,346.71602212761957
165,282,438,346.90200345342487
305,418,617,347.51978360950903
153,279,433,348.20827101032506
450,724,658,348.81083698761427
148,277,431,349.521100936696
59,323,129,350.06427981157975
58,320,133,350.2941620980858
149,276,432,350.7720057245162
369,470,651,352.4343910573995
441,649,679,353.0509878190401
216,314,524,355.8440669731617
449,670,681,357.89663312191135
388,490,666,359.0055709874152
209,308,522,359.784657816311
199,297,512,363.93955542095176
247,345,580,366.41506519246724
218,307,533,366.6619696668854
246,344,580,367.14166203251847
207,300,524,367.6098475285993
202,298,521,367.72000217556837
426,568,695,369.51048699597146
61,245,248,374.641161646715
60,243,248,376.59527347007423
215,295,534,377.2161184254989
114,239,397,378.34508058120696
65,239,258,378.5287307457652
47,292,119,381.36858811391375
439,587,710,382.7531841800928
51,243,215,384.9584393152071
52,241,220,385.4400083022
194,269,509,386.9431482789171
154,245,454,387.0813867909435
50,240,217,387.2492737243028
198,272,516,387.64029718283933
440,598,717,389.21716303369766
193,266,509,389.59722791621607
196,268,514,390.1858531520588
57,227,257,390.50864267004386
425,542,714,392.11860450634066
452,705,711,394.3665807342199
53,227,236,394.8670662387533
240,301,576,396.9937027208366
437,552,723,399.38202262996265
436,550,723,399.68237389206945
46,228,213,399.892485550804
232,295,574,400.4647300324961
41,219,215,407.962008035062
414,505,722,408.00980380378115
169,230,474,408.0159310615212
93,206,385,408.9914424532621
81,202,336,409.0782321268146
55,208,255,409.558298658445
417,506,724,409.6840245848012
54,208,253,409.91950429322094
56,207,257,410.1914187303289
94,205,387,410.2645487974802
38,277,89,410.7030557470933
101,206,398,411.0048661512416
40,215,217,411.2626897738233
418,505,726,411.8737670694748
49,206,242,414.03019213579097
76,197,318,414.12075533592855
37,274,87,414.30664971733194
48,206,238,414.87950057817994
42,206,228,417.163037672323
206,255,546,417.44460710374494
309,353,659,419.6724913548659
410,484,730,421.5839180993506
259,299,615,423.9257010373398
260,299,616,424.60334431089916
303,346,660,424.79289071263895
312,351,664,424.8482081873478
451,645,752,425.3610231321154
100,192,405,426.01643160798386
102,190,407,428.3479893731264
267,299,622,428.69569626951005
336,363,680,430.59029250553243
329,360,678,430.69827025424655
319,350,673,432.60374478268216
35,220,138,434.7194497604173
248,283,614,435.1781244502072
350,368,690,435.9965596194539
392,424,722,436.1249820865574
36,262,66,436.4000458295118
420,483,746,437.15900997234405
323,350,679,437.4037036880232
342,361,687,437.47114190538326
351,368,692,437.65854270195615
395,424,724,437.9326432226764
89,177,392,438.693514882543
354,368,694,439.32334333609
34,215,135,440.52809218028307
324,347,681,440.8004083482682
416,471,747,441.77030230652673
33,217,128,441.85517989495156
338,351,689,444.883130720867
174,204,508,445.02696547512716
177,204,511,446.24880952222156
339,349,691,447.67510540569486
173,201,509,448.1751889607456
32,206,136,448.20642565675024
427,482,759,449.8910979337111
86,161,365,451.51854889915654
421,470,757,451.5772359187296
30,206,127,452.1349356110408
300,316,671,452.40910689330735
250,266,624,454.57782612001654
192,204,536,457.0700165182573
183,197,524,458.0523987493134
45,155,270,459.67379738244813
409,438,754,459.7879946236091
422,461,763,460.135849505339
44,154,270,460.6658224787248
190,198,537,462.87147244132467
434,477,772,463.7801203156513
435,477,773,464.7375603499248
430,467,771,465.8164874711929
175,185,518,466.45042609049034
28,177,157,466.47293597806936
178,185,519,466.858650985499
428,463,771,467.06851745755677
73,143,334,468.03845995815345
181,183,524,470.7440918375928
191,190,540,471.3650390090466
438,480,782,472.521957161781
292,285,672,473.93248464311876
189,184,538,475.8455631820055
171,168,502,475.94642555649057
396,382,748,478.3732852072741
172,166,504,478.5404894050241
188,180,536,478.56556499606194
27,160,166,479.2128963206228
211,199,574,479.8541445064323
66,128,329,483.001035195578
67,128,331,483.0093166803307
25,201,72,483.359079774033
87,133,402,483.69411821935563
180,167,528,486.9661179178691
43,124,283,489.0746364308826
21,198,64,490.1683384307885
20,188,78,491.35425102465535
332,297,710,494.48963588734597
335,294,712,497.94075952868127
31,123,214,501.13870335467004
24,138,161,501.61539051348893
13,167,94,501.88843381771613
26,129,183,503.33785869930347
12,161,101,504.012896660393
23,135,161,504.44523984274053
29,121,208,504.47993022517755
10,164,93,505.0089108124727
345,292,721,506.1719075571065
356,302,729,506.2430246433031
22,133,161,506.3328944479116
9,158,99,507.5923561284193
325,277,713,509.68715895144936
96,111,428,509.9019513592785
19,131,153,510.9060579010588
7,157,93,511.2152188657924
6,162,83,511.4938904815971
18,130,152,512.1884418844298
349,289,727,512.7231221624396
5,149,102,514.3150785267724
347,283,727,516.5123425437189
331,273,719,516.8413683133346
353,286,732,518.498794598406
343,278,726,518.9344852676492
4,146,94,520.5583540776192
341,275,726,520.8646657242167
3,143,95,522.7934582605257
2,146,84,525.1295078359242
39,87,278,526.3800908089135
11,114,150,527.9138187242307
14,110,157,529.378881331698
357,278,740,529.7480533234643
16,107,162,530.6335835583723
15,107,160,531.2626469082877
8,109,150,532.6236945536689
139,102,495,535.695809205187
17,100,167,535.7630073082687
129,96,482,537.5323246094136
71,71,353,540.5783939448561
70,70,353,541.5773259655541
1,139,62,541.7933185265392
72,68,357,543.7738500516552
0,136,62,544.4088537119873
69,61,352,550.5233873324547
74,59,367,553.3760023709015
80,59,386,555.0387373868602
75,57,372,555.7445456322536
77,56,380,557.4307131832619
84,47,397,568.2050686151964
78,45,387,569.066779912516
82,43,397,572.1756723245056
106,48,454,576.9272051134354
116,49,464,578.22141087995
115,47,464,580.1654936309121
