218,456,458,1.4142135623730951
222,458,461,4.123105625617661
211,459,421,36.05551275463989
230,462,493,36.345563690772494
234,467,492,36.40054944640259
237,493,468,37.64306044943742
250,478,496,44.294469180700204
214,487,417,50.0
240,455,507,50.039984012787215
225,509,441,54.405882034941776
256,474,511,56.61271941887264
259,475,511,56.92099788303083
231,512,441,57.28001396647874
260,473,514,59.20304046246274
233,515,441,60.166435825965294
251,455,518,61.032778078668514
263,492,507,61.032778078668514
266,491,510,62.96824596572466
194,392,458,65.00769185258002
243,521,443,65.5133574166368
235,524,431,71.8679344353238
268,509,507,72.13875518748573
246,527,439,72.27724399837061
208,486,380,82.28000972289685
206,486,372,89.81091247727082
280,536,507,93.49331526906082
178,417,372,93.94147114027967
199,486,364,97.41663102366043
226,539,404,97.63708311906906
249,414,550,102.45974819410792
270,452,563,106.1178590059185
291,505,552,106.4377752492037
301,534,539,112.48555462813881
288,569,482,114.75626344561765
289,571,480,116.29703349613007
209,350,509,118.9663818059539
210,348,512,122.09013064126027
314,530,557,123.81033882515628
300,578,491,125.686116973992
267,412,583,133.79461872586654
273,589,426,135.5912976558599
265,403,582,136.1653406708183
272,591,421,138.7515765676196
156,327,401,141.54857823376398
278,597,432,142.21462653327893
292,599,449,142.22517358048822
290,599,447,142.35167719419397
279,598,431,143.37712509323097
159,321,408,144.55794685869054
277,429,599,144.734239211045
145,322,394,148.97650821522163
171,307,455,150.0133327407934
157,308,416,154.53802121160993
257,588,375,154.5477272560163
158,307,418,154.98709623707387
326,494,608,155.46703830716015
154,307,416,155.502411556863
330,502,606,155.64703659241314
334,511,604,156.60459763365824
205,315,524,157.01273833673497
286,611,426,157.08914666519772
283,611,423,157.70859202973057
164,301,429,158.4929020492716
148,305,412,158.52129194527782
307,616,453,159.05030650709227
143,305,406,160.3277892319357
321,470,618,161.5239920259526
144,302,409,162.2621335986927
132,309,390,162.45922565370057
197,308,522,162.5607578722491
133,307,392,163.47782724271815
310,621,451,164.1097193952875
287,418,617,164.68454693747074
315,622,454,165.0272704737008
161,294,430,165.22106403240477
136,300,403,166.02710622064097
129,384,307,166.82026255823962
227,344,580,167.0269439342048
141,296,412,167.17057157286985
228,344,581,167.7647161950331
207,307,533,168.15469068687915
124,340,336,168.31518053936787
348,602,543,168.5852899869974
140,294,412,169.09760495051373
134,297,402,169.1892431568863
188,297,512,169.1892431568863
135,296,403,169.81460479004744
336,624,490,170.2292571798397
152,289,427,170.6575518399347
195,300,524,170.6985647274165
191,298,521,171.39719951037708
130,295,394,173.8188712424517
162,284,438,174.04022523543227
142,287,419,174.1952927033334
127,297,388,174.24408167854654
343,507,624,174.3244102241565
163,283,439,174.92855684535903
151,283,431,175.93180496999398
160,282,438,176.0284067984483
149,283,429,176.23847480048164
303,632,423,178.27226368675525
203,535,296,178.89941307897016
204,296,535,178.89941307897016
120,360,306,179.47144619688115
357,554,608,179.47144619688115
150,279,433,179.61069010501575
341,490,634,180.0499930574839
131,284,407,180.08053753806934
284,628,400,180.24982662959764
137,281,418,180.2692430782356
121,363,303,180.42172818150257
358,612,551,181.27603261324978
223,585,327,182.43903091169938
202,535,292,182.50753409106156
147,276,432,182.7183625145541
117,357,303,183.61917111238685
146,275,431,183.84776310850236
308,638,422,184.3529224069963
354,511,638,188.88356201639147
123,385,282,189.2326610286924
245,600,332,189.9315666233499
335,648,455,191.01047091717248
347,485,647,192.0520762709948
236,597,324,193.1035991378721
350,492,647,193.19679086361657
340,468,650,193.31321734428818
323,649,431,193.75241933973368
110,296,349,193.86851214160592
333,651,449,194.164878389476
184,269,509,195.05896544378575
252,606,331,195.13328778042973
221,301,576,196.2065238466856
102,315,321,196.6214637317096
359,516,645,197.0406049523803
186,268,514,197.40820651634522
262,614,337,197.60819821049935
248,606,327,197.73972792537162
216,295,574,199.83242980057065
104,344,292,199.98499943745782
185,515,265,200.5691900566984
254,611,328,200.89051744669283
356,499,654,201.42740627829173
99,316,313,201.5365971728212
361,652,508,201.5589243868899
98,317,311,202.27703774773843
187,520,263,203.9730374338726
255,615,327,204.60694025374605
105,358,277,205.4288197892399
367,528,650,205.64532574313475
112,376,266,207.46565980903924
95,319,300,209.0287061625747
362,490,666,211.5892246783848
153,245,455,212.00943375236866
192,543,260,214.9534833400008
375,580,634,215.5411793602327
376,622,596,215.74522010927612
109,376,256,216.7071757002984
193,255,546,220.73740054644117
363,677,479,221.09726366465958
89,283,320,221.46105752479374
242,299,615,223.44574285494903
244,299,616,224.1539649437413
377,656,561,224.5373020235168
378,634,596,225.055548698538
114,239,397,226.10616975217638
165,230,475,227.71253808255707
293,353,661,228.98034850178738
253,299,623,229.17242417009948
373,680,512,229.68238939892626
372,681,508,229.73245308401684
92,354,251,230.31500168247834
285,346,660,231.36551169091732
374,680,523,232.56181973832247
381,631,613,233.69210512980536
212,579,257,234.27334462119245
296,350,666,234.7977853387889
294,347,665,235.29555881911583
383,641,604,235.51008470976353
232,283,616,235.7053245049844
382,647,597,236.00847442411893
384,627,621,236.21176939348302
387,639,611,238.41140912296962
155,470,218,239.35329536064467
312,361,679,241.8677324489565
388,638,618,242.24367896810023
316,364,681,242.53865671269807
302,350,675,242.84357104934855
119,421,214,245.65219315121126
352,701,417,247.25695136840946
306,350,680,247.34186867572583
351,701,414,247.759964481754
320,361,687,249.23081671414553
304,347,681,249.55159787106152
344,700,398,250.05999280172747
264,645,292,250.13796193301008
229,265,622,253.15805339747737
328,368,694,253.16002844051033
309,345,685,254.02362094891885
329,368,695,254.09643838511394
317,351,689,255.068618218706
282,316,671,256.27524265913786
100,207,399,256.6398254363496
169,205,508,257.1089263327899
318,349,691,257.72077913897436
79,280,269,258.2111539031573
122,435,197,260.9291091465266
168,201,508,261.03064954139006
93,206,385,261.1225765804252
391,700,553,261.27571643763605
125,443,196,261.37520922994975
281,673,309,261.83964558485025
393,568,695,262.6118809193522
371,720,433,264.09278672466615
94,202,388,264.1703995530158
364,424,721,266.05450569385215
139,470,190,267.31629205867716
176,197,521,267.76108753887297
368,424,723,268.03917624108607
113,422,191,268.2927505543152
392,541,713,269.4290259047826
379,726,482,270.1592123174777
101,191,408,270.4755072090632
385,505,725,272.26457720386617
201,573,210,272.88275870783775
126,451,184,273.0659261057666
107,414,187,273.40263349134
275,285,672,275.3343422096125
380,485,731,275.42694131112154
174,521,187,277.48153091692427
170,185,518,278.7561658510893
172,185,519,278.9767015361677
183,190,538,279.0161285660741
200,203,574,279.6515689210415
401,557,719,280.4353757998445
80,203,337,280.9199174141983
196,571,200,281.1494264621573
402,559,719,281.15476165272395
175,183,524,282.07268566807386
198,574,200,282.3791777026061
241,640,240,283.8626428398073
404,587,710,284.445073784026
111,426,172,286.6810073932349
90,177,392,287.4456470360962
118,438,170,287.62823227214676
182,180,536,288.0451353520833
337,720,338,288.6693610343848
82,350,188,289.4995682207488
81,350,187,290.42899304305
345,727,350,290.42899304305
389,484,747,291.2541845192958
386,472,748,291.3863414781139
166,168,503,292.6380016334174
349,731,353,293.07336965340266
406,661,669,294.2108087749327
74,198,317,294.4163718273833
167,166,504,294.771097633401
62,239,258,295.16944286290885
346,731,346,295.62983611266304
355,738,361,296.94612305938597
59,245,248,297.6995129320839
408,675,660,297.8808486626826
405,599,719,298.0067113338221
58,244,248,298.41246622753545
173,167,528,298.564900817226
407,702,628,298.77416220282504
313,297,710,299.34762400927787
215,614,201,300.30817504690077
370,382,748,300.5095672353877
390,470,758,301.2806001056158
409,675,665,301.3104711091203
338,730,326,302.80356668969404
54,228,258,303.38424481175684
177,536,164,303.4633421024688
394,482,760,304.02960382173313
411,704,635,304.4552512274998
91,405,157,304.473315743761
219,618,198,304.9622927510875
339,733,324,306.3739545065801
342,735,327,306.8941185490527
412,710,632,307.6263967867517
397,763,492,307.9951298316258
410,722,614,308.01623333843946
398,765,489,309.6578757273905
86,161,365,309.96774025695
106,430,147,311.1735849971845
365,754,364,311.22017929433815
271,683,243,311.24267059643347
103,428,147,311.35349684883903
366,755,364,312.17463061562194
331,303,729,312.5699921617557
305,277,713,312.9472799050984
369,756,363,313.4278226322609
395,465,771,314.10189429546585
396,467,771,314.1591953134589
399,477,773,316.6322788346128
274,688,240,316.9384798348096
400,477,774,317.63028822831114
325,289,727,318.0
48,227,237,318.27660925679095
50,208,257,319.37595401031683
51,207,258,319.53247096343745
311,274,719,319.5825401989289
47,241,221,319.924991208877
324,285,727,320.1312230945304
49,209,254,320.4886893480018
322,280,726,322.0093166354042
46,243,216,322.29955010828047
327,286,731,322.981423614424
45,240,217,323.55679563254427
319,275,726,324.7845439672276
403,480,782,325.8128297044179
276,695,234,326.1487390746743
360,758,331,326.3081365825866
213,617,171,327.7132893246778
88,133,402,328.63505595112645
181,545,140,328.9878417206326
413,688,693,330.2377931127811
44,206,242,330.4935702854142
97,425,127,331.54788492765266
414,724,658,334.20053859920694
42,227,214,334.5878061137315
332,278,740,334.858178935501
60,316,153,335.1074454559313
65,322,150,335.37143587371895
72,143,334,337.23137457834497
39,207,230,337.6818028854975
180,547,131,338.19520990102745
179,546,130,338.89526405661087
38,219,215,339.423039877967
61,321,144,341.2696880767467
37,215,215,342.239682094289
67,331,135,345.77449298639715
96,111,428,347.21319099366025
64,328,133,348.73629005310016
56,321,135,349.54255821001254
190,585,131,350.2284968417048
57,323,131,352.4656011584677
63,128,330,352.66131060835124
138,105,496,354.1539213392956
415,705,711,354.9929576766277
41,155,270,355.2083895405625
40,154,270,356.0589838776716
189,585,123,357.6870140220357
247,669,168,358.42014452315595
128,96,482,361.86461556775623
295,723,211,362.3147802671042
224,658,144,371.9811823197512
43,293,118,376.5859795584536
239,668,143,378.30807551518114
238,668,142,379.1384971220939
353,781,246,386.6484191096609
258,687,134,396.52112175771924
34,220,138,397.404076476324
261,689,134,397.68454835459727
71,71,357,398.7430250173663
69,71,353,399.76493092816435
68,70,353,400.73058281094546
70,68,357,401.64785571443053
55,72,341,402.09575973889605
33,215,135,402.8001986096829
220,643,99,403.43524883182926
78,59,386,404.2833164997042
52,71,336,404.52070404368675
297,737,165,404.55407549547687
53,70,339,404.5899158407189
298,738,164,405.96797903282965
299,741,166,406.6165269636737
116,50,465,407.07861648580854
32,217,128,407.23580392691406
30,206,136,407.4825149622987
73,59,368,407.82962128810607
76,56,382,407.9534287146022
84,53,397,408.431144747802
66,62,352,408.71750635371615
27,177,159,408.9058571358449
75,57,372,408.93153461184676
108,47,455,410.0048780197621
115,47,465,410.07804135310636
36,87,280,410.1572869034512
31,122,216,412.68147523241214
85,47,398,414.22336969321276
29,206,127,414.60945478847924
26,160,166,415.80043290020757
77,46,388,416.7517246515004
83,44,398,417.19300090006305
28,121,209,417.612260356422
87,41,402,419.6200662504118
25,129,184,426.7469976461463
269,714,114,428.6000466635532
24,138,162,434.4951092935339
21,135,161,437.37855457258075
22,134,162,437.4402816385341
35,260,65,438.7174489349609
18,131,153,445.7488081868531
17,129,152,447.89396066479844
16,109,162,456.21157372429735
14,106,162,458.50408940379145
13,110,157,458.70360800848295
15,100,167,459.9445618767549
10,114,150,460.3237990806037
23,200,75,460.4052562688658
19,190,79,462.78828852943116
11,161,101,462.98164110469867
7,109,150,464.06141834890775
12,167,94,464.6170466093555
8,158,99,466.43863476345956
9,164,93,467.2740095490011
20,199,67,467.6152264415692
4,149,102,469.9882977266562
6,157,93,471.69481659225386
5,162,84,475.5565160945647
3,146,94,478.00627610942513
2,143,96,478.4527144870222
1,138,62,507.72630422305286
0,136,63,508.2096024279746
