368,424,723,2.0
370,382,748,49.92995093127971
386,472,748,55.072679252057455
390,470,758,59.033888572581766
329,368,695,61.741396161732524
380,485,731,61.814237842102365
328,368,694,62.16912416947821
395,465,771,64.66065264130884
389,484,747,65.39113089708727
396,467,771,65.94694837519019
394,482,760,69.8927750200262
320,361,687,71.58910531638176
316,364,681,72.11102550927978
399,477,773,74.24957912338628
400,477,774,74.95331880577403
312,361,679,75.71657678474378
317,351,689,79.7057087039567
318,349,691,80.77747210701756
385,505,725,81.09870529176159
403,480,782,82.80700453464067
340,468,650,83.52843827104634
306,350,680,84.59905436823747
362,490,666,85.9127464349732
304,347,681,86.76981041814025
309,345,685,86.81589716175259
302,350,675,87.13208364316786
296,350,666,92.20086767487604
293,353,661,92.9569792968769
294,347,665,95.2102935611481
347,485,647,95.90099061010788
285,346,660,99.02019995940222
350,492,647,100.4987562112089
356,499,654,100.56838469419701
287,418,617,104.17293314484334
341,490,634,109.20164833920778
321,470,618,112.80514172678478
392,541,713,117.27318534089538
282,316,671,119.01260437449471
359,516,645,119.33147112141039
354,511,638,120.24142381059865
331,303,729,121.26417442921878
277,429,599,122.10241602851272
367,528,650,125.92458060283545
313,297,710,127.47548783981962
343,507,624,127.66362050325849
326,494,608,132.92479076530458
401,557,719,133.01503674397117
402,559,719,135.0148140020198
325,289,727,135.1332675546625
327,286,731,138.36184445142382
267,412,583,138.52075656738234
330,502,606,138.95682782792647
324,285,727,139.12943613772032
265,403,582,140.57738082636197
322,280,726,144.08677940741129
334,511,604,145.8012345626744
393,568,695,146.32839779072276
305,277,713,147.2175261305528
332,278,740,147.2311108427835
275,285,672,147.38385257551113
319,275,726,149.08386901338454
311,274,719,150.0133327407934
253,299,623,158.83639381451596
270,452,563,160.46183346827368
228,344,581,161.24515496597098
227,344,580,162.1141573089778
244,299,616,163.24827717314508
404,587,710,163.37074401495514
242,299,615,163.8932579455299
249,414,550,171.29214809792072
357,554,608,172.246915792417
405,599,719,175.0114281982751
232,283,616,175.80102388780332
375,580,634,178.61970775925036
229,265,622,187.3018953454556
291,505,552,187.40864441108366
221,301,576,190.14205216100936
314,530,557,195.27416623813812
216,295,574,195.57607215607945
251,455,518,205.35335400231475
301,534,539,212.6593520163174
260,473,514,212.72047386182646
256,474,511,215.87033144922904
259,475,511,216.10414156142403
240,455,507,216.23366990364843
266,491,510,221.38202275704322
207,307,533,221.43396306799912
210,348,512,222.3892983036729
209,350,509,224.54398232862977
263,492,507,224.54398232862977
205,315,524,225.1443981093023
204,296,535,225.78751072634643
384,627,621,226.29405648403582
268,509,507,230.2628932329306
197,308,522,230.3410514867031
230,462,493,231.14497615133234
250,478,496,231.38928237928394
195,300,524,232.7767170487633
234,467,492,233.00214591286493
381,631,613,233.48019187931126
376,622,596,234.15593095200472
191,298,521,236.3810483097154
388,638,618,237.49736840647307
387,639,611,241.50569351466643
280,536,507,241.5367466867102
406,661,669,242.6375898330677
193,255,546,243.28172968803062
378,634,596,244.38698819699874
188,297,512,244.56083087853622
383,641,604,246.53194519169315
348,602,543,251.7300141024109
358,612,551,253.46400138875737
382,647,597,255.15681452785068
409,675,665,257.1711492372346
408,675,660,258.3060200614767
186,268,514,259.2006944435142
222,458,461,262.21365334398587
237,493,468,262.2403477728017
184,269,509,262.6194966105906
194,392,458,264.9396157617807
218,456,458,264.9396157617807
200,203,574,265.42418879973997
413,688,693,265.4806960967219
217,457,457,266.05450569385215
300,578,491,276.7959537276512
288,569,482,279.5460606054036
415,705,711,281.1778796420515
377,656,561,281.82263926093657
289,571,480,282.29417280560364
171,307,455,290.5942188000305
225,509,441,292.61749776799064
411,704,635,292.9095423505352
407,702,628,293.1433096626972
231,512,441,293.50298124550625
233,515,441,294.4163718273833
243,521,443,294.43675042358416
183,190,538,297.0605998782067
412,710,632,299.5279619668254
246,527,439,300.22158483360255
211,459,421,302.03476621077914
176,197,521,302.5376009688713
169,205,508,305.4995908344232
336,624,490,305.5503231875234
182,180,536,306.2041802457961
414,724,658,306.54363474063524
235,524,431,306.75723300355935
168,201,508,308.37963616296065
214,487,417,310.4593371119638
175,183,524,311.2715855968868
361,652,508,312.01442274356486
172,185,519,312.92970456637704
165,230,475,313.29219588109754
170,185,518,313.5761470520358
163,283,439,315.28558482747036
162,284,438,315.7356489216889
160,282,438,316.6275414426231
410,722,614,316.6275414426231
164,301,429,316.8485442605031
161,294,430,318.71774346590746
153,245,455,320.61971243203374
173,167,528,321.4000622277475
150,279,433,322.4422428901027
151,283,431,322.46085033690525
391,700,553,323.10988842807024
292,599,449,323.43314610596116
152,289,427,323.51352367404985
374,680,523,323.6355975476122
149,283,429,324.2606975876047
147,276,432,324.6921619010844
158,307,418,324.8045566182839
290,599,447,325.11690205216956
146,275,431,326.03834130359576
157,308,416,326.31426570102633
154,307,416,326.67108840544796
159,321,408,329.51176003293114
307,616,453,329.67863139730485
373,680,512,330.47995400629065
148,305,412,331.1223338888514
142,287,419,331.621772505968
315,622,454,332.4048736104812
372,681,508,333.79334924470857
310,621,451,334.22896343674347
156,327,401,334.37852801877096
141,296,412,334.46225497057213
144,302,409,335.0044775820168
137,281,418,335.0492501110844
140,294,412,335.2327549628765
166,168,503,336.24395905354197
143,305,406,336.7283771825594
278,597,432,336.82339586198583
167,166,504,337.12460604352214
226,539,404,337.2150649066557
273,589,426,338.0088756231114
279,598,431,338.19520990102745
136,300,403,341.32096331752024
145,322,394,342.53904886888444
135,296,403,342.79439902075416
272,591,421,343.3496759864497
134,297,402,343.35113222472415
131,284,407,343.7964514069335
208,486,380,346.5905365124674
335,648,455,347.75278575447817
178,417,372,349.07019351414124
133,307,392,349.1847648452034
286,611,426,349.2763948508402
363,677,479,350.1042701824701
132,309,390,350.4083332342426
130,295,394,351.5252480263687
283,611,423,351.81387124444086
333,651,449,354.27813931994166
206,486,372,354.4643846707311
127,297,388,356.3958473383213
199,486,364,362.3437594329451
303,632,423,363.4116123626211
323,649,431,367.0490430446591
308,638,422,367.69144673217517
114,239,397,373.0965022618143
284,628,400,380.33800756695354
257,588,375,382.89946461179596
379,726,482,385.12984823303424
100,207,399,388.2949909540426
101,191,408,390.2025115244647
138,105,496,390.3664944638564
110,296,349,393.40564307086396
124,340,336,394.05710246105195
94,202,388,400.2161915765028
93,206,385,400.5246559202067
128,96,482,405.83863788456614
397,763,492,409.0990100208017
352,701,417,411.2724158024703
90,177,392,411.40004861448426
398,765,489,412.43787410954394
371,720,433,412.98910397248983
351,701,414,413.4948609112331
102,315,321,414.58533500354304
129,384,307,415.9278783635451
120,360,306,419.90594184888596
99,316,313,422.05212948165536
121,363,303,422.4275085739564
117,357,303,423.33556429858334
98,317,311,423.73222676591405
344,700,398,424.8588000736245
89,283,320,425.0670535339101
223,585,327,425.6254221730652
245,600,332,426.9625276297675
262,614,337,428.4343590329795
96,111,428,428.74001446097844
252,606,331,430.37657928841804
88,133,402,431.7893004695693
236,597,324,433.05657828971954
95,319,300,433.89630097524457
248,606,327,434.00460827046527
254,611,328,435.22178254310757
104,344,292,436.3954628545077
255,615,327,437.8549988295212
203,535,296,439.2561894839958
123,385,282,440.72894164100455
86,161,365,442.61156785606045
80,203,337,443.0541727599459
202,535,292,443.1275211493865
105,358,277,448.8786027424341
116,50,465,453.2240064250789
115,47,465,455.7027539965059
112,376,266,457.5248627123995
108,47,455,461.39462502287563
74,198,317,462.9168391838862
185,515,265,464.9913977698942
109,376,256,467.4708547064726
187,520,263,467.9529890918531
79,280,269,474.3838108536167
92,354,251,475.1841748206689
192,543,260,476.111331518165
355,738,361,477.6986497782886
72,143,334,478.25725295075245
345,727,350,479.0093944798995
349,731,353,479.2421100028669
281,673,309,481.39900290715184
264,645,292,482.57849102503525
337,720,338,484.05061718791353
346,731,346,484.6380092398862
365,754,364,486.15738192482485
366,755,364,486.83672827756124
369,756,363,488.24993599589953
212,579,257,489.20445623481396
63,128,330,490.404934722317
84,53,397,492.5616712656396
78,59,386,495.429106936603
85,47,398,496.445364566938
87,41,402,498.4475900232641
62,239,258,498.5920175855205
83,44,398,498.7273804394541
338,730,326,499.66088500101745
76,56,382,500.3448810570565
342,735,327,501.9531850680898
54,228,258,502.7772866787043
339,733,324,503.08051045533455
77,46,388,503.75887088963503
155,470,218,505.0990001969911
59,245,248,505.7370858459957
58,244,248,506.0918888897549
75,57,372,506.4484179065031
119,421,214,507.00887566195524
71,71,357,507.05522381689354
73,59,368,507.7735715848157
70,68,357,509.14830845245865
69,71,353,509.9343094948603
68,70,353,510.6270654792987
51,207,258,511.3296392739228
50,208,257,511.812465655146
360,758,331,513.4744394806814
49,209,254,514.1147731781299
66,62,352,516.9187557053816
55,72,341,517.9806946209482
53,70,339,520.807066004293
52,71,336,522.3351414561345
48,227,237,522.5562170714267
122,435,197,524.1154452980755
41,155,270,525.1304599811365
125,443,196,525.3436970212929
40,154,270,525.6434152541055
44,206,242,526.2746431284714
241,640,240,527.273173981002
113,422,191,530.0037735714718
201,573,210,532.2800015029684
47,241,221,532.4368507156506
139,470,190,532.9887428454751
107,414,187,534.0936247513164
46,243,216,536.4568948200778
45,240,217,536.5370443874309
39,207,230,536.8146793820005
126,451,184,537.6783425060005
82,350,188,538.1124417814552
81,350,187,539.102958626643
196,571,200,541.3409276971398
198,574,200,542.1632595445767
174,521,187,542.7384268687817
271,683,243,543.658900414589
42,227,214,543.9283040989869
38,219,215,545.9496313763752
37,215,215,547.4641540776894
274,688,240,548.6866136511807
111,426,172,549.0036429751627
118,438,170,551.1778297428154
215,614,201,553.6244214266563
36,87,280,555.0225220655465
276,695,234,557.3239632386176
219,618,198,557.8216560873198
91,405,157,564.3199447122173
177,536,164,568.1487481285161
103,428,147,574.0139371130286
106,430,147,574.0313580284617
60,316,153,578.1764436571244
65,322,150,580.0387918062032
213,617,171,582.8799190227778
61,321,144,586.1211478866805
31,122,216,588.4122704362987
295,723,211,591.186095912277
67,331,135,593.3338014979427
181,545,140,593.4660900169445
97,425,127,594.0008417502453
353,781,246,594.2003029282298
28,121,209,594.9394927217389
56,321,135,594.9831930399379
64,328,133,595.7851961907077
57,323,131,598.5824922264266
180,547,131,602.6848264225672
179,546,130,603.4608520857007
247,669,168,604.8421281623826
190,585,131,611.572563151749
25,129,184,612.694050893266
27,177,159,613.8835394437613
26,160,166,614.5901073073012
43,293,118,617.0656367032602
34,220,138,617.6609102088297
189,585,123,619.293952820468
33,215,135,622.1551253505833
224,658,144,622.643557743915
30,206,136,624.2988066623226
239,668,143,627.3914248696742
24,138,162,627.9148031381327
32,217,128,628.0907577731103
238,668,142,628.3128201779747
22,134,162,629.7467745054356
21,135,161,630.1753724162822
29,206,127,632.7400730157684
297,737,165,638.0478038517177
18,131,153,639.1189247706565
299,741,166,639.1509993733875
298,738,164,639.4098841901023
17,129,152,640.9258927520405
16,109,162,641.6432030342097
15,100,167,641.7881270325901
14,106,162,643.1212949358776
258,687,134,643.2246885809033
261,689,134,644.045029481635
13,110,157,645.5168471852613
10,114,150,649.7237874666434
7,109,150,652.1242212952989
220,643,99,659.427782247609
269,714,114,672.7176227809109
11,161,101,673.4753150635886
35,260,65,676.1893226012963
8,158,99,676.4909459852364
4,149,102,677.3374343707868
12,167,94,677.626740912724
9,164,93,679.6940488190256
6,157,93,682.4023739700793
19,190,79,683.315446920381
23,200,75,683.7338663544464
2,143,96,685.2634529872435
3,146,94,685.86660510627
5,162,84,688.776451397694
20,199,67,691.6220065903051
0,136,63,718.267359692754
1,138,62,718.3849942753537
