197,520,263,23.53720459187964
195,515,265,28.861739379323623
212,534,291,34.20526275297414
225,579,257,36.013886210738214
214,534,294,37.107950630558946
213,573,209,57.4543296888929
203,567,200,62.76941930590086
208,573,199,66.18912297349165
179,520,185,76.53757247260981
243,585,326,79.92496481075234
162,470,219,82.76472678623425
253,596,325,85.42833253669417
231,613,199,91.54780172128658
261,600,332,93.40770846134703
263,606,327,93.43446901438462
233,616,198,94.49338601193207
264,605,330,95.01578816175763
182,535,162,96.33275663033837
269,611,328,97.59098319004681
257,640,240,98.65596788841515
270,615,326,99.03534722511958
142,470,189,100.44899203078147
277,614,336,105.47511554864494
279,644,294,107.2240644631605
223,603,165,110.6752004741803
229,617,172,113.45483682946268
222,602,160,114.38968484964018
126,443,194,118.72657663724664
187,546,139,119.03780911962383
127,451,182,119.33147112141039
210,485,363,119.95415791042844
258,653,204,122.53978945632312
221,604,150,124.03628501370073
224,614,156,124.27791436936813
271,587,375,125.0
123,435,195,125.03199590504823
226,617,155,126.82665335015349
186,547,131,127.06297651164952
217,485,372,127.90621564255585
184,546,130,128.03515142334936
120,421,212,130.38404810405297
234,628,159,130.4837154590564
238,631,159,132.45754036671525
201,586,129,135.9779393872403
117,438,170,137.0
113,421,192,138.70832707519762
299,673,309,139.64598096615597
288,683,243,140.80127840328723
285,682,233,141.23030836190935
200,583,121,142.72000560538106
245,539,403,145.0551619212498
290,687,238,145.38225476308997
110,427,170,145.60219778561037
107,414,187,147.24808997063425
227,497,399,148.3138563991915
294,692,245,149.56603892595405
293,693,234,151.90786681406595
262,669,166,156.01281998605114
133,392,305,158.14550262337528
105,430,145,159.80613254815975
124,385,282,159.81239000778382
103,428,145,161.22654868228122
244,658,144,161.92899678562824
242,507,418,164.0
130,385,304,164.5600194457937
230,487,414,165.74679484080528
228,486,414,166.0873264279969
306,629,401,166.86821147240718
109,376,256,167.01197561851666
112,376,266,167.19150696132863
289,591,421,169.92056967889437
241,496,422,170.60187572239644
90,405,157,171.011695506477
252,666,139,171.14321488157222
185,417,374,171.26587517658035
255,667,138,172.55723688098394
291,589,426,174.18381095842403
316,717,241,174.82848738120455
301,613,422,178.31432920547917
295,597,430,180.27756377319946
95,424,122,180.71247881648904
304,611,426,181.24017214734707
297,598,431,181.53236626012455
108,360,277,183.98369492974098
317,626,423,184.69975636150687
322,631,422,186.11824198610947
119,361,302,187.2431574183687
122,362,306,187.25650856512306
314,725,210,188.22327167489146
326,638,421,188.66372200293304
237,642,97,189.0026454841307
91,354,250,189.16923639957952
121,359,305,189.90787240133042
272,687,132,191.34262462922368
118,357,304,191.60375779195982
276,689,132,192.85227507084275
363,719,338,193.32873557751316
310,600,446,196.45101170520857
311,600,448,198.36582366930045
364,730,326,198.97989848223364
365,732,323,199.86495440671933
366,724,344,200.39211561336438
367,722,350,201.25854019146615
346,648,430,201.51674868357716
98,341,284,203.66639388961548
371,735,327,204.02205763103166
85,351,188,204.3624231604235
373,725,352,204.84140206510986
83,350,187,205.64532574313475
330,621,451,208.16579930430456
327,616,453,208.21623375712088
370,699,396,208.2786594925174
348,749,224,208.78697277368624
333,621,453,210.02142747824567
313,737,165,215.13948963405113
125,341,335,216.17816726024856
282,534,474,216.18741869035765
315,738,164,216.47401691658055
251,490,468,216.5848563496534
235,457,457,216.78791479231492
358,651,447,217.68095920406083
236,456,458,218.10318658836692
239,458,460,219.15519615103813
318,741,164,219.18029108475972
381,737,360,219.18029108475972
360,651,449,219.4196891803468
376,700,413,220.62184841941652
361,648,454,222.35332243976026
302,570,479,222.64321233758733
378,700,416,222.73975846265077
385,756,330,224.8399430706208
286,714,112,224.84883811129646
307,569,482,225.50388023269133
92,316,299,230.67292862405853
99,318,310,230.93072554339753
97,316,311,233.10512649875378
390,753,363,234.7871376374779
104,316,321,235.58013498595335
320,578,491,235.61409125941512
391,754,364,236.12920192132103
379,780,245,237.35627229968034
394,756,363,237.47420912595962
68,322,150,245.97764126033894
254,467,492,246.03251817595168
362,623,491,246.35137507227356
265,478,496,246.71643642043796
249,462,493,248.5678981686895
397,720,433,248.90560459740556
298,536,507,249.09837414162303
64,321,144,249.55961211702507
63,316,153,250.10797668207226
205,390,457,251.01792764661252
284,508,507,251.44780770569466
62,325,132,251.79356624028344
278,492,506,253.1896522372113
59,323,129,255.03137061938085
58,320,133,255.64428411368795
280,491,509,256.3298656028985
140,322,389,256.90854403853524
389,677,479,258.4511559269952
158,327,400,258.49564793241683
147,322,394,259.4937378820537
274,475,511,261.9790067925291
273,474,511,262.2403477728017
79,280,267,263.1539473388153
256,453,506,263.82570003697515
111,296,352,264.2820463065927
275,473,514,265.39781461044475
157,321,404,265.70660511172844
161,321,406,266.8107943843352
88,283,319,267.0599183703912
134,307,392,271.38901967470974
387,652,508,272.7288030260097
268,455,518,274.4886154287642
128,297,388,278.23730878514476
143,304,405,280.58866691297425
131,297,393,280.60826787534256
321,534,539,281.1440911703463
136,299,401,282.81619472724685
170,314,424,282.83740912404073
137,300,403,282.9734969922095
160,308,416,283.17662332897464
150,305,412,283.4783942384322
159,307,416,284.0070421662111
146,302,409,284.39760899135564
163,307,418,285.12453419514776
399,681,508,285.5591007129697
135,296,402,285.91082525850607
398,679,510,286.35642126552705
47,292,119,286.9181067831028
408,726,482,289.2490276561012
375,602,543,291.04295215655026
144,296,412,291.0755915565577
423,790,415,292.67387994148027
405,712,497,292.71487833726525
141,293,412,293.62561196189955
406,714,497,293.87412271242937
168,301,427,295.16944286290885
308,504,551,295.584167370311
400,680,521,296.5434200922354
61,245,248,298.1677380267691
132,284,407,298.8009370801906
382,611,549,298.8394217635953
334,530,557,299.2824752637548
60,243,248,300.1666203960727
429,800,415,301.16108646370634
164,294,429,302.062907355405
145,287,419,302.4185840850393
51,243,215,303.0659994126692
65,239,258,304.0
431,803,416,304.2433236736675
52,241,220,304.381339769704
151,288,425,304.81797847239915
50,240,217,305.761344842673
138,281,417,306.4718584144391
176,307,455,307.4166553718259
156,285,430,310.0774096899031
152,283,429,311.1928662421425
155,283,431,312.2963336320169
38,277,89,315.1459979120788
166,284,438,315.40608744918035
57,227,257,316.00158227451965
219,350,509,316.62280397975127
153,279,433,316.7349049283959
53,227,236,316.76489704511135
167,283,439,316.79804292324786
165,282,438,317.05046916855366
148,277,431,317.3089976663126
46,228,213,318.1980515339464
432,763,488,318.27660925679095
287,452,563,318.2860348805772
149,276,432,318.69264189811474
37,274,87,318.750686273771
266,415,550,318.8228348158268
220,348,512,320.22023671217283
433,763,491,320.45124434147544
403,656,561,323.3852192045889
41,219,215,326.84093990808435
40,215,217,330.55256768024054
424,700,553,334.17660001861293
114,239,397,334.2708482652952
55,208,255,335.01343256651666
54,208,253,335.0373113550191
56,207,257,336.0014880919428
49,206,242,337.37960815674677
48,206,238,337.5929501633587
42,206,228,338.3326765182459
36,262,66,340.3307215048327
35,220,138,344.570747452537
402,620,596,346.6597755725345
359,510,604,347.57013680694723
81,202,336,349.80708969373393
283,413,583,350.03571246374275
407,634,596,350.03571246374275
384,554,608,350.1728144787942
34,215,135,350.30415355801875
33,217,128,350.9643856575764
216,314,524,350.9943019480516
76,197,318,351.1637794534055
355,501,607,351.51813608973293
404,625,600,351.6930479836074
281,403,582,352.95325469529246
352,494,608,353.41335571820144
209,308,522,353.4416500640523
199,297,512,353.598642531331
412,647,597,354.5941341872423
154,245,454,356.6791275081849
32,206,136,358.4034040016919
202,298,521,359.43566879206634
296,429,599,359.55110902345996
413,641,604,359.6109008358896
93,206,385,360.1360853899537
207,300,524,360.2846097184835
30,206,127,361.56603822815
94,205,387,361.7803200838874
218,307,533,362.38239471585814
101,206,398,364.9232796081938
411,631,613,365.7444463009657
344,470,618,367.3268299484806
372,507,624,367.7662300973269
215,295,534,371.0525569242179
194,269,509,371.5871364834902
419,638,618,372.3237838226293
415,627,621,372.5922704512266
193,266,509,373.80476187443094
198,272,516,374.1724201487865
196,268,514,375.71398696348797
247,345,580,378.0052909682614
246,344,580,378.53005164715785
368,492,634,379.443012849097
401,577,636,379.52602018833966
28,177,157,379.6801285292661
305,418,617,380.1394480976685
169,230,474,380.2959373961284
100,192,405,380.5390912902379
380,511,638,381.34498816688284
328,442,626,381.6084380618437
102,190,407,383.15793088490284
340,450,631,384.419042192241
386,517,643,385.87692338360944
337,443,631,386.17224136387637
45,155,270,388.1855226563711
44,154,270,389.1850459614295
25,201,72,389.30707674020005
89,177,392,389.75889983424366
393,528,650,392.28688481773133
377,492,647,392.32894361747003
374,485,647,393.30013984233466
27,160,166,393.89465596781076
21,198,64,395.8042445452044
86,161,365,396.7026594314689
20,188,78,398.02638103522736
383,499,654,398.43694607804633
446,722,614,398.4683174356526
240,301,576,399.6098096894019
369,470,651,399.7224036753507
232,295,574,401.69640277204377
443,702,628,402.7170222376998
73,143,334,407.15598976313737
206,255,546,407.29350596345137
448,710,632,409.59125967237145
447,704,635,409.93901985539264
13,167,94,410.20970246935894
388,490,666,411.42800099166806
12,161,101,413.0048425866215
10,164,93,413.359407779719
24,138,161,416.45407910116575
9,158,99,416.54051423601044
6,162,83,419.26841044848584
23,135,161,419.3721497667674
43,124,283,419.74516078211076
7,157,93,419.78685067543506
26,129,183,420.7386362101774
66,128,329,421.02969016448236
174,204,508,421.21372247352053
22,133,161,421.3181695583517
67,128,331,421.37156999493925
31,123,214,422.298472647013
177,204,511,423.0011820314454
444,675,660,423.1170050943356
5,149,102,423.7593656782113
173,201,509,424.2228188110583
29,121,208,424.9517619683439
19,131,153,425.1693780130455
18,130,152,426.38597537911585
442,661,669,427.6037885706814
445,675,665,427.87030745308795
4,146,94,429.54045211132325
3,143,95,431.9363379017792
259,299,615,432.4176222126013
260,299,616,433.2435804486894
2,146,84,433.45703362617155
441,649,679,434.1393785410395
87,133,402,434.5526435312527
183,197,524,436.4309796519949
426,568,695,437.71451883619306
267,299,622,438.21455931997514
192,204,536,438.41190677261494
450,724,658,439.04555572286574
248,283,614,440.8355702526737
449,670,681,441.65371050179124
11,114,150,442.3855784267837
175,185,518,442.45225731145274
178,185,519,443.0406301909566
190,198,537,443.69584176550495
309,353,659,443.73528144604416
14,110,157,444.6234361794259
16,107,162,446.44372545708376
15,107,160,446.8780594300866
8,109,150,447.2359556207439
171,168,502,447.3935627610214
181,183,524,447.6114386384691
303,346,660,447.67510540569486
1,139,62,449.0345198311595
312,351,664,449.1102314577124
172,166,504,450.1610822805543
0,136,62,451.7355421040058
191,190,540,451.8108011103763
17,100,167,452.24993090104505
439,587,710,454.1365433435191
189,184,538,455.2812317677943
425,542,714,456.00109648990974
39,87,278,456.43838576526406
188,180,536,457.22314027179334
319,350,673,457.68329661459137
329,360,678,458.1364425583278
336,363,680,458.7853528612264
250,266,624,459.0043572777932
440,598,717,462.28346282340664
180,167,528,462.8995571395592
323,350,679,463.1306511126207
96,111,428,464.2456246428177
436,550,723,465.0526851873882
437,552,723,465.0870886188951
414,505,722,465.5534340975266
342,361,687,466.00965655230794
350,368,690,466.0997747263991
324,347,681,466.20274559466077
211,199,574,467.1102653549802
417,506,724,467.4665763453041
351,368,692,467.95405757403154
418,505,726,469.5402006218424
354,368,694,469.809535875976
300,316,671,471.27274480920283
338,351,689,471.8315377335432
339,349,691,474.4733922992943
410,484,730,475.6732071496144
392,424,722,479.0167011702202
395,424,724,480.9542597794514
452,705,711,481.09562459037187
71,71,353,481.46547124378503
70,70,353,482.4458518839187
72,68,357,485.2071722470722
292,285,672,487.8114389802683
69,61,352,491.0804414757322
420,483,746,491.6746892000848
416,471,747,494.2721922180126
74,59,367,496.1219608120568
75,57,372,499.1913460788358
129,96,482,499.98499977499324
80,59,386,500.6395909234506
139,102,495,500.6495780483591
77,56,380,502.04880240869016
421,470,757,504.31141172890386
451,645,752,504.42045953747754
427,482,759,504.6999108381138
409,438,754,506.9921103922624
422,461,763,511.61411239331545
78,45,387,514.4365850131578
332,297,710,514.6066458956783
84,47,397,515.1087263869639
396,382,748,515.772236554082
335,294,712,517.8001544997838
434,477,772,518.2200304889806
430,467,771,518.5990744303349
82,43,397,518.9614629237898
428,463,771,519.2003466870954
435,477,773,519.2119027911436
345,292,721,526.6592826486589
325,277,713,527.0493335542699
438,480,782,527.7736257146619
356,302,729,529.0765540070737
106,48,454,532.3917730393662
349,289,727,533.3638532934154
331,273,719,534.248069720425
116,49,464,535.2307913414548
347,283,727,536.2471445145419
115,47,464,537.0772756317288
343,278,726,537.8187427005496
353,286,732,539.1892061234164
341,275,726,539.3032542086131
357,278,740,550.0445436507847
