131,297,393,10.04987562112089
128,297,388,10.770329614269007
136,299,401,12.041594578792296
137,300,403,13.038404810405298
143,304,405,13.341664064126334
135,296,402,14.866068747318506
147,322,394,15.132745950421556
140,322,389,15.297058540778355
146,302,409,17.72004514666935
157,321,404,18.439088914585774
161,321,406,19.79898987322333
150,305,412,20.09975124224178
158,327,400,21.540659228538015
144,296,412,22.825424421026653
159,307,416,24.0
160,308,416,24.020824298928627
141,293,412,24.413111231467404
163,307,418,26.0
132,284,407,27.459060435491963
170,314,424,32.7566787083184
145,287,419,33.60059523282288
168,301,427,35.510561809129406
138,281,417,36.069377593742864
151,288,425,38.07886552931954
164,294,429,39.21734310225516
111,296,352,41.48493702538308
156,285,430,43.9089968002003
152,283,429,44.10215414239989
155,283,431,45.79301256742124
148,277,431,49.20365840057018
153,279,433,49.64876634922564
149,276,432,50.60632371551998
166,284,438,51.42956348249516
165,282,438,52.354560450833695
167,283,439,52.773099207835045
176,307,455,63.0
125,341,335,66.37017402418047
114,239,397,68.18357573492314
104,316,321,71.56814934033156
88,283,319,76.84399781375251
97,316,311,81.49846624323675
99,318,310,82.73451516749222
154,245,454,87.68124086713189
92,316,299,93.43446901438462
101,206,398,101.17806086301516
118,357,304,101.21264743103995
93,206,385,101.24228365658294
121,359,305,101.35580891098448
122,362,306,102.08329931972223
94,205,387,102.12247548899312
119,361,302,104.95713410721541
205,390,457,105.4229576515476
185,417,374,111.46299834474219
169,230,474,112.48555462813881
98,341,284,113.22543883774529
100,192,405,115.73245007343446
130,385,304,117.5925167687128
102,190,407,117.957619508025
81,202,336,119.0
199,297,512,120.41594578792295
133,392,305,121.63058825805291
194,269,509,123.01625908797584
193,266,509,123.97580409095961
219,350,509,124.65151423067431
108,360,277,126.62543188475212
220,348,512,126.81088281373961
79,280,267,127.88275880665071
196,268,514,128.08200498118384
198,272,516,128.84486796143648
202,298,521,129.31357237351384
89,177,392,130.0
209,308,522,130.00384609695206
207,300,524,132.1854757528224
216,314,524,132.1854757528224
76,197,318,132.5745073534124
124,385,282,134.84806264830058
218,307,533,141.0
215,295,534,142.50614021858848
112,376,266,143.65583872575453
86,161,365,148.47558721890948
91,354,250,149.57606760441325
65,239,258,150.2664300500947
109,376,256,152.50245899656832
174,204,508,155.12897859523216
61,245,248,156.7801007781281
57,227,257,156.92354826475216
177,204,511,157.3848785620779
60,243,248,157.58172482873766
173,201,509,157.87653403846943
206,255,546,162.5423021862309
236,456,458,162.96318602678338
235,457,457,163.47782724271815
239,458,460,165.60495161679194
56,207,257,168.00297616411441
55,208,255,169.0266251216062
54,208,253,170.65169205138284
183,197,524,171.8254928699464
73,143,334,173.95401691251627
87,133,402,174.28711943227475
53,227,236,175.31685600648902
175,185,518,175.38529014715002
178,185,519,176.1050822662424
192,204,536,177.04519197086375
171,168,502,177.2596964907703
217,485,372,179.12007146045917
172,166,504,180.06943105369106
210,485,363,180.34688796871433
228,486,414,180.34688796871433
49,206,242,180.83417818543043
181,183,524,181.10770276274835
230,487,414,181.3394606807906
190,198,537,181.40011025354974
232,295,574,182.3951753747889
240,301,576,184.09780009549272
48,206,238,184.16568627190028
52,241,220,184.22811946062956
249,462,493,185.00270268296083
256,453,506,185.23498589629335
50,240,217,187.38729946290383
51,243,215,188.2153022471871
191,190,540,188.66107176627614
254,467,492,188.67962264113208
67,128,331,189.10843450253614
66,128,329,189.76301009416983
227,497,399,190.12890364171355
189,184,538,190.90573590125572
241,496,422,191.36614120580475
266,415,550,191.38442987871298
246,344,580,191.60636732634956
247,345,580,191.80198122021577
188,180,536,192.00260414900626
42,206,228,192.6058150731696
268,455,518,194.3707796969493
45,155,270,194.90510511528424
180,167,528,195.18196638009363
46,228,213,195.65786465153911
44,154,270,195.68597292601225
41,219,215,197.6689151080665
40,215,217,197.70938268074178
251,490,468,198.15398053029367
96,111,428,199.2786993132984
265,478,496,200.14244927051334
242,507,418,201.6829194552677
273,474,511,205.0609665440988
274,475,511,205.8761763779384
275,473,514,206.00970850908945
85,351,188,208.6911593719293
83,350,187,209.4612135933524
211,199,574,211.6317556511782
281,403,582,212.8755504984074
43,124,283,213.00234740490538
120,421,212,213.06337085477645
278,492,506,217.30393461693234
280,491,509,218.04815981796315
283,413,583,218.44221203787512
259,299,615,223.14345161801185
248,283,614,223.29352879114074
260,299,616,224.1428116179504
287,452,563,224.2008028531566
129,96,482,229.3926764306132
139,102,495,229.42101037176172
267,299,622,230.13908837917995
113,421,192,230.20860105565126
107,414,187,231.2444593930847
284,508,507,231.5728826957077
245,539,403,232.26062946612367
123,435,195,234.93190502781866
250,266,624,235.5949914577982
162,470,219,237.6930794112441
63,316,153,239.1693960355296
71,71,353,239.20075250717753
70,70,353,240.18742681497713
126,443,194,240.20824298928628
296,429,599,240.2769235694514
282,534,474,241.3565826738521
72,68,357,241.54916683772686
68,322,150,242.46443038103547
195,515,265,243.70679104202247
214,534,294,247.25088473046966
39,87,278,247.78216239269526
80,59,386,248.07257002740147
64,321,144,248.39484696748443
212,534,291,248.4552273549502
197,520,263,249.0180716333656
69,61,352,249.23081671414553
74,59,367,249.25689559167665
75,57,372,250.79872407968904
305,418,617,250.89041432466087
77,56,380,251.2866888635369
110,427,170,252.3568901377571
308,504,551,253.16002844051033
90,405,157,254.61539623518448
127,451,182,254.62914208707534
31,123,214,256.00781238079435
298,536,507,256.2537804599183
117,438,170,257.76927667974707
58,320,133,259.3260495977988
84,47,397,260.0480724789169
142,470,189,260.3420826528051
62,325,132,260.62233212063774
29,121,208,261.6333312099206
78,45,387,262.0477055804916
59,323,129,263.48624252510797
82,43,397,264.04734423962685
106,48,454,266.3174797117155
116,49,464,267.8581714265966
35,220,138,268.48649872945197
28,177,157,268.5609800399157
27,160,166,269.60155785900054
115,47,464,269.785099662676
328,442,626,270.14995835646545
321,534,539,270.44038160008574
303,346,660,270.8228203087768
309,353,659,270.9335711941213
204,543,258,271.38901967470974
34,215,135,272.9706943977686
47,292,119,273.41177736154674
26,129,183,274.5268657162719
337,443,631,274.98545416076104
103,428,145,275.04545078950133
32,206,136,275.2035610234722
312,351,664,275.5358415887124
105,430,145,275.93115083295686
302,570,479,277.01624501101014
307,569,482,277.02707448911923
334,530,557,277.4058398808504
340,450,631,278.5139134765084
344,470,618,278.6485241303101
33,217,128,278.919343180067
300,316,671,279.1451235468748
271,587,375,280.515596714336
292,285,672,280.8629559055448
30,206,127,283.5947813342128
291,589,426,284.0422503783548
319,350,673,284.27099746544667
289,591,421,285.4767941532201
352,494,608,285.70089254323307
243,585,326,285.72714256787015
24,138,161,286.22019495486336
23,135,161,288.00173610587836
320,578,491,288.5168972521367
22,133,161,289.2006224059692
355,501,607,289.5876378576958
323,350,679,290.20337696174386
329,360,678,290.8693864950383
324,347,681,291.75503423248756
295,597,430,292.4790590794493
336,363,680,293.393933134276
359,510,604,293.51831288694746
297,598,431,293.6017711118242
95,424,122,294.2600890368927
253,596,325,296.66479400158016
19,131,153,296.8113879216901
179,520,185,297.0151511286924
310,600,446,297.9345565724124
18,130,152,298.20965779129284
311,600,448,298.30353668704635
261,600,332,299.08025678737135
342,361,687,299.90165054564136
338,351,689,300.24156940703597
339,349,691,301.93542355940946
225,579,257,303.65934861288235
350,368,690,304.1792234851026
264,605,330,304.381339769704
38,277,89,304.48152653322006
368,492,634,304.6128690649822
16,107,162,304.7950130825634
17,100,167,305.73517952633455
304,611,426,305.8954069612684
263,606,327,305.9836596944353
369,470,651,306.0228749619871
351,368,692,306.13885738337757
15,107,160,306.30703550522634
372,507,624,306.30703550522634
14,110,157,306.64963720832935
37,274,87,306.7800515027012
301,613,422,307.46707140765494
354,368,694,308.09901006007794
11,114,150,309.5367506452182
269,611,328,310.6638054231616
374,485,647,310.9807067970616
277,614,336,312.06569821112987
8,109,150,312.6787488781417
327,616,453,314.9634899476446
270,615,326,314.9920633920798
377,492,647,315.03968004046726
332,297,710,318.1571938523471
330,621,451,319.49491388752966
380,511,638,319.5809756540586
333,621,453,319.8702862098948
335,294,712,320.2639536382451
317,626,423,320.50273009757655
306,629,401,322.1257518423512
325,277,713,322.3988213377958
213,573,209,322.86994285625286
203,567,200,323.20891076825217
182,535,162,323.8579935712565
383,499,654,324.8199501262199
322,631,422,325.38592471094995
12,161,101,325.5718046760192
386,517,643,327.26289126633344
384,554,608,328.12345237730267
208,573,199,328.64114167279786
9,158,99,328.70959827787203
331,273,719,328.76283244916846
36,262,66,329.0911727773931
13,167,94,329.24762717444145
345,292,721,329.34176777323586
388,490,666,329.49203328760467
5,149,102,330.2483913662563
362,623,491,331.14498335321343
375,602,543,331.40006035002466
10,164,93,331.436268383531
326,638,421,332.26796414941964
7,157,93,334.51606837340415
343,278,726,335.25661813005274
349,289,727,335.4832335601885
341,275,726,335.5294323900662
20,188,78,335.7930910545957
347,283,727,335.85860119996926
356,302,729,337.0370899470858
25,201,72,337.0993918712996
4,146,94,338.71079108879894
3,143,95,339.27127788835884
393,528,650,339.7131142596647
353,286,732,340.64791207344865
6,162,83,341.3297525853848
382,611,549,342.14762895568924
346,648,430,343.11076928595526
21,198,64,345.6370929168338
361,648,454,346.5905365124674
2,146,84,347.5413644445795
187,546,139,348.037354317033
358,651,447,348.3690571793081
360,651,449,348.69040709488985
357,278,740,349.20624278497655
392,424,722,350.1271197722336
279,644,294,350.96011169362254
395,424,724,352.0127838587684
186,547,131,354.5715724645731
184,546,130,354.63361374804845
231,613,199,361.7803200838874
396,382,748,363.8145131794497
401,577,636,363.91757308489514
387,652,508,363.9793950212017
233,616,198,364.8520247990958
257,640,240,366.0505429582095
1,139,62,370.30257898102735
0,136,62,371.6732435890429
223,603,165,373.02144710458674
402,620,596,373.6107600163571
299,673,309,375.2932186970609
222,602,160,375.2985478255944
404,625,600,379.984210198266
389,677,479,380.0907786305792
229,617,172,380.13155617496426
410,484,730,381.54029931319184
221,604,150,383.109644879896
201,586,129,383.4188310451118
414,505,722,384.84282505978985
409,438,754,384.974025097798
407,634,596,385.4153603581466
200,583,121,386.80356771881
417,506,724,387.07234465923807
224,614,156,387.227323416104
403,656,561,387.7653929891114
418,505,726,388.2782507429434
226,617,155,390.2166065148945
398,679,510,390.26657556085945
416,471,747,391.05114754978024
399,681,508,391.57630163226173
370,699,396,392.02040763205173
411,631,613,392.1951045079477
415,627,621,393.49841168675636
376,700,413,393.5606687665829
378,700,416,393.7321424522006
258,653,204,393.77658640401665
400,680,521,394.6770831958704
420,483,746,395.337830216133
413,641,604,395.60080889704966
234,628,159,396.6484589658707
412,647,597,397.0201506221063
425,542,714,398.63391727247694
238,631,159,399.0801924425716
421,470,757,399.7424170637887
426,568,695,399.9124904275934
419,638,618,400.7954590561126
422,461,763,401.69266859130005
288,683,243,404.4465354036303
427,482,759,406.5882438044661
285,682,233,407.31560245097415
428,463,771,409.84997255093236
290,687,238,410.01951173084433
436,550,723,410.62148019800424
430,467,771,411.389110210759
437,552,723,411.80820778610035
294,692,245,412.1092088269807
397,720,433,415.03011938894264
363,719,338,415.5237658666469
434,477,772,416.293165929973
293,693,234,417.0851232062827
367,722,350,417.1198868430993
435,477,773,417.20618403853985
405,712,497,418.3897704294406
366,724,344,419.75349909202663
373,725,352,419.90951406225605
406,714,497,420.3260639075336
439,587,710,423.7027259765979
424,700,553,424.6998940428406
438,480,782,426.64856732444326
262,669,166,426.75519914817676
364,730,326,428.117974394909
408,726,482,428.55688070546717
244,658,144,429.7731959999367
365,732,323,430.56474542163807
381,737,360,431.18905366439907
371,735,327,432.9076113906985
440,598,717,436.2407592144503
316,717,241,436.9221898690887
252,666,139,439.1924407364043
255,667,138,440.5859734489967
237,642,97,446.37428241331287
441,649,679,446.4672440392464
390,753,363,446.94183066703437
391,754,364,447.87609893808803
442,661,669,449.4941601400401
394,756,363,449.9355509403541
385,756,330,453.2604108015612
444,675,660,455.2449889894451
314,725,210,455.9034985608248
445,675,665,458.20628542175194
443,702,628,460.1315029423654
272,687,132,460.43457732885355
276,689,132,462.0865719754254
449,670,681,463.99353443771173
447,704,635,465.4653585391721
432,763,488,465.99570813474236
433,763,491,466.62297414508
448,710,632,469.0511699164602
446,722,614,470.64742642449454
348,749,224,472.8509278831966
423,790,415,483.54730895745865
313,737,165,486.2396528462071
315,738,164,487.59101714449173
318,741,164,490.2448367907611
429,800,415,493.5362195421933
451,645,752,493.8056297775472
286,714,112,494.0131577195085
450,724,658,494.6160126805439
379,780,245,495.31606071275337
431,803,416,496.58030569083184
452,705,711,510.0637215093816
