160,282,438,1.4142135623730951
162,284,438,1.4142135623730951
150,279,433,7.211102550927978
151,283,431,8.0
147,276,432,9.899494936611665
149,283,429,10.0
146,275,431,11.313708498984761
152,289,427,13.416407864998739
161,294,430,14.212670403551895
142,287,419,20.396078054371138
164,301,429,20.591260281974
137,281,418,21.095023109728988
171,307,455,28.844410203711913
140,294,412,29.154759474226502
141,296,412,29.966648127543394
158,307,418,31.89043743820395
131,284,407,32.01562118716424
154,307,416,33.24154027718932
157,308,416,33.97057550292606
148,305,412,34.828149534535996
144,302,409,35.510561809129406
135,296,403,38.27531841800928
134,297,402,39.56008088970496
143,305,406,39.66106403010388
136,300,403,39.81205847478876
153,245,455,41.23105625617661
130,295,394,46.57252408878007
159,321,408,49.040799340956916
133,307,392,52.773099207835045
127,297,388,52.88667128870941
132,309,390,55.47071299343465
156,327,401,58.137767414994535
145,322,394,59.54829972383762
114,239,397,60.8276253029822
165,230,475,64.07027391856539
184,269,509,71.386273190299
188,297,512,74.33034373659252
186,268,514,76.48529270389177
191,298,521,83.3606621854697
100,207,399,85.88364221433555
195,300,524,86.68333173107735
197,308,522,86.68333173107735
205,315,524,90.82400563727631
110,296,349,90.93404203047393
93,206,385,94.04786015641186
94,202,388,95.71833680126291
204,296,535,96.87620966986684
209,350,509,96.89685237405806
207,307,533,97.01546268507923
101,191,408,97.082439194738
210,348,512,97.74456506629922
169,205,508,104.1393297462587
168,201,508,107.16809226630845
193,255,546,110.60289327137876
194,392,458,110.64357188738983
90,177,392,115.95257651298655
124,340,336,117.72000679578642
176,197,521,118.82760622010359
89,283,320,119.0
102,315,321,122.2620137246234
170,185,518,125.87692401707312
172,185,519,126.50691680694776
80,203,337,129.63024338479042
99,316,313,130.24976007655445
175,183,524,131.24404748406687
166,168,503,131.60927019021113
98,317,311,132.43866504914644
167,166,504,133.843191832831
216,295,574,135.5322839769182
183,190,538,135.83077707206124
221,301,576,138.1774221788784
182,180,536,141.48498153514387
86,161,365,142.68847185389575
95,319,300,143.58621103713267
173,167,528,146.2087548678259
74,198,317,148.69095466772686
178,417,372,149.81655449248592
227,344,580,153.62942426501507
120,360,306,153.68148880070103
88,133,402,154.49595463959565
228,344,581,154.5477272560163
117,357,303,154.82893786369524
200,203,574,156.92354826475216
121,363,303,157.78466338652817
104,344,292,159.15401345866212
129,384,307,166.20770138594662
79,280,269,170.02646852769718
249,414,550,171.7032323516363
96,111,428,172.35138525698017
218,456,458,174.04022523543227
217,457,457,174.92855684535903
72,143,334,175.0
222,458,461,176.3774361986249
242,299,615,176.72577627499618
211,459,421,176.91806012954132
232,283,616,177.0
244,299,616,177.72169254201918
105,358,277,178.51890656174209
229,265,622,183.88311504866346
253,299,623,184.69434208984313
240,455,507,184.95404834715026
62,239,258,186.27130750601393
265,403,582,186.67886864881092
138,105,496,186.90371852908652
230,462,493,186.96791168540125
123,385,282,187.22446421341417
54,228,258,189.1718795170149
251,455,518,189.274932307477
63,128,330,189.4887859478761
234,467,492,191.48106956041372
128,96,482,191.88017094009479
267,412,583,193.33132182861627
59,245,248,194.74342094150447
58,244,248,194.94101672044292
51,207,258,196.30843079195554
112,376,266,196.41283053812955
50,208,257,196.84765683136794
49,209,254,199.25109786397664
92,354,251,200.9601950635996
250,478,496,203.16003544004417
256,474,511,204.12006270820123
260,473,514,204.26698215815497
259,475,511,205.05608988762074
214,487,417,205.1828452868319
109,376,256,205.27542473467201
270,452,563,209.6115454835444
48,227,237,209.61870145576228
208,486,380,211.4000946073582
44,206,242,211.51359294381058
237,493,468,211.9929244102265
41,155,270,212.00235847744713
40,154,270,212.60761980700502
206,486,372,213.77090541044166
199,486,364,216.41164478835236
277,429,599,216.60101569475614
263,492,507,219.78398485785993
266,491,510,219.78398485785993
47,241,221,222.00900882621858
39,207,230,222.3892983036729
287,418,617,223.40322289528413
225,509,441,226.00884938426637
45,240,217,226.12607103118384
46,243,216,226.55904307707516
71,71,357,227.30596120647607
69,71,353,228.77936969928035
231,512,441,229.0087334579186
68,70,353,229.7063342618135
285,346,660,229.804264538324
70,68,357,230.10649708341572
78,59,386,230.18470844085192
42,227,214,231.8641843838759
233,515,441,232.0086205294967
55,72,341,232.64780248263682
293,353,661,232.7745690577044
38,219,215,232.96351645697658
275,285,672,233.0085835328819
84,53,397,233.80333616097099
76,56,382,234.04700382615454
37,215,215,234.0939982143925
282,316,671,234.33522995913356
116,50,465,234.44615586526473
294,347,665,234.88720697390056
73,59,368,234.98297810692586
53,70,339,235.30618351416098
52,71,336,235.69683918118207
75,57,372,235.72229423624742
268,509,507,236.00847442411893
108,47,455,236.5417510715603
296,350,666,236.68122020980033
115,47,465,237.42788378789885
66,62,352,237.507894605632
243,521,443,238.03361107205006
85,47,398,239.5349661322956
235,524,431,241.13274352522097
77,46,388,242.42524621004307
83,44,398,242.4912369550702
246,527,439,244.0
87,41,402,244.8121728999602
302,350,675,245.3263133053607
291,505,552,249.1043957861844
306,350,680,250.13996082193665
304,347,681,250.3197954617253
312,361,679,252.3568901377571
36,87,280,252.3826459961144
309,345,685,253.69272752682525
316,364,681,255.1960031034969
226,539,404,258.3815008858026
321,470,618,258.8628980754098
317,351,689,259.0829982843336
82,350,188,259.7883754135277
320,361,687,259.97692205270835
318,349,691,260.4995201531089
81,350,187,260.7546739753671
280,536,507,261.9790067925291
119,421,214,263.9488586828896
328,368,694,268.79360111431225
329,368,695,269.74246977441277
301,534,539,270.1869722988138
326,494,608,270.3368269400231
313,297,710,271.3613826615718
314,530,557,273.73892671668017
305,277,713,274.0656855573131
31,122,216,275.04545078950133
330,502,606,275.40878707840824
311,274,719,280.1446055165082
340,468,650,280.61717695109115
28,121,209,281.3254343282882
334,511,604,281.44093518889537
107,414,187,284.01584462842914
113,422,191,284.29737951659
341,490,634,284.3835438276976
122,435,197,285.77613616255644
322,280,726,287.01567901423084
319,275,726,287.1114766079545
60,316,153,287.8975512226528
324,285,727,288.00694436072195
325,289,727,288.0624932197873
288,569,482,289.21445330411825
155,470,218,289.4995682207488
203,535,296,289.74644087546613
347,485,647,289.9448223369405
185,515,265,290.0
343,507,624,290.51850199255813
331,303,729,290.68883707497264
289,571,480,290.90376415577714
125,443,196,290.9450119868014
65,322,150,291.61961525247233
202,535,292,291.7413237784459
327,286,731,292.0154105522515
350,492,647,294.8643756034289
187,520,263,295.2033197645311
61,321,144,297.4373883693844
25,129,184,297.8942765479055
27,177,159,299.3927186823354
26,160,166,299.4294574687
300,578,491,299.54799281584246
332,278,740,301.04152537482264
354,511,638,302.63013729633735
111,426,172,302.8828156234685
356,499,654,304.76384299978895
126,451,184,305.366992322353
273,589,426,306.27601930285044
56,321,135,306.36579443534487
362,490,666,307.21002587806277
91,405,157,307.25884853003015
34,220,138,307.52235691084314
67,331,135,307.7661449867415
272,591,421,308.52552568628744
64,328,133,309.2911249939125
118,438,170,310.46094762465697
57,323,131,310.5865418848666
359,516,645,311.0064308016797
139,470,190,311.40006422606916
33,215,135,311.5124395590006
257,588,375,311.64242329952447
30,206,136,312.6307726376276
24,138,162,312.65636088203934
278,597,432,314.0780157858872
22,134,162,314.5313974788527
21,135,161,314.94126436527813
279,598,431,315.1015709259476
364,424,721,315.28558482747036
192,543,260,315.6596268134397
290,599,447,316.10124960208555
292,599,449,316.15818825391824
368,424,723,317.0757007403752
32,217,128,317.9260920402728
357,554,608,319.3775195595332
43,293,118,321.155725466634
29,206,127,321.36116753584275
223,585,327,322.0993635510632
367,528,650,323.3357388226671
18,131,153,323.88269481403296
370,382,748,324.47187859658965
17,129,152,325.70692347569155
103,428,147,326.0199380406051
106,430,147,326.91436187478826
16,109,162,327.11618730964693
15,100,167,327.8307490154028
286,611,426,328.25752085824325
283,611,423,328.3900120283807
14,106,162,328.72176684850064
13,110,157,330.83681778181824
307,616,453,333.29416436535456
236,597,324,334.39647127324776
245,600,332,334.57136757349696
10,114,150,334.78649913041596
348,602,543,335.52496181357355
7,109,150,337.33810932060436
310,621,451,338.21295066865787
315,622,454,339.3316961322653
252,606,331,340.57745080965066
248,606,327,341.8669331772232
97,425,127,342.79439902075416
336,624,490,344.79269133785306
254,611,328,346.27301367562563
262,614,337,346.3596396810691
174,521,187,346.6237152879185
284,628,400,347.1973502203034
212,579,257,347.476617918386
358,612,551,347.5413644445795
303,632,423,349.3665696657309
255,615,327,350.3826479721848
380,485,731,355.0605582150741
375,580,634,355.2942442539704
308,638,422,355.4068091638088
11,161,101,359.3438464757676
385,505,725,362.04972034238614
386,472,748,362.2181663031273
8,158,99,362.2499137335991
4,149,102,362.6637561157718
12,167,94,363.9793950212017
335,648,455,365.3505166275258
9,164,93,365.8920605861789
323,649,431,366.0874212534487
389,484,747,367.78390394360656
333,651,449,368.13584449222003
6,157,93,368.2281901212888
201,573,210,369.5145463983793
390,470,758,369.77019890737546
2,143,96,370.47132142717874
3,146,94,371.20614219056233
19,190,79,371.8185041118852
23,200,75,373.34300582708124
376,622,596,373.5906851087163
177,536,164,373.6763305321866
196,571,200,374.25258850140233
35,260,65,374.70655185091175
5,162,84,375.05466268265485
361,652,508,375.3957911325059
392,541,713,376.3509000919222
198,574,200,376.56606326114945
394,482,760,377.6797585256589
395,465,771,378.61325914447315
396,467,771,379.5787138394354
20,199,67,381.3659659696969
393,568,695,383.0939832469312
378,634,596,384.5126785946076
399,477,773,386.25380257027894
400,477,774,387.1188448009216
381,631,613,389.0758280849634
384,627,621,389.17862222891944
264,645,292,390.7083311115851
401,557,719,391.76013069223876
377,656,561,392.44490059115304
402,559,719,393.1615444063674
383,641,604,394.1941146186736
387,639,611,395.3732413808502
403,480,782,395.5477215204254
363,677,479,396.0252517201397
382,647,597,396.8122981965151
181,545,140,397.54873915030845
388,638,618,397.57515012887814
373,680,512,403.655793963124
0,136,63,403.71400768365714
1,138,62,403.92326003833944
372,681,508,403.93687625667457
180,547,131,405.65995612088705
179,546,130,405.77087130546965
374,680,523,405.7893542221136
404,587,710,407.2554480912441
215,614,201,407.6824744822863
241,640,240,408.71750635371615
281,673,309,411.0960958218893
219,618,198,412.68147523241214
352,701,417,418.57854698968987
351,701,414,418.74694028732915
344,700,398,419.0107397191628
405,599,719,422.20374228564106
213,617,171,428.2289107475113
190,585,131,431.35600146514713
391,700,553,432.30197778867495
371,720,433,437.0411879903312
189,585,123,437.10410659246844
406,661,669,442.4748580428045
379,726,482,445.08201491410546
271,683,243,445.43910919451156
337,720,338,448.5197877463156
408,675,660,450.0055555212624
274,688,240,451.2493767308715
409,675,665,452.48204384262584
345,727,350,452.83219850182917
349,731,353,456.17978911828175
346,731,346,457.55109004350544
407,702,628,459.6542178638199
276,695,234,460.1836589884521
338,730,326,461.0618179810599
355,738,361,461.6373035186823
411,704,635,464.3888456886104
339,733,324,464.4620544242554
342,735,327,465.6694106337671
412,710,632,468.5915065384775
247,669,168,471.6322720086063
410,722,614,472.5949640019453
365,754,364,476.9339576922574
224,658,144,477.12681752339176
366,755,364,477.9215416781294
413,688,693,478.05961971285546
369,756,363,479.06680118747533
397,763,492,482.9171771639522
398,765,489,484.5864216009359
239,668,143,485.6346363265289
238,668,142,486.24479431660757
360,758,331,487.1231877051225
414,724,658,492.38399649054395
220,643,99,495.17673612559787
295,723,211,495.5643247853905
415,705,711,502.06374097319554
258,687,134,506.20252863848873
261,689,134,507.80015754231505
297,737,165,530.2754001459996
298,738,164,531.6483800407935
299,741,166,533.1913352634306
353,781,246,534.0908162475741
269,714,114,539.8018154841645
