354,511,638,14.560219778561036
330,502,606,18.681541692269406
341,490,634,19.72308292331602
334,511,604,20.396078054371138
326,494,608,20.615528128088304
359,516,645,22.847319317591726
350,492,647,27.459060435491963
356,499,654,31.04834939252005
347,485,647,31.827660925679098
367,528,650,33.421549934136806
321,470,618,37.48332962798263
362,490,666,45.31004303683677
340,468,650,46.87216658103186
357,554,608,49.64876634922564
314,530,557,70.83784299369935
291,505,552,72.02777242147643
375,580,634,73.68174807915459
277,429,599,81.9084855189009
270,452,563,82.13403679352427
301,534,539,89.1852005660132
287,418,617,89.27485648266257
393,568,695,93.60555539069249
392,541,713,95.2732911156112
385,505,725,101.01980003939822
267,412,583,103.46980235798269
401,557,719,107.35455276791944
402,559,719,108.30050784737807
380,485,731,109.23827168167757
265,403,582,112.16059914247963
266,491,510,115.11733144926528
260,473,514,115.13470371699404
268,509,507,117.01709276853532
259,475,511,117.44360348695028
404,587,710,117.45637488020819
256,474,511,117.72000679578642
263,492,507,117.957619508025
251,455,518,118.06777714516353
376,622,596,118.35962149314267
249,414,550,118.84864324004712
384,627,621,120.03749414245534
280,536,507,120.5404496424333
381,631,613,124.4869471069156
348,602,543,124.84390253432484
389,484,747,125.13193037750197
364,424,721,127.66362050325849
358,612,551,127.88275880665071
240,455,507,128.03515142334936
386,472,748,128.84486796143648
368,424,723,129.18978287774928
378,634,596,130.04999038831184
388,638,618,131.13733259449805
250,478,496,131.24404748406687
405,599,719,132.24598292575845
387,639,611,132.6386067478093
383,641,604,135.4843164355196
234,467,492,137.92751719653333
394,482,760,138.27870407260838
230,462,493,138.51353724455961
390,470,758,139.01438774457844
382,647,597,142.57980221616245
300,578,491,150.7647173578752
399,477,773,151.99013125857877
396,467,771,152.34500319997372
395,465,771,152.88230767489088
400,477,774,152.97058540778355
316,364,681,153.9415473483361
288,569,482,154.94515158597252
328,368,694,155.63097378092831
312,361,679,156.01602481796542
329,368,695,156.0833110873805
237,493,468,156.62694531912445
289,571,480,157.58172482873766
293,353,661,158.38244852255568
320,361,687,159.0125781188394
403,480,782,160.29036153181514
406,661,669,160.4400199451496
377,656,561,161.7714437099453
296,350,666,162.5207679036744
285,346,660,164.97575579460153
302,350,675,165.07574019219177
294,347,665,165.1696097955069
306,350,680,166.68833192518306
228,344,581,168.57639217873896
227,344,580,168.8342382338369
317,351,689,169.0
304,347,681,169.84993376507393
222,458,461,170.20575783445165
318,349,691,171.618763542918
408,675,660,171.81385275931623
409,675,665,172.93062192682936
309,345,685,173.1040149736568
218,456,458,173.65770930194836
217,457,457,174.3244102241565
370,382,748,176.07100840286
336,624,490,177.89041570584965
243,521,443,181.54062906137568
225,509,441,183.0109286354233
231,512,441,183.06829326784035
233,515,441,183.17477992343814
361,652,508,185.6906028855526
246,527,439,186.07794065928394
413,688,693,193.70596273734063
235,524,431,193.74725804511402
210,348,512,194.48650338776724
209,350,509,194.61243536834948
407,702,628,195.04102132628407
282,316,671,196.69773765857096
411,704,635,197.3068675946177
292,599,449,197.70938268074178
290,599,447,199.4818287463798
374,680,523,200.32473636573192
194,392,458,201.94306128213466
307,616,453,202.7856010667424
412,710,632,203.15757431117353
315,622,454,205.24375751773792
391,700,553,205.64532574313475
373,680,512,206.08978625831995
310,621,451,207.18349355100662
214,487,417,207.96393918177256
253,299,623,208.00240383226344
244,299,616,208.153789300123
242,299,615,208.19462048765814
211,459,421,208.5976989326584
372,681,508,209.1219739769114
221,301,576,211.51832071950648
278,597,432,212.0471645648675
279,598,431,213.37759957408838
273,589,426,214.30818929756276
410,722,614,215.23243250030885
415,705,711,216.2706637526227
205,315,524,216.48094604375694
216,295,574,217.81643647805828
414,724,658,219.64744478368056
272,591,421,219.69296757065302
207,307,533,219.72937900972642
335,648,455,220.0954338463204
226,539,404,222.31509170544405
363,677,479,223.4390297150433
197,308,522,223.61797781037194
286,611,426,223.6515146382872
232,283,616,224.1428116179504
283,611,423,226.31173190977086
333,651,449,226.62965384079817
313,297,710,226.92730113408567
275,285,672,227.1299187689724
204,296,535,229.00218339570478
331,303,729,229.43626565998673
195,300,524,229.88910370002316
191,298,521,233.00214591286493
303,632,423,236.6981199756348
188,297,512,238.0
323,649,431,239.61009995407122
308,638,422,240.75921581530375
325,289,727,241.10785968109792
229,265,622,242.00826432169626
324,285,727,244.7304639802736
208,486,380,244.90202122481554
327,286,731,245.5402207378661
305,277,713,246.6191395654441
322,280,726,248.86341635523692
311,274,719,251.62273347215668
206,486,372,252.87348615463821
319,275,726,253.4324367558344
284,628,400,254.59183019099416
332,278,740,256.7041098229633
199,486,364,260.8466982731428
379,726,482,261.00766272276377
171,307,455,261.8415551435639
257,588,375,261.84346468835156
186,268,514,263.09884074240995
193,255,546,263.7953752437673
184,269,509,264.3274484422683
178,417,372,267.5892374517331
164,301,429,283.6564823867066
352,701,417,283.6987839240768
159,321,408,285.04736448527285
351,701,414,285.8950856520622
371,720,433,286.09439001839934
156,327,401,286.58157651879856
158,307,418,287.1167010119753
157,308,416,287.862814548875
397,763,492,288.0277764383151
161,294,430,288.1058833137567
154,307,416,288.5550207499429
162,284,438,290.38767191463205
163,283,439,290.51850199255813
398,765,489,291.18550788114436
160,282,438,291.92636057745796
148,305,412,292.8275943281302
152,289,427,293.82477771624366
145,322,394,295.16944286290885
151,283,431,295.67718883945037
149,283,429,296.98653168115214
144,302,409,297.06901555025894
344,700,398,297.1952220342716
143,305,406,297.20026917888214
150,279,433,297.4306641891518
141,296,412,299.1070042643602
147,276,432,300.3747659175118
140,294,412,300.5212138934621
142,287,419,300.70749907509787
146,275,431,301.7830346457534
136,300,403,302.80356668969404
135,296,403,305.55195957479964
134,297,402,305.5879578779242
137,281,418,305.7973184970725
262,614,337,306.2972412543084
133,307,392,306.30703550522634
245,600,332,306.45228013509706
132,309,390,306.52895458667524
223,585,327,307.0716528760022
200,203,574,308.084404019418
252,606,331,309.2733418838423
131,284,407,311.15590947304855
153,245,455,311.77716401301745
130,295,394,312.80025575437116
248,606,327,313.06548835666956
236,597,324,313.2091952673165
254,611,328,313.73874481804125
165,230,475,314.5313974788527
127,297,388,315.9050490258109
255,615,327,316.0268975894299
169,205,508,323.5119781399137
176,197,521,326.663435358168
168,201,508,327.2491405641885
183,190,538,328.4585209733491
203,535,296,329.19295253695816
124,340,336,332.91590529741893
202,535,292,333.1786307673408
182,180,536,338.6340207362515
172,185,519,338.68717129528244
170,185,518,338.9985250705377
175,183,524,339.08111124036384
129,384,307,340.02646955788606
110,296,349,346.6208303030849
355,738,361,350.04285451927166
120,360,306,350.33269901623515
114,239,397,351.2164574731657
345,727,350,351.3915195334116
349,731,353,351.5920931989228
121,363,303,351.81955602268613
173,167,528,353.2930794680247
117,357,303,354.31765409022455
281,673,309,356.0631966379002
337,720,338,356.6020190632689
346,731,346,357.0154058300566
365,754,364,358.62096982747676
102,315,321,358.71018942873644
185,515,265,359.0891254271006
366,755,364,359.310450724718
264,645,292,359.5385931996731
166,168,503,359.9472183529135
369,756,363,360.72427143179596
187,520,263,361.23399618529817
167,166,504,361.4982710885351
123,385,282,363.1087991222466
99,316,313,364.9684917907298
192,543,260,365.7758876689386
98,317,311,366.1543390429779
104,344,292,369.8553771408495
338,730,326,372.2002149381432
212,579,257,373.99598928330767
342,735,327,374.42355695121535
95,319,300,374.59311259018097
100,207,399,375.0
339,733,324,375.6008519692148
89,283,320,377.6135590785903
105,358,277,377.6373922163959
112,376,266,381.21516234273787
101,191,408,382.76885975742596
93,206,385,384.3461981079038
94,202,388,385.64361786499205
360,758,331,385.8108344772085
109,376,256,390.6212999824766
92,354,251,403.16001785891416
90,177,392,403.3906295391602
241,640,240,406.3803636988382
155,470,218,407.6824744822863
80,203,337,418.07296013973445
119,421,214,418.9224271867048
201,573,210,419.22786166952216
271,683,243,419.68678797407955
79,280,269,421.37156999493925
138,105,496,421.8862405909915
274,688,240,424.51972863460657
196,571,200,428.8029850642367
198,574,200,429.26099287030496
86,161,365,432.20018509945135
125,443,196,432.7585932133526
276,695,234,432.9480338331611
122,435,197,433.02771273903477
128,96,482,434.8390506842733
88,133,402,434.92528093915166
139,470,190,435.5743334954437
74,198,317,435.5800730061007
215,614,201,436.323274648511
174,521,187,437.2241987813575
219,618,198,440.2238067165382
113,422,191,441.2640932593541
96,111,428,441.8506535018365
126,451,184,443.5493208201316
107,414,187,446.78630238627505
62,239,258,453.6298050172629
59,245,248,458.27939076506595
58,244,248,458.85182793577275
111,426,172,459.2003919858954
118,438,170,459.2134579909435
54,228,258,460.21408061900934
177,536,164,460.91322393700096
82,350,188,463.4058696218683
81,350,187,464.3468531173653
72,143,334,465.3987537585377
295,723,211,466.074028454708
213,617,171,466.1641341845166
353,781,246,466.8618639383603
51,207,258,473.2398968810639
50,208,257,473.38145295311267
49,209,254,475.0831506168157
48,227,237,477.6703884479338
91,405,157,478.0094141332365
63,128,330,479.66342366288467
47,241,221,482.8716185488644
106,430,147,483.17491656748905
103,428,147,483.49767321053366
116,50,465,483.86981720293323
247,669,168,483.92148123430104
181,545,140,485.4894437575342
46,243,216,485.9629615515981
44,206,242,486.3383595810637
115,47,465,486.70422229522524
45,240,217,486.7627758980754
108,47,455,490.06224094496406
180,547,131,494.62005620476003
39,207,230,495.2130854490822
179,546,130,495.5370823661939
42,227,214,496.4876634922564
190,585,131,499.1322470047392
41,155,270,499.2193906490412
40,154,270,499.9249943741561
38,219,215,500.22494939776846
37,215,215,502.5385557347814
224,658,144,503.19081867617575
97,425,127,503.71916779094283
189,585,123,507.03550171560966
239,668,143,507.2297309898149
78,59,386,507.2947860958163
84,53,397,507.5874308924523
238,668,142,508.17811837976654
60,316,153,508.25387357107275
65,322,150,508.82315198897936
71,71,357,511.2582517671475
76,56,382,511.825165461801
85,47,398,512.5192679304847
69,71,353,513.3585491642269
297,737,165,513.4014024133553
70,68,357,513.819034291257
68,70,353,514.2081290683764
299,741,166,514.3150785267724
298,738,164,514.7436255069119
61,321,144,514.7776218912395
83,44,398,515.213547958514
75,57,372,515.7557561481985
73,59,368,515.9844958911071
87,41,402,516.1782637810313
77,46,388,517.8967078481963
55,72,341,518.9547186412317
67,331,135,519.7085721825262
66,62,352,521.5448207009633
53,70,339,521.7221482743473
258,687,134,522.0153254455275
52,71,336,522.5322956526228
64,328,133,522.6107538120508
261,689,134,522.7083316726452
56,321,135,523.1797014411014
57,323,131,526.2176355843654
220,643,99,542.3292357968543
36,87,280,542.8959384633486
43,293,118,549.3923916473543
269,714,114,550.4080304646726
31,122,216,560.9714787758821
34,220,138,564.4156269984027
28,121,209,566.7636191570521
33,215,135,569.548066452692
27,177,159,570.1973342624464
30,206,136,573.3628868352049
32,217,128,574.5572208231309
26,160,166,574.6068220966403
25,129,184,580.0724092731872
29,206,127,581.0421671445197
24,138,162,591.2740481367333
22,134,162,593.7785782596068
21,135,161,593.9301305709283
18,131,153,602.6748708881099
17,129,152,604.7048867009428
16,109,162,609.7934076390135
35,260,65,611.1382822242442
14,106,162,611.7556701821406
15,100,167,611.9624171466742
13,110,157,612.9420853555415
10,114,150,615.7312725532138
7,109,150,618.9345684319143
11,161,101,627.0924971644932
23,200,75,629.0071541723512
12,167,94,629.6824596572466
8,158,99,630.4173220970375
19,190,79,630.4871132703665
9,164,93,632.1471347716448
4,149,102,632.9676137054723
6,157,93,635.9724836814876
20,199,67,636.4848780607439
5,162,84,640.8002808988149
3,146,94,641.2651557663179
2,143,96,641.3111569277428
1,138,62,672.3131710743141
0,136,63,672.5786199397064
