187,546,139,25.495097567963924
179,520,185,27.459060435491963
186,547,131,33.24154027718932
184,546,130,33.83784863137726
203,567,200,49.678969393496885
208,573,199,53.03772242470448
213,573,209,60.440052945046304
201,586,129,60.74537019394976
200,583,121,63.12685640834652
222,602,160,67.02984409947557
223,603,165,68.06614430096654
221,604,150,70.03570517957252
142,470,189,70.3846574190711
224,614,156,79.22752047110903
226,617,155,82.29823813423954
229,617,172,82.60750571225353
231,613,199,86.33075929238663
127,451,182,86.34813257969161
162,470,219,86.45229898620394
233,616,198,88.63972021616495
234,628,159,93.04837451562494
238,631,159,96.04686356149273
204,543,258,96.33275663033837
117,438,170,97.32933781753577
126,443,194,97.40636529508737
197,520,263,102.1077861869505
225,579,257,104.69479452198185
195,515,265,104.92378186092989
123,435,195,105.30432089900205
105,430,145,106.36728820459794
110,427,170,108.29589096544707
103,428,145,108.34205093129813
113,421,192,117.881296226331
95,424,122,117.98728745080972
107,414,187,123.5556554755791
244,658,144,124.31009613060397
120,421,212,124.48293055676348
237,642,97,125.19584657647394
258,653,204,125.25174649480941
212,534,291,129.00387591076478
90,405,157,130.09611831257686
257,640,240,130.80137613954986
214,534,294,132.00378782444085
252,666,139,133.00375934536586
262,669,166,134.05968819895114
255,667,138,134.16407864998737
272,687,132,154.9322432549145
276,689,132,156.8948692596415
285,682,233,163.24827717314508
288,683,243,168.71573726241425
290,687,238,169.941166289984
279,644,294,171.18703221914913
243,585,326,171.45261736118232
293,693,234,173.63179432350518
253,596,325,174.04022523543227
294,692,245,177.5894140989265
263,606,327,179.62739212046696
264,605,330,182.0
261,600,332,182.00274723201295
270,615,326,182.4719156473127
269,611,328,182.5705343148231
109,376,256,184.70787747142785
85,351,188,185.82787734890587
286,714,112,185.85209172887994
83,350,187,186.6815470259447
112,376,266,189.992105099133
277,614,336,191.09421759959145
124,385,282,192.09372712298546
314,725,210,195.96938536414305
316,717,241,198.40614909825754
91,354,250,201.25854019146615
299,673,309,201.62589119455865
313,737,165,202.02227599945508
133,392,305,202.2325394193526
315,738,164,203.0098519776811
318,741,164,206.00970850908945
130,385,304,206.55265672462312
210,485,363,207.12556578076016
108,360,277,209.40391591371923
62,325,132,212.13203435596427
68,322,150,213.3377603707323
59,323,129,214.55302374937528
64,321,144,214.75567512873786
217,485,372,215.87033144922904
58,320,133,216.9469981354893
63,316,153,219.18485349129398
271,587,375,219.25555865245468
348,749,224,222.80035906613796
119,361,302,223.32935319836486
122,362,306,225.08887133752305
121,359,305,226.77080940897133
118,357,304,227.7015590636129
98,341,284,229.17242417009948
227,497,399,240.0270818053663
245,539,403,241.03319273494262
185,417,374,242.62728618191318
47,292,119,246.7752013472991
365,732,323,254.42091109026396
363,719,338,254.62128740543278
364,730,326,254.7959968288356
230,487,414,256.5306999171834
228,486,414,256.71969149249145
306,629,401,256.8209493012593
242,507,418,257.52669764511796
92,316,299,258.3215051055564
379,780,245,258.6774052753738
371,735,327,259.2778432492835
125,341,335,259.9326835932719
366,724,344,262.3833073958784
99,318,310,262.6651861210389
241,496,422,262.90872941003687
97,316,311,264.8811054039151
289,591,421,264.9849052304678
367,722,350,265.1659857523208
38,277,89,268.1287004406652
373,725,352,268.70057685088807
291,589,426,269.46613887462746
104,316,321,270.6325922722539
301,613,422,271.4479692316743
37,274,87,271.56214758320056
304,611,426,274.7216773390844
295,597,430,275.0781707078917
79,280,267,275.77164466275354
297,598,431,276.27884464793897
317,626,423,276.40911707105465
322,631,422,277.1569952211201
385,756,330,277.6058356735319
326,638,421,278.72925931807015
381,737,360,282.85685425670704
370,699,396,285.74814085134483
36,262,66,289.3872837565604
346,648,430,290.84875794818174
310,600,446,291.34343994674055
311,600,448,293.29336848964044
390,753,363,296.52150006365474
51,243,215,296.7709554521803
88,283,319,296.90570893803977
391,754,364,297.9345565724124
394,756,363,298.7339953872006
52,241,220,299.66648127543397
50,240,217,300.0833217624732
376,700,413,300.37643050013094
330,621,451,301.5244600359977
327,616,453,302.062907355405
61,245,248,302.48305737677276
378,700,416,302.88776799336085
333,621,453,303.4419219554213
60,243,248,304.4010512465422
235,457,457,305.1376738457577
111,296,352,305.32114240582814
236,456,458,306.360898288277
358,651,447,307.7027786679867
239,458,460,307.7872641939559
251,490,468,309.2911249939125
360,651,449,309.5561338432821
65,239,258,311.17840542042757
46,228,213,311.20732639190874
140,322,389,311.28443584606026
282,534,474,312.00160255998685
361,648,454,313.1022197302344
147,322,394,314.9492022533158
35,220,138,315.91296269700615
158,327,400,316.0822677721735
53,227,236,316.76489704511135
302,570,479,318.9263237802737
33,217,128,319.81244503614926
41,219,215,320.41379495895615
34,215,135,321.13704239779
307,569,482,321.80118085550896
57,227,257,322.31816579274584
157,321,404,323.0479840519052
134,307,392,323.8579935712565
161,321,406,324.5489177304401
40,215,217,324.6921619010844
397,720,433,328.1249761904753
128,297,388,328.20725159569525
205,390,457,328.70959827787203
32,206,136,330.02575657060464
30,206,127,330.8564643467013
131,297,393,331.6700167334997
320,578,491,331.79813139919884
143,304,405,335.2760057027642
42,206,228,335.5547645318123
136,299,401,335.882419903156
137,300,403,336.60956611480907
254,467,492,336.93322780634145
48,206,238,337.66403421152216
49,206,242,338.58676879051256
135,296,402,338.7048862948393
265,478,496,338.82886535831034
249,462,493,338.9542742022882
54,208,253,339.42598604113977
146,302,409,339.5555919139015
150,305,412,339.70575502926056
55,208,255,339.9676455193935
362,623,491,340.5657058483722
160,308,416,340.6537831875642
159,307,416,341.32096331752024
56,207,257,341.4805997417716
170,314,424,342.7608495729931
163,307,418,342.81190177705327
298,536,507,345.00144927231827
144,296,412,345.86268951709724
25,201,72,345.9132839311032
284,508,507,346.0549089378736
278,492,506,346.67708317683764
389,677,479,347.3514070793438
141,293,412,347.9425239892359
280,491,509,349.7785013404912
132,284,407,350.7506236630236
21,198,64,350.96011169362254
168,301,427,353.52651951444886
256,453,506,353.63823322712153
274,475,511,354.1200361459374
273,474,511,354.290840976732
20,188,78,357.0224082603219
145,287,419,357.1456285606755
275,473,514,357.41852218372793
28,177,157,358.03491449857233
423,790,415,359.21302871694394
164,294,429,359.6804137008297
138,281,417,359.9180462271932
151,288,425,360.8018846957427
268,455,518,364.87806182339875
387,652,508,365.24649211183396
429,800,415,366.3795845840759
156,285,430,366.5023874410643
152,283,429,367.14166203251847
155,283,431,368.5986977730659
431,803,416,369.24246776339254
176,307,455,371.25866993243403
76,197,318,372.2633476451852
408,726,482,372.6674120445736
148,277,431,372.7264412407577
153,279,433,372.7961909676653
166,284,438,373.0643376148409
149,276,432,374.14034799791375
13,167,94,374.2298758784499
165,282,438,374.41287371029324
167,283,439,374.4769685841841
27,160,166,375.02133272655306
399,681,508,375.54227458436685
81,202,336,375.71931012392747
398,679,510,376.61651583540515
321,534,539,377.0013262576141
10,164,93,377.36189526765946
114,239,397,377.94311741318955
405,712,497,378.88520688989695
12,161,101,378.9419480606495
406,714,497,379.8236432872498
6,162,83,381.2741795611132
9,158,99,382.227680839575
7,157,93,384.2460149435515
375,602,543,386.84622267769396
400,680,521,387.17696212455616
308,504,551,390.2332635744934
5,149,102,390.6353798620908
219,350,509,393.2352985173127
382,611,549,394.3919370372574
4,146,94,394.89872119316874
334,530,557,395.03164430207363
45,155,270,395.04936400404443
44,154,270,396.01136347332255
2,146,84,396.7429898561536
220,348,512,396.8236384088025
24,138,161,397.0012594438461
93,206,385,397.4543999001647
3,143,95,397.68454835459727
432,763,488,397.81905434506274
94,205,387,399.4058086708304
23,135,161,400.0012499980469
433,763,491,400.2811511925087
22,133,161,402.0012437791704
19,131,153,404.1002350902558
101,206,398,404.89134344907893
18,130,152,405.123437979093
266,415,550,406.13298314714604
26,129,183,406.5427406804849
1,139,62,408.431144747802
287,452,563,409.49969474958095
0,136,62,411.34049156386243
154,245,454,411.5385765636072
31,123,214,415.26858778385827
29,121,208,416.54771635432115
403,656,561,416.9436412754127
100,192,405,420.3546122026021
11,114,150,421.17098665506387
102,190,407,423.14300183271376
199,297,512,423.2540608192673
216,314,524,424.1285182583223
424,700,553,424.3889725240278
14,110,157,425.0294107470682
89,177,392,425.5161571550486
86,161,365,425.54083235337123
209,308,522,425.5925281299003
8,109,150,426.1689805699143
16,107,162,428.0
15,107,160,428.0046728716872
73,143,334,428.07475982589773
43,124,283,428.44136121527765
202,298,521,430.17438324474875
207,300,524,431.5889247883917
17,100,167,435.0287346831241
218,307,533,435.4595273960601
169,230,474,436.3129610726686
194,269,509,437.2241987813575
283,413,583,438.32065887886233
193,266,509,439.0558051091
66,128,329,439.9295398129114
281,403,582,440.2544718682594
67,128,331,440.6926366528036
198,272,516,441.0045351240733
196,268,514,441.8065187386895
402,620,596,442.2454069857594
215,295,534,442.7008018967212
359,510,604,442.7064490155977
407,634,596,445.14828989899536
355,501,607,446.2969863218886
384,554,608,446.4045250666709
404,625,600,447.150981213281
352,494,608,447.8805644365471
412,647,597,449.1870434462686
296,429,599,449.67210275933286
413,641,604,454.53272709454046
247,345,580,459.15574699659373
246,344,580,459.57045161759476
344,470,618,460.6093789752875
411,631,613,461.1041097192694
39,87,278,462.77424301704605
372,507,624,462.8477071348631
419,638,618,467.48796775959914
415,627,621,468.12925565488854
87,133,402,468.1922681975857
305,418,617,469.80208598940897
328,442,626,473.22827472584515
368,492,634,473.9546391797426
206,255,546,475.24309568893267
240,301,576,475.55441329042463
401,577,636,475.85712141356044
380,511,638,476.6046579713631
340,450,631,476.6403256125105
232,295,574,476.80604023019674
337,443,631,477.93828053421294
174,204,508,478.8287794191155
177,204,511,481.00103949991626
386,517,643,481.3366805054441
173,201,509,481.62744938385725
377,492,647,486.90245429654595
374,485,647,487.5705077217038
393,528,650,488.0502023357843
446,722,614,489.1553945322488
369,470,651,493.30112507473564
383,499,654,493.3153149862672
443,702,628,495.0202016079748
183,197,524,495.2655853176152
175,185,518,499.2354154104054
192,204,536,499.43668267358976
178,185,519,499.94899739873466
171,168,502,500.2889165272403
96,111,428,500.5317172767376
448,710,632,501.52268144122854
71,71,353,501.77385344395935
447,704,635,502.2847797813507
70,70,353,502.6987169269482
172,166,504,503.1152949374527
190,198,537,504.1765563768312
181,183,524,504.9237566207397
388,490,666,506.0049406873415
72,68,357,506.0770692295789
69,61,352,510.6623150380298
259,299,615,510.78860598098703
260,299,616,511.6756785308444
191,190,540,511.77045635714455
189,184,538,514.3704890446185
188,180,536,515.6558930139362
267,299,622,517.0067697815958
444,675,660,517.3045524640199
248,283,614,517.5016908184939
74,59,367,518.2673055480154
180,167,528,519.0183041088243
75,57,372,522.0957766540541
445,675,665,522.1197180723976
442,661,669,522.4222430180399
80,59,386,526.0722383855662
77,56,380,526.2746431284714
309,353,659,529.275920480046
441,649,679,529.4194934076379
450,724,658,530.7890353049881
211,199,574,531.6389752454197
303,346,660,532.6584271369411
426,568,695,534.0205988536397
250,266,624,534.6073325348241
312,351,664,534.658769683992
449,670,681,536.2704541553636
78,45,387,539.1892061234164
84,47,397,541.6354862820567
129,96,482,543.2504026689718
319,350,673,543.4574500363391
329,360,678,544.8678738923777
82,43,397,545.2421480406664
336,363,680,545.8094905734051
139,102,495,546.239874048023
323,350,679,549.1029047455495
439,587,710,550.461624457146
324,347,681,552.0009057963583
425,542,714,552.0443822737444
342,361,687,553.0831763848906
350,368,690,553.7806424930362
300,316,671,554.1137067425782
351,368,692,555.6878620232765
354,368,694,557.5957316909805
338,351,689,558.1979935470926
440,598,717,558.5642308633807
339,349,691,560.7468234417382
414,505,722,560.8029957123981
436,550,723,561.2004989306406
437,552,723,561.2575166534521
417,506,724,562.7477232295125
418,505,726,564.797308775458
106,48,454,567.8318413051526
292,285,672,567.9788728465171
410,484,730,570.2850164610675
392,424,722,570.8949115205004
116,49,464,572.1887800367987
395,424,724,572.8568756679106
115,47,464,573.8884909109086
452,705,711,574.7181918123003
420,483,746,586.3104979445618
416,471,747,588.4904417235679
332,297,710,597.4512532416347
421,470,757,598.5398900658167
427,482,759,599.3479790572418
409,438,754,599.8941573311079
451,645,752,600.1666435249464
335,294,712,600.4839714763417
422,461,763,605.5386032285638
396,382,748,605.6442850386685
325,277,713,608.4118670769004
345,292,721,609.5326078234043
434,477,772,612.7511729894934
430,467,771,612.7846277445282
356,302,729,613.0073409022114
428,463,771,613.2413880357392
435,477,773,613.7466904187753
331,273,719,615.5428498488144
349,289,727,616.2312877483583
347,283,727,618.6509516682246
343,278,726,619.7943207226087
341,275,726,621.0442818350396
353,286,732,622.0136654447392
438,480,782,622.434735534578
357,278,740,632.5606690270903
