413,688,693,24.758836806279895
409,675,665,54.91812087098393
414,724,658,56.302753041036986
408,675,660,59.16924876994806
406,661,669,60.8276253029822
411,704,635,76.00657866263946
412,710,632,79.1580697086532
407,702,628,83.05419917138447
410,722,614,98.47842403288143
405,599,719,106.30145812734649
388,638,618,114.62111498323509
404,587,710,118.00423721205946
384,627,621,119.09659944767525
387,639,611,119.81652640600127
381,631,613,122.80065146407001
383,641,604,124.67958934805648
382,647,597,127.90621564255585
378,634,596,135.15176654413364
393,568,695,137.93114224133723
376,622,596,141.8238343861849
402,559,719,146.21901381147393
375,580,634,146.81280598094978
401,557,719,148.21605850919124
377,656,561,157.8005069700348
391,700,553,158.07909412695912
392,541,713,164.01219466856725
357,554,608,182.7840255602223
358,612,551,185.06485349736184
367,528,650,187.21645226849054
374,680,523,189.6549498431296
348,602,543,197.06090429103384
359,516,645,200.19240744843447
385,505,725,200.48940121612415
373,680,512,200.5642041840966
372,681,508,204.41379601191306
354,511,638,207.28000385951367
361,652,508,209.80467106334882
356,499,654,213.74049686477292
343,507,624,216.2706637526227
362,490,666,219.65882636488797
380,485,731,220.90722034374522
334,511,604,221.55134844996994
350,492,647,222.40728405337808
389,484,747,223.91292950609173
397,763,492,226.55021518418383
394,482,760,228.31995094603536
341,490,634,228.37250272307304
330,502,606,228.5475880424031
347,485,647,229.12005586591496
379,726,482,229.96086623597503
398,765,489,229.9652147608416
314,530,557,233.11156127485398
363,677,479,233.68354670365648
326,494,608,234.7977853387889
336,624,490,235.37629447333902
386,472,748,235.9194777885031
403,480,782,235.9364321167886
399,477,773,236.2794955132586
400,477,774,236.54386485385749
390,470,758,239.6539171388609
301,534,539,242.53865671269807
340,468,650,244.72433471152803
396,467,771,245.446531855718
395,465,771,247.38633753705963
321,470,618,252.73306075778848
300,578,491,254.02558926218438
291,505,552,255.50146770615623
335,648,455,262.26894593146176
280,536,507,264.90941848111027
288,569,482,266.3400082601185
289,571,480,267.0524293093025
333,651,449,267.5070092539633
315,622,454,270.07036120240963
307,616,453,272.91940202191563
310,621,451,273.23250172700904
371,720,433,278.40438214941946
364,424,721,281.1778796420515
368,424,723,281.2561110447202
292,599,449,282.630500831032
268,509,507,282.8992753613908
290,599,447,284.4855005092527
323,649,431,285.545092761196
270,452,563,293.1091946698363
266,491,510,293.59325605333646
352,701,417,294.0272096252318
263,492,507,294.93219559756443
308,638,422,296.66479400158016
351,701,414,297.0269348055829
303,632,423,297.1077245714086
277,429,599,297.85902705810344
278,597,432,299.1738624947039
279,598,431,299.7482276845019
286,611,426,300.1016494456503
287,418,617,302.00165562460086
283,611,423,302.95214143491376
260,473,514,304.35669862843497
259,475,511,304.7950130825634
256,474,511,305.5503231875234
273,589,426,307.7027786679867
272,591,421,311.60231064611827
250,478,496,312.65636088203934
344,700,398,313.0399335548102
251,455,518,315.83065082414026
267,412,583,319.7389560250674
284,628,400,320.3903868720159
237,493,468,322.479456710036
240,455,507,322.6701101744629
234,467,492,323.4269623887285
246,527,439,325.0661471147065
243,521,443,325.0846043724618
370,382,748,325.1122882943676
230,462,493,326.45520366506645
265,403,582,328.39762483915746
233,515,441,330.15148038438355
231,512,441,331.8870289722092
249,414,550,332.5687898766209
235,524,431,333.4081582685103
225,509,441,333.64052511647924
329,368,695,337.37960815674677
328,368,694,337.4285109471338
316,364,681,342.31710445141357
320,361,687,344.8361929960369
312,361,679,345.48516610702694
226,539,404,349.0057306119772
365,754,364,350.44257732187737
366,755,364,350.5837988270422
222,458,461,351.43847256667846
355,738,361,351.55227207344285
369,756,363,351.71721595622813
317,351,689,354.682957019364
218,456,458,354.9788726107513
217,457,457,354.9929576766277
293,353,661,355.5334020876238
257,588,375,355.78785814021256
306,350,680,356.3509506090871
318,349,691,356.5613551690648
302,350,675,356.8206832570108
296,350,666,357.8407467016578
349,731,353,358.9428923937623
304,347,681,359.25478424093393
309,345,685,360.93766774887877
294,347,665,360.9432088293115
345,727,350,361.6697388502389
285,346,660,362.60446770551516
346,731,346,365.92485567394846
214,487,417,366.0054644400818
337,720,338,373.3014867369269
211,459,421,380.2841043220187
360,758,331,383.67825062153315
228,344,581,383.69388840584884
227,344,580,384.03385267447453
262,614,337,384.9116781808523
342,735,327,385.1700922968968
338,730,326,385.8108344772085
339,733,324,388.0115977648091
282,316,671,391.05114754978024
252,606,331,392.68435161080714
245,600,332,393.2759845197772
254,611,328,394.3665807342199
255,615,327,394.4058823090751
248,606,327,396.55642725846724
208,486,380,396.8904130865345
236,597,324,401.78725713989485
223,585,327,402.31331074176506
331,303,729,402.40278329057315
194,392,458,402.4649053023133
281,673,309,403.27162062312294
206,486,372,403.58642197180023
313,297,710,408.0012254883556
209,350,509,408.4470589929618
210,348,512,408.71750635371615
199,486,364,410.3291361821629
253,299,623,415.4274906647368
325,289,727,416.307578600246
244,299,616,416.9664255068986
242,299,615,417.1953978653168
327,286,731,419.47705539159114
324,285,727,420.3046514137097
275,285,672,421.8068278252499
264,645,292,423.27414284361856
322,280,726,425.26462349929835
221,301,576,425.9589182069088
332,278,740,427.9836445473121
305,277,713,428.0046728716872
319,275,726,430.2615483633182
311,274,719,431.07423954581185
216,295,574,432.2834718098762
205,315,524,432.51473963322917
232,283,616,432.560978360277
207,307,533,435.9908255915484
197,308,522,439.6930747692076
178,417,372,444.8201883907699
204,296,535,445.26059785253847
195,300,524,446.0874353756223
203,535,296,448.4696199298231
229,265,622,448.91090430061956
191,298,521,449.16478045367717
202,535,292,452.1736392139639
188,297,512,453.9438291242651
271,683,243,468.5168086632538
212,579,257,471.1602699719067
353,781,246,471.1698207652948
274,688,240,471.30669420240577
171,307,455,473.22299183365976
241,640,240,475.46398391465993
276,695,234,477.104810288054
192,543,260,479.2128963206228
193,255,546,479.2963592601137
186,268,514,479.35164545456604
184,269,509,480.52055106935853
187,520,263,484.69474930104207
185,515,265,484.7844882006849
156,327,401,488.8598981303335
159,321,408,489.14721710339927
164,301,429,492.6865129065337
158,307,418,494.2195868235091
157,308,416,494.6048928185001
154,307,416,495.40791273454647
145,322,394,497.16999104933916
161,294,430,497.8774949724079
148,305,412,499.4006407685116
295,723,211,500.3238950919694
162,284,438,501.7668781416326
163,283,439,502.06374097319554
143,305,406,503.0159043211258
160,282,438,503.44612422780654
144,302,409,503.60003971405723
152,289,427,503.6983224113418
151,283,431,506.4424942676118
141,296,412,506.63793778200227
149,283,429,507.5509826608555
140,294,412,508.25387357107275
150,279,433,508.68457810316994
136,300,403,508.8113599360769
132,309,390,509.76170903668316
142,287,419,509.89018425539433
133,307,392,510.0637215093816
147,276,432,511.7440766633259
134,297,402,511.8056271671893
135,296,403,512.0009765615687
146,275,431,513.1276644267
137,281,418,515.3882032022076
129,384,307,516.0009689913383
215,614,201,518.0550163833954
201,573,210,518.0974811751163
130,295,394,518.2557283812694
131,284,407,519.2850854781022
219,618,198,520.324898500927
200,203,574,520.358530246214
127,297,388,520.3777474104749
124,340,336,523.3067933822376
153,245,455,526.4370807608445
198,574,200,527.5244070182914
196,571,200,528.2773892568184
165,230,475,530.3970211077735
120,360,306,532.024435529046
121,363,303,532.379563845195
123,385,282,535.2018310880485
117,357,303,536.2536713161039
169,205,508,539.6378415196622
176,197,521,542.3688781631926
183,190,538,543.2807745540053
168,201,508,543.3461143691009
247,669,168,544.192061684108
155,470,218,546.1446694787014
299,741,166,546.1876966757857
110,296,349,546.1913584083878
297,737,165,546.9369250654046
213,617,171,547.1233864495284
298,738,164,547.9945255201004
102,315,321,551.5432893255071
104,344,292,553.0659996781577
182,180,536,553.3985905294663
112,376,266,553.4130464671031
172,185,519,554.3139904422402
175,183,524,554.4844452281777
170,185,518,554.6611578252077
174,521,187,555.3665456254995
105,358,277,555.6662667465067
99,316,313,556.5294241996554
98,317,311,557.2647485710899
109,376,256,561.4855296443534
114,239,397,561.9181435049059
95,319,300,563.8412897261072
173,167,528,568.2719419432918
224,658,144,568.9446370254315
239,668,143,569.2038299238683
238,668,142,570.2017186926045
139,470,190,571.5470234372672
119,421,214,572.420300129197
177,536,164,572.5120086076797
89,283,320,575.2955762040935
166,168,503,575.8758546770302
261,689,134,577.221794460327
258,687,134,577.2806942900481
167,166,504,577.3820225812369
125,443,196,577.8139839083163
92,354,251,578.6199097853444
122,435,197,580.5996899758043
126,451,184,585.0170937673531
100,207,399,587.6631688305811
113,422,191,592.0211144883264
190,585,131,592.2837157984338
181,545,140,592.9932545990722
93,206,385,596.0511722998286
101,191,408,596.6615456018596
269,714,114,597.0678353420154
94,202,388,597.7775505988828
107,414,187,599.3805135304284
189,585,123,600.1199880023994
180,547,131,601.1355920256261
179,546,130,602.3636775238028
118,438,170,603.2992623897364
111,426,172,606.928331848168
79,280,269,613.1794190936288
220,643,99,615.1325060505256
90,177,392,616.883295283638
80,203,337,626.0031948800262
106,430,147,627.4719117219511
103,428,147,628.3510165504629
91,405,157,630.012698284725
82,350,188,632.1028397341686
81,350,187,632.9304859145276
138,105,496,637.3578272838579
74,198,317,642.0942298448102
86,161,365,644.7107878731362
97,425,127,647.6542287362911
62,239,258,649.8961455494255
88,133,402,650.1269106874441
128,96,482,650.6320004426466
59,245,248,652.6630064589228
58,244,248,653.3681963487356
54,228,258,657.8282450609734
96,111,428,657.9703640742491
50,208,257,673.145600891813
48,227,237,673.1715977371595
51,207,258,673.2109624775877
49,209,254,674.4368020800763
47,241,221,674.8303490507818
72,143,334,676.7370242568379
46,243,216,677.1033894465453
45,240,217,678.4253827798603
65,322,150,679.2716687747252
60,316,153,680.2095265431086
61,321,144,684.7955899390709
44,206,242,684.8080022896929
67,331,135,686.7692480011026
42,227,214,689.5600046406404
64,328,133,690.0818791998527
63,128,330,691.4405252803743
56,321,135,692.265844889086
39,207,230,692.3618995872029
38,219,215,694.4148615921177
57,323,131,694.4955003453946
37,215,215,697.2201947735019
116,50,465,699.6720660423711
115,47,465,702.4813164775273
41,155,270,704.9687936355765
40,154,270,705.7492472542922
108,47,455,706.0453243241541
43,293,118,722.0754808190069
78,59,386,723.1465964795797
84,53,397,723.6711960552251
71,71,357,726.1349736791364
76,56,382,727.6276520308996
69,71,353,728.0934006018733
85,47,398,728.6514942000737
70,68,357,728.7557889993053
68,70,353,728.9643338325957
75,57,372,731.3173045949344
83,44,398,731.3617435988842
73,59,368,731.413016017626
87,41,402,732.3776348305565
55,72,341,733.2046099145858
77,46,388,733.9005382202687
53,70,339,735.9408943658451
66,62,352,736.4305805709049
52,71,336,736.6009774633753
34,220,138,750.7023378143963
36,87,280,753.4487374732272
33,215,135,756.2248342920245
32,217,128,760.2848150528853
30,206,136,761.3317279609461
27,177,159,763.8638622162983
31,122,216,764.7967050138226
29,206,127,768.1516777303816
28,121,209,770.1038890954908
26,160,166,770.7463914933368
25,129,184,780.7080119993645
35,260,65,784.4367405979912
24,138,162,789.2338056621751
21,135,161,792.085853932514
22,134,162,792.1123657663728
18,131,153,800.5248278473317
17,129,152,802.6562153250917
16,109,162,810.3190729583008
23,200,75,812.1089828342007
14,106,162,812.5281533583928
13,110,157,812.982779645424
15,100,167,813.6098573640809
10,114,150,814.8631786993446
19,190,79,815.2600812010852
11,161,101,817.334692766678
7,109,150,818.4967929075838
12,167,94,818.6165158363225
20,199,67,819.0067154791834
8,158,99,820.8245854017775
9,164,93,821.3434117347018
4,149,102,824.6314328231734
6,157,93,825.9709437988723
5,162,84,829.4443923494812
3,146,94,832.5683155153096
2,143,96,833.1080362113908
1,138,62,861.7946391107339
0,136,63,862.3601335868907
