333,651,449,6.708203932499369
323,649,431,24.020824298928627
315,622,454,26.019223662515376
310,621,451,27.294688127912362
307,616,453,32.0624390837628
308,638,422,34.48187929913333
303,632,423,35.77708763999664
363,677,479,37.64306044943742
336,624,490,42.43819034784589
286,611,426,47.01063709417264
283,611,423,48.91829923454004
292,599,449,49.36598018878993
290,599,447,49.64876634922564
361,652,508,53.150729063673246
279,598,431,55.46169849544819
278,597,432,55.94640292279746
284,628,400,58.52349955359813
372,681,508,62.433965115151864
352,701,417,65.21502894272147
373,680,512,65.36818798161687
273,589,426,65.7419196555744
272,591,421,66.37017402418047
351,701,414,67.00746227100382
374,680,523,75.15317691222374
371,720,433,75.28612089887484
344,700,398,77.15568676384133
300,578,491,78.71467461661771
289,571,480,80.95677859203639
379,726,482,82.54089895318563
288,569,482,83.48652585896721
348,602,543,99.29753269845128
257,588,375,100.0
358,612,551,102.52804494381037
377,656,561,106.30145812734649
391,700,553,110.9414259868693
226,539,404,120.34118164618461
397,763,492,120.8056290079233
398,765,489,121.8400590938793
246,527,439,122.05326705991938
262,614,337,122.80065146407001
280,536,507,123.48279232346505
235,524,431,126.30122723077555
243,521,443,127.56566936288148
355,738,361,130.13838787997952
252,606,331,130.91982279242512
345,727,350,131.40015220691336
349,731,353,131.50285168010618
245,600,332,132.03408650799233
255,615,327,132.1854757528224
254,611,328,132.2800060477773
233,515,441,133.73481222179961
248,606,327,134.7145129523913
231,512,441,136.7186892857008
346,731,346,137.00364958642524
337,720,338,137.37903770226373
225,509,441,139.70325694127536
365,754,364,139.70325694127536
366,755,364,140.46351839534705
236,597,324,140.57738082636197
301,534,539,141.60508465447137
378,634,596,141.69333082400175
369,756,363,141.8731828077456
382,647,597,142.00352108310554
223,585,327,142.6639407839276
376,622,596,143.37712509323097
281,673,309,148.12494725737457
268,509,507,148.4082207965583
383,641,604,149.164338901763
338,730,326,152.85614151874958
342,735,327,154.76756766196203
237,493,468,155.54420593516173
314,530,557,155.97435686676192
339,733,324,156.16017418023074
387,639,611,156.259399717265
381,631,613,158.91192529196795
264,645,292,163.02760502442524
388,638,618,163.3064603743526
263,492,507,164.43843832875572
214,487,417,165.42369842317032
360,758,331,165.75886099994776
266,491,510,166.35504200354134
384,627,621,167.32304085211933
291,505,552,172.7946758439044
250,478,496,174.8742405273001
410,722,614,175.37673733993344
208,486,380,178.51890656174209
357,554,608,179.56892826989863
407,702,628,181.23189564753773
259,475,511,181.8378398463862
206,486,372,182.02472359545007
256,474,511,182.78949641595932
260,473,514,184.67809832245945
234,467,492,184.74306482247175
199,486,364,185.80904176062046
412,710,632,187.5446613476374
411,704,635,188.50994668717087
230,462,493,189.84203960134857
222,458,461,190.09471323527123
217,457,457,191.01047091717248
375,580,634,191.48106956041372
218,456,458,192.02343606966312
211,459,421,192.03385118254542
203,535,296,195.0640920313116
202,535,292,198.33809518093088
240,455,507,199.88246546408217
334,511,604,202.41047403728888
251,455,518,203.0221662774782
408,675,660,206.77040407176264
212,579,257,209.67832506007863
330,502,606,210.0404722904612
409,675,665,211.72859986312668
406,661,669,214.39449619801343
271,683,243,214.8697279748825
241,640,240,215.14878572745886
414,724,658,216.76023620581336
326,494,608,217.0829334609241
274,688,240,218.68927728629038
343,507,624,220.0954338463204
192,543,260,221.472345903501
270,452,563,223.78561169118984
276,695,234,225.94247055390008
354,511,638,228.60008748904713
367,528,650,228.96506283710622
187,520,263,230.7552816296953
359,516,645,231.35254483147577
185,515,265,231.92455669894036
341,490,634,238.75719884434898
413,688,693,241.3379373409825
321,470,618,241.3565826738521
178,417,372,245.45875417267155
350,492,647,247.38633753705963
353,781,246,247.72969139770066
356,499,654,248.60008045050992
347,485,647,251.85908758669004
249,414,550,252.54900514553606
393,568,695,252.98221281347034
295,723,211,255.266527378738
194,392,458,256.0175775215444
201,573,210,256.2225595063791
215,614,201,256.2654873368632
219,618,198,258.74504826179765
277,429,599,262.1011255221923
404,587,710,262.1945842308723
415,705,711,262.26894593146176
362,490,666,263.60007587252323
340,468,650,265.37709019431196
198,574,200,265.5202440493003
196,571,200,266.3719204420766
267,412,583,268.47718711279737
405,599,719,268.50884529191956
265,403,582,275.9601420495358
402,559,719,278.5982770944573
401,557,719,279.24362123421906
392,541,713,279.30807363912703
287,418,617,281.3254343282882
213,617,171,285.68689154387187
247,669,168,287.76726707532254
155,470,218,296.40006747637557
174,521,187,296.56871041969345
129,384,307,302.65491900843114
209,350,509,302.8530997034701
297,737,165,303.349633261687
299,741,166,303.5951251255527
298,738,164,304.59973736035954
210,348,512,305.366992322353
385,505,725,305.5306858565928
224,658,144,311.16073017011644
177,536,164,311.8092365533773
239,668,143,312.6403684747061
238,668,142,313.6383267395743
123,385,282,314.79834815322647
139,470,190,319.23189063751136
380,485,731,320.5386092189208
121,363,303,323.0
258,687,134,323.3604799600594
261,689,134,323.60778729814274
120,360,306,324.2606975876047
156,327,401,325.5103684984551
117,357,303,328.3062594590606
227,344,580,328.6959080974389
228,344,581,329.07749847110483
190,585,131,330.06817477606046
124,340,336,330.1893396219811
125,443,196,330.311973746033
159,321,408,330.3604092502611
119,421,214,331.074009852782
112,376,266,331.2174512310606
181,545,140,331.41213013406735
145,322,394,331.6579563345345
122,435,197,334.5638952427473
389,484,747,334.90297102295165
126,451,184,335.0373113550191
109,376,256,337.0237380363585
189,585,123,337.92454779136716
180,547,131,339.37737107827326
205,315,524,340.073521462639
105,358,277,340.2704806473815
179,546,130,340.63029812393376
171,307,455,341.0
386,472,748,341.796723214252
157,308,416,342.2294551905198
158,307,418,343.0014577228499
154,307,416,343.22295960497746
104,344,292,344.9420241141981
132,309,390,345.1753177734468
148,305,412,345.6848275524976
143,305,406,346.4823227814083
197,308,522,346.5385981387932
133,307,392,346.77081768799405
394,482,760,347.2477501726973
269,714,114,347.32837488463275
113,422,191,347.522661131616
364,424,721,347.75278575447817
164,301,429,347.9727000786125
144,302,409,349.0444097819073
368,424,723,349.28498393145964
207,307,533,349.80708969373393
390,470,758,351.4157082431006
136,300,403,351.86360993998795
118,438,170,354.0127116361784
141,296,412,354.61669447447053
195,300,524,354.7745763157219
161,294,430,354.8816704198739
134,297,402,354.9788726107513
188,297,512,355.59808773389096
107,414,187,355.7808314116993
135,296,403,355.8201793040974
220,643,99,356.0351106281514
191,298,521,356.16849944934773
140,294,412,356.6020190632689
127,297,388,357.33737559902687
92,354,251,357.8435412299627
130,295,394,358.23176855214837
102,315,321,358.949857222426
111,426,172,359.6845840455218
293,353,661,359.80689265215585
152,289,427,360.0902664610639
98,317,311,360.96675747220826
204,296,535,360.9764535257113
399,477,773,361.06093668520833
99,316,313,361.09278585981195
400,477,774,361.9419843013518
142,287,419,362.7905731961623
316,364,681,362.9490322345549
95,319,300,363.68392870733237
312,361,679,364.06730147048364
396,467,771,364.16617086159994
162,284,438,364.3967617858315
285,346,660,365.0054794109261
296,350,666,365.1369606051954
395,465,771,365.1643465619282
163,283,439,365.3505166275258
151,283,431,365.78819007726315
149,283,429,365.92485567394846
160,282,438,366.3945960300179
294,347,665,367.0163484097132
131,284,407,367.1511950137164
221,301,576,367.4914965002592
110,296,349,367.6139279189514
403,480,782,367.63160908714036
328,368,694,368.13176988681647
329,368,695,368.7817782917155
137,281,418,368.8604072003391
320,361,687,369.04335788630584
150,279,433,369.655244788979
302,350,675,370.4105830021599
216,295,574,372.5184559186296
147,276,432,372.71034329623853
306,350,680,373.4019282221237
146,275,431,373.77132046212427
304,347,681,376.4000531349591
106,430,147,377.3433449790787
317,351,689,378.1071276768001
103,428,147,378.50231174987556
309,345,685,380.4063616713054
318,349,691,380.9160012391183
184,269,509,382.8276374558138
242,299,615,383.9283787374932
244,299,616,384.3461981079038
91,405,157,384.51657961653615
186,268,514,384.5529872462311
253,299,623,387.3306081372863
89,283,320,389.16577444580093
370,382,748,395.73349618145795
282,316,671,396.0807998376089
97,425,127,396.62702883187376
232,283,616,398.93107174047
82,350,188,400.1162331123295
81,350,187,400.78423122672876
153,245,455,403.0
193,255,546,403.39806643066595
79,280,269,412.3348154109716
114,239,397,413.0919994383818
229,265,622,417.8253223537319
165,230,475,418.4781953698424
275,285,672,422.91606732305644
313,297,710,433.8502045637411
331,303,729,440.56895033581293
100,207,399,444.54133666060795
169,205,508,446.15916442453585
65,322,150,446.4314057052886
93,206,385,447.5086591340999
60,316,153,448.8073083183918
168,201,508,450.1310920165369
325,289,727,450.40537296972826
67,331,135,450.43201484796793
94,202,388,451.00443456799843
61,321,144,451.27596878185307
305,277,713,451.8904734556815
59,245,248,453.0540806570447
324,285,727,453.60004409170864
58,244,248,453.9438291242651
64,328,133,453.9647563412825
62,239,258,453.97136473570663
327,286,731,455.2142352782918
176,197,521,455.80368581221455
322,280,726,457.0175051351972
56,321,135,457.5248627123995
311,274,719,457.7903450270659
57,323,131,458.9128457561414
101,191,408,459.4104918262098
80,203,337,460.3791915367157
200,203,574,460.6365161382671
319,275,726,461.0531422732091
54,228,258,463.9062405271134
183,190,538,465.4599875392084
332,278,740,467.0385423067351
170,185,518,467.266519237148
172,185,519,467.4023962283463
47,241,221,469.4731089210542
175,183,524,470.09148045885706
46,243,216,470.2616293086222
74,198,317,470.6846077789245
45,240,217,472.34309564129336
48,227,237,474.0938725611205
182,180,536,474.9578928705154
90,177,392,475.19469694010684
166,168,503,482.3940298138027
50,208,257,482.4976683881488
49,209,254,482.8270912034659
51,207,258,483.001035195578
167,166,504,484.48426187029025
42,227,214,485.09998969284675
173,167,528,486.5079649913247
43,293,118,489.4834011485987
44,206,242,490.645493202577
38,219,215,491.5699339870167
37,215,215,495.0646422438185
39,207,230,495.08181142110243
86,161,365,495.24640331859047
88,133,402,517.7200015452368
72,143,334,519.2937511659466
41,155,270,526.5681342428537
40,154,270,527.5045023504539
34,220,138,532.6096131314192
63,128,330,534.8130514488217
96,111,428,537.6783425060005
33,215,135,538.4134099370111
32,217,128,541.0083178658161
138,105,496,544.5456821975545
30,206,136,545.0917353987309
35,260,65,550.1308935153525
29,206,127,550.4071220469444
128,96,482,552.6599316035133
27,177,159,556.2885941667329
26,160,166,567.1551815861335
31,122,216,577.7516767608728
28,121,209,581.588342386606
71,71,357,585.2631886595979
25,129,184,585.4929546971509
69,71,353,585.9462432681005
68,70,353,586.9310010554904
55,72,341,587.1728876574599
23,200,75,587.4555302318636
36,87,280,587.6614671730656
24,138,162,588.1742938959505
70,68,357,588.2210468862875
52,71,336,589.1434460299122
53,70,339,589.5252327084906
21,135,161,591.2740481367333
22,134,162,591.6460090290477
19,190,79,592.570670890823
78,59,386,593.0278239678134
20,199,67,593.41806511093
66,62,352,594.9831930399379
73,59,368,595.3906280753838
76,56,382,596.4838639896304
75,57,372,596.79979892758
84,53,397,597.8202070857091
116,50,465,598.0836061956555
18,131,153,598.7428496441523
17,129,152,600.9742090971957
108,47,455,601.0
115,47,465,601.0831889181396
12,167,94,601.4000332557357
11,161,101,602.0672719887704
85,47,398,603.6969438385455
9,164,93,604.400529450463
8,158,99,605.6698770782644
77,46,388,605.7169305872175
83,44,398,606.6836078220673
87,41,402,609.3094451918499
6,157,93,610.0204914590985
4,149,102,611.2364517925939
5,162,84,611.4221127829775
16,109,162,613.4900162186831
10,114,150,614.9642266018407
13,110,157,615.0186989027244
14,106,162,616.12742188609
3,146,94,618.32434854209
15,100,167,619.0702706478481
7,109,150,619.3109073801301
2,143,96,619.6014848271427
1,138,62,643.8547972951666
0,136,63,644.8317610043723
