396,467,771,2.0
399,477,773,12.165525060596439
400,477,774,12.36931687685298
390,470,758,13.92838827718412
403,480,782,18.601075237738275
394,482,760,20.248456731316587
386,472,748,24.041630560342615
389,484,747,30.610455730027933
380,485,731,44.721359549995796
385,505,725,60.959002616512684
368,424,723,63.12685640834652
364,424,721,64.66065264130884
370,382,748,86.1278120005379
392,541,713,95.60334722173695
401,557,719,105.67875850898325
402,559,719,107.42439201596628
362,490,666,107.93516572461452
340,468,650,121.03718436910205
356,499,654,121.8400590938793
329,368,695,123.22743201089601
328,368,694,123.84667940643382
347,485,647,125.60254774486066
350,492,647,126.90547663517127
393,568,695,128.00390619039717
320,361,687,133.68619973654722
316,364,681,135.28118864054971
359,516,645,135.9301291105103
404,587,710,136.40014662748717
367,528,650,136.41847382227965
312,361,679,138.85243966167826
341,490,634,139.26234236145822
317,351,689,140.42791745233566
354,511,638,140.73023839957068
318,349,691,140.91131963046828
405,599,719,143.7358688706476
306,350,680,146.64924138910504
309,345,685,147.63468427168462
304,347,681,148.4048516727132
302,350,675,149.80320423809366
343,507,624,152.88230767489088
321,470,618,153.08167754502824
296,350,666,155.72411502397438
293,353,661,156.98407562552325
294,347,665,158.61904047118682
287,418,617,161.01242188104618
285,346,660,162.73291000900832
326,494,608,165.55965692160635
331,303,729,167.35590817177624
330,502,606,169.09760495051373
334,511,604,173.21951391226105
277,429,599,175.72706109191037
313,297,710,178.7316424139833
375,580,634,178.86866690396056
282,316,671,179.44637081869334
325,289,727,181.41664752717708
327,286,731,183.41483037093812
324,285,727,185.29975715040752
357,554,608,185.71483516402236
332,278,740,189.5521036549054
322,280,726,190.3943276465977
319,275,726,195.25624189766637
267,412,583,195.3279293905508
305,277,713,196.74348782107123
311,274,719,197.9520143873257
265,403,582,198.90952717253137
275,285,672,205.4288197892399
270,452,563,208.40585404445815
384,627,621,220.78043391568917
406,661,669,220.95248357961492
253,299,623,222.39604313026794
291,505,552,222.62299971027252
314,530,557,223.6537502480117
228,344,581,225.257630281418
227,344,580,226.101747007846
249,414,550,226.80828909014767
244,299,616,227.11450856341168
242,299,615,227.7981562699751
381,631,613,229.17242417009948
388,638,618,230.9502110845539
376,622,596,235.10423220350586
409,675,665,235.23605165875404
413,688,693,236.24775131204953
387,639,611,236.3810483097154
408,675,660,237.5310506018108
232,283,616,239.0585702291386
301,534,539,242.0433845408711
383,641,604,242.62110378118388
378,634,596,243.28172968803062
415,705,711,247.38633753705963
229,265,622,249.40128307609004
382,647,597,251.79356624028344
251,455,518,253.1975513309716
221,301,576,254.7959968288356
260,473,514,257.12448347055556
256,474,511,260.155722597063
259,475,511,260.1922366251537
216,295,574,260.2095309553438
266,491,510,262.29182221335077
240,455,507,264.18932605235966
358,612,551,264.592138961081
263,492,507,265.37709019431196
348,602,543,265.994360842481
268,509,507,267.64155133312164
280,536,507,273.3806869550225
411,704,635,274.98545416076104
250,478,496,275.3071012524014
407,702,628,276.79956647364895
230,462,493,278.01618657912707
234,467,492,279.00716836669267
412,710,632,281.6842203603177
414,724,658,282.57742301889584
377,656,561,283.86792703650053
210,348,512,284.20063335608523
207,307,533,285.6711395993652
209,350,509,286.12759391572143
205,315,524,288.9792380085462
204,296,535,290.27056344038743
197,308,522,294.3637205907005
195,300,524,297.0420845604205
191,298,521,300.647634283059
410,722,614,301.16108646370634
300,578,491,301.9420474196994
237,493,468,304.2909791630373
288,569,482,307.1432890362412
193,255,546,307.77426793024785
188,297,512,308.71507899679926
289,571,480,309.7046980592965
222,458,461,310.0790221862808
218,456,458,313.12936623702353
217,457,457,314.10189429546585
391,700,553,320.5448486561592
194,392,458,321.4000622277475
361,652,508,322.70419891907204
336,624,490,322.8652969893172
186,268,514,323.81785003300854
184,269,509,327.2002444986862
200,203,574,327.8002440511599
374,680,523,328.2209621581169
243,521,443,332.74614948936676
225,509,441,332.9204109092742
231,512,441,333.33016665162484
233,515,441,333.7663853655727
373,680,512,336.60956611480907
246,527,439,337.739544619815
372,681,508,340.3307215048327
235,524,431,345.0811498763733
292,599,449,348.76926470089074
211,459,421,350.051424793558
290,599,447,350.6165997211199
307,616,453,352.02982828163863
171,307,455,353.29874044496677
315,622,454,353.74849823002785
214,487,417,354.682957019364
310,621,451,356.0
183,190,538,360.43584727382483
363,677,479,360.84345636300515
278,597,432,363.79252328765637
279,598,431,365.08766070630213
335,648,455,365.1643465619282
176,197,521,366.5023874410643
273,589,426,366.60741945574426
182,180,536,369.39139134527755
169,205,508,369.8229306032821
333,651,449,371.860188780676
272,591,421,371.9892471564198
168,201,508,372.6459445640057
226,539,404,374.3861642742691
286,611,426,374.62114195544274
175,183,524,374.87731326395306
172,185,519,376.7014733180639
170,185,518,377.37117006999887
283,611,423,377.385744298854
165,230,475,377.94311741318955
163,283,439,378.61325914447315
162,284,438,379.0118731649445
164,301,429,379.2888081660201
160,282,438,379.97105152892897
161,294,430,381.47345910298924
173,167,528,384.51657961653615
153,245,455,385.0402576354841
151,283,431,385.6475074468912
150,279,433,385.7978745405423
303,632,423,385.9961139700761
152,289,427,386.4091096234663
323,649,431,386.5953957304717
158,307,418,386.74668712220404
149,283,429,387.41192547468125
147,276,432,388.12626811387037
157,308,416,388.1674896227143
154,307,416,388.57303045888295
379,726,482,389.4123778207365
146,275,431,389.48684188300894
308,638,422,389.5253521916128
159,321,408,390.5188855868561
208,486,380,391.56353252058597
148,305,412,393.04071035962676
142,287,419,394.4464475692486
156,327,401,394.8974550437113
141,296,412,396.7896167996335
144,302,409,397.0050377514119
140,294,412,397.64557082909903
137,281,418,398.07662578955825
143,305,406,398.5285435197835
206,486,372,399.55224939924943
166,168,503,400.0412478732662
167,166,504,400.8615721168593
178,417,372,401.8768468075761
145,322,394,403.20962290104137
136,300,403,403.2976568243361
135,296,403,404.9506142729012
284,628,400,405.2283306976451
134,297,402,405.4442008464297
131,284,407,406.51814227657786
199,486,364,407.54140893901814
397,763,492,408.2217534625023
133,307,392,410.6153918206184
132,309,390,411.7001335924
398,765,489,411.73292314314625
130,295,394,413.55652576159406
257,588,375,414.6625133768424
127,297,388,418.226015450976
371,720,433,423.40170051618827
352,701,417,425.4550505047507
351,701,414,427.95443682709964
114,239,397,436.9805487661894
344,700,398,440.8559855553739
124,340,336,452.6035793053343
100,207,399,452.71182887130306
138,105,496,453.01765969992823
110,296,349,454.5822257853908
101,191,408,454.80215478821117
262,614,337,458.8649038660508
245,600,332,459.2885803065432
223,585,327,459.9304295216832
252,606,331,462.0400415548419
94,202,388,464.6052087525494
93,206,385,464.8408329740407
248,606,327,465.850834495335
236,597,324,466.0826107032958
254,611,328,466.43863476345956
255,615,327,468.6533900442842
128,96,482,468.70246425637663
129,384,307,471.01698483175744
102,315,321,474.3416490252569
90,177,392,476.0094536876342
120,360,306,476.7074574621211
121,363,303,478.98642987040876
203,535,296,480.13019067748695
117,357,303,480.29990630854803
99,316,313,481.62744938385725
98,317,311,483.2225160316932
202,535,292,484.0878019533233
89,283,320,486.3383595810637
355,738,361,492.57385233079515
96,111,428,492.9147999401114
95,319,300,493.1095213033307
104,344,292,494.04655651061876
349,731,353,495.4593827954013
123,385,282,495.5007568107238
345,727,350,495.86792596416234
88,133,402,496.3718364291028
365,754,364,499.16930995404755
366,755,364,499.74893696735364
369,756,363,501.1436919686808
346,731,346,501.3790980884624
337,720,338,502.5077113836165
105,358,277,505.4552403526943
281,673,309,506.66359648192605
80,203,337,506.951674225463
86,161,365,507.2001577286821
185,515,265,508.4643546995207
187,520,263,510.96868788605826
264,645,292,511.7040160092551
112,376,266,512.7826050091793
116,50,465,515.6171060001792
192,543,260,516.9187557053816
338,730,326,517.9285665031424
115,47,465,518.0347478692911
342,735,327,519.649882132191
339,733,324,521.1842284643694
109,376,256,522.6337149476677
108,47,455,524.0038167799926
212,579,257,526.4902658169475
74,198,317,526.6925099144661
360,758,331,528.629359759747
92,354,251,531.7151493045877
79,280,269,535.0037383046963
72,143,334,542.8194911754736
155,470,218,553.0226035163481
63,128,330,555.0225220655465
84,53,397,556.4350815683713
119,421,214,558.7351787743456
241,640,240,559.0939098219546
78,59,386,559.5185430349918
85,47,398,560.2258473151699
62,239,258,560.5755970428966
87,41,402,562.0827341237231
83,44,398,562.4677768548169
76,56,382,564.4484033107012
54,228,258,565.0999911520084
59,245,248,567.387874385768
77,46,388,567.6706791793989
58,244,248,567.7763644252902
75,57,372,570.6706580857299
271,683,243,571.233752504174
201,573,210,571.3011465068139
71,71,357,571.5172788289082
73,59,368,572.0533191932375
70,68,357,573.5895745217132
51,207,258,574.2238239571744
69,71,353,574.4214480675316
50,208,257,574.6694702174459
122,435,197,574.7834374788473
68,70,353,575.1078159788824
125,443,196,575.4207156507315
274,688,240,575.9253423838892
49,209,254,576.909871643743
196,571,200,580.7555423756195
139,470,190,581.021514231616
198,574,200,581.3105882400561
66,62,352,581.3518727930615
113,422,191,581.5917812349139
55,72,341,582.5366941232114
276,695,234,584.1823345497534
48,227,237,584.6366392897387
53,70,339,585.3622809850324
107,414,187,586.2226539464335
174,521,187,586.6787877535713
52,71,336,586.907999604708
126,451,184,587.1669268615186
44,206,242,589.0008488958229
41,155,270,589.152781543124
215,614,201,589.152781543124
40,154,270,589.6795740060868
219,618,198,593.0750374109502
47,241,221,593.8653045935584
82,350,188,594.2339606585945
81,350,187,595.215087174376
46,243,216,597.75329359193
45,240,217,597.9473220945137
39,207,230,599.3705031113893
111,426,172,600.2682733578379
118,438,170,601.6061834788602
42,227,214,605.7169305872175
38,219,215,607.9901314988591
37,215,215,609.619553492176
177,536,164,611.1382822242442
353,781,246,612.7650446949467
295,723,211,616.5744075129943
91,405,157,616.9246307289084
213,617,171,618.9539562843104
36,87,280,619.6490942460903
106,430,147,624.980799705079
103,428,147,625.0959926283323
60,316,153,635.7082664241515
181,545,140,636.0510985762072
247,669,168,636.5728552176884
65,322,150,637.2519125118417
61,321,144,643.3234023413107
180,547,131,645.2317413147
97,425,127,645.241040232253
179,546,130,646.0975158596417
67,331,135,649.9630758743145
190,585,131,651.1528238439882
56,321,135,652.0981521212892
31,122,216,652.4369701358132
64,328,133,652.5434851410288
57,323,131,655.5638794198472
224,658,144,656.0320114140773
28,121,209,658.9233642844971
189,585,123,659.0174504518071
239,668,143,659.9946969483922
238,668,142,660.9462913126905
297,737,165,664.2439310976051
299,741,166,664.9819546423797
298,738,164,665.5659246085244
258,687,134,674.5761632314027
261,689,134,675.2369954319743
43,293,118,675.2725375727937
25,129,184,676.3615896840979
27,177,159,676.3785922100137
26,160,166,677.5322870535396
34,220,138,678.7591620007792
33,215,135,683.3710558693571
30,206,136,685.7885971638782
32,217,128,689.1683393772526
24,138,162,691.238019787685
22,134,162,693.1392356518278
21,135,161,693.5416353759881
29,206,127,694.1303912090293
220,643,99,695.1747981623039
18,131,153,702.4813164775273
269,714,114,702.6023057178221
17,129,152,704.3131405844988
16,109,162,705.4197332085345
15,100,167,705.7201995125264
14,106,162,706.9384697411791
13,110,157,709.2397337995102
10,114,150,713.3316199356369
7,109,150,715.8051410824038
35,260,65,735.1605266878793
11,161,101,735.7418025367323
8,158,99,738.8051163872649
12,167,94,739.6843921565468
4,149,102,739.8763410192273
9,164,93,741.8119707850501
19,190,79,744.6401815642237
6,157,93,744.6797969597403
23,200,75,744.7422372875061
2,143,96,747.8696410471547
3,146,94,748.3916087183234
5,162,84,750.8515166129719
20,199,67,752.5769063690434
0,136,63,780.7080119993645
1,138,62,780.7752557554575
