330,502,606,8.246211251235321
334,511,604,17.46424919657298
343,507,624,20.615528128088304
321,470,618,26.0
341,490,634,26.30589287593181
354,511,638,34.48187929913333
350,492,647,39.05124837953327
347,485,647,40.024992192379
359,516,645,43.04648650006177
356,499,654,46.2709412050371
340,468,650,49.39635614091387
367,528,650,54.037024344425184
291,505,552,57.0701322935211
362,490,666,58.137767414994535
357,554,608,60.0
270,452,563,61.554853586049575
314,530,557,62.42595614005443
277,429,599,65.62011886609167
287,418,617,76.53103945458993
301,534,539,79.75587752636166
267,412,583,85.72630868059116
375,580,634,89.8443097808648
265,403,582,94.64142856064674
260,473,514,96.317184344228
266,491,510,98.04590761474952
251,455,518,98.08669634563088
249,414,550,98.812954616285
259,475,511,98.84331034521254
256,474,511,99.04039579888602
263,492,507,101.01980003939822
268,509,507,102.1077861869505
240,455,507,108.26818553942798
280,536,507,109.38464243210744
250,478,496,113.13708498984761
393,568,695,114.21471008587291
392,541,713,115.03912377969506
385,505,725,117.51595636338071
234,467,492,119.10079764636339
230,462,493,119.36917525056458
380,485,731,123.3288287465668
348,602,543,126.05157674539419
401,557,719,127.63228431709588
376,622,596,128.56126943990557
402,559,719,128.63125592172378
358,612,551,131.04579352272242
364,424,721,132.92479076530458
384,627,621,133.63382805263043
368,424,723,134.6291201783626
381,631,613,137.09121051329294
404,587,710,138.03260484392808
389,484,747,139.35924798878617
237,493,468,140.00357138301865
378,634,596,140.51334456200237
386,472,748,141.718029904455
300,578,491,144.03124660989366
388,638,618,144.34680460612904
387,639,611,145.03103116229988
288,569,482,146.63219291819925
383,641,604,147.05441169852742
316,364,681,149.093930124603
289,571,480,149.37536610833797
293,353,661,150.63200191194434
312,361,679,150.7647173578752
222,458,461,151.34397906755325
390,470,758,151.90786681406595
228,344,581,152.41062955056645
394,482,760,152.47294842036735
328,368,694,152.55163060419906
227,344,580,152.5909564816998
405,599,719,152.7939789389621
329,368,695,153.11760186209813
382,647,597,153.39491516996253
320,361,687,154.69324484281788
218,456,458,154.7384890710776
296,350,666,155.24174696260025
217,457,457,155.46703830716015
285,346,660,156.86937240902063
294,347,665,157.66420012165096
302,350,675,158.8238017426859
306,350,680,160.99689437998487
304,347,681,164.12799883018133
317,351,689,164.34719346554112
396,467,771,165.22106403240477
395,465,771,165.55965692160635
399,477,773,165.873445734994
400,477,774,166.86821147240718
318,349,691,167.0748335327616
243,521,443,167.1944975171133
225,509,441,167.6722994414999
309,345,685,167.72000476985446
231,512,441,167.96725871431016
233,515,441,168.31518053936787
377,656,561,168.6801707374047
246,527,439,172.19175357722565
403,480,782,174.56230979223437
210,348,512,174.73408368146153
209,350,509,174.7483905505284
336,624,490,175.56765077883796
406,661,669,177.79201331893398
370,382,748,179.28747864811976
235,524,431,179.52437160452615
194,392,458,181.3945974939717
361,652,508,186.98663053812163
408,675,660,188.32153355365392
282,316,671,188.8200201249857
409,675,665,189.76301009416983
211,459,421,190.24720760105785
292,599,449,190.541334098405
214,487,417,191.12822920751398
290,599,447,192.21342304844373
242,299,615,195.12560057562922
244,299,616,195.1640335717624
253,299,623,195.57607215607945
221,301,576,195.63486396856774
307,616,453,197.25364381932212
205,315,524,197.72961336127676
315,622,454,200.24984394500785
207,307,533,201.47952749597167
216,295,574,201.8836298465034
310,621,451,201.9356333092305
278,597,432,203.92400545301183
374,680,523,204.50183373260984
197,308,522,204.91949638821583
279,598,431,205.29247428973133
273,589,426,205.30221625691235
226,539,404,208.90428430264421
407,702,628,208.95932618574363
373,680,512,209.31316251014889
272,591,421,210.6608648990125
204,296,535,211.02843410308478
232,283,616,211.15160430363773
195,300,524,211.40482492128697
411,704,635,211.72859986312668
413,688,693,211.80415482232638
372,681,508,212.05895406702354
391,700,553,213.21585306913744
191,298,521,214.44113411377026
286,611,426,216.3631207022121
335,648,455,217.0829334609241
412,710,632,217.329243315298
275,285,672,218.57950498617203
283,611,423,218.89266776207924
188,297,512,219.14607000811125
313,297,710,221.84003245582164
333,651,449,223.45021816950637
363,677,479,223.8972978845435
331,303,729,226.101747007846
410,722,614,228.07893370497854
208,486,380,228.1403077055872
229,265,622,229.42754847663784
303,632,423,230.8007798946962
415,705,711,234.7977853387889
308,638,422,235.2275494069519
323,649,431,235.27430798963155
414,724,658,235.3720459187964
206,486,372,236.13555429032706
325,289,727,237.0358622656074
324,285,727,240.50363822611914
305,277,713,241.0684550081159
171,307,455,241.61539686038222
327,286,731,241.6464359348178
199,486,364,244.13111231467406
322,280,726,244.37675830569486
186,268,514,244.76927911811154
184,269,509,245.81700510745793
311,274,719,246.4163143949686
193,255,546,246.9109151090733
284,628,400,247.42675683927152
178,417,372,248.2438317461282
319,275,726,248.766959220874
257,588,375,251.24689052802225
332,278,740,253.14027731674784
164,301,429,263.2299375071156
379,726,482,264.0075756488817
159,321,408,264.4409196777231
156,327,401,265.9661632614194
158,307,418,266.58769664033633
157,308,416,267.3200329193456
161,294,430,267.73867856549975
154,307,416,268.01679051880313
162,284,438,270.1851217221259
163,283,439,270.3368269400231
160,282,438,271.7425251961864
148,305,412,272.28110474287416
152,289,427,273.4702908909851
145,322,394,274.5541840875859
151,283,431,275.40878707840824
144,302,409,276.52305509667724
143,305,406,276.63152387246106
149,283,429,276.69839175535515
150,279,433,277.2183255125822
141,296,412,278.60366113890177
140,294,412,280.0285699709942
147,276,432,280.178514522438
142,287,419,280.30340704315387
146,275,431,281.58480072617556
352,701,417,281.6558183315232
136,300,403,282.24280327406046
351,701,414,283.6987839240768
135,296,403,285.0070174574654
134,297,402,285.0350855596553
137,281,418,285.4277491765648
133,307,392,285.70089254323307
371,720,433,285.83386783234766
132,309,390,285.9178203610261
131,284,407,290.69055712217414
130,295,394,292.227650984639
153,245,455,292.2498930709813
397,763,492,292.9453874018159
200,203,574,292.97952146865146
344,700,398,294.17001886664116
127,297,388,295.3116997343654
223,585,327,295.36756761702867
165,230,475,295.6095397648729
245,600,332,295.6552045880471
398,765,489,295.9763504065823
262,614,337,296.37982387470305
252,606,331,298.7858765069059
236,597,324,302.1009764962702
248,606,327,302.49793387724156
254,611,328,303.4616944525289
169,205,508,305.81203377238114
255,615,327,305.9444394003591
176,197,521,309.48020938341114
168,201,508,309.594896598765
183,190,538,311.9551249779365
124,340,336,312.5699921617557
203,535,296,314.6823795511913
202,535,292,318.64870939641355
129,384,307,320.4699673916419
172,185,519,321.5618136533006
170,185,518,321.8400223713639
175,183,524,322.1443775700579
182,180,536,322.14903383372115
110,296,349,326.01380338875225
120,360,306,330.39370454050726
114,239,397,330.97734061412723
121,363,303,331.94276615103394
117,357,303,334.3560975965595
173,167,528,336.64372859151854
102,315,321,338.2454729926182
166,168,503,342.49233568066893
185,515,265,343.64225584174017
123,385,282,343.7397271192261
167,166,504,344.0930106817051
99,316,313,344.5417246140154
98,317,311,345.74267888127434
187,520,263,345.9783230203881
355,738,361,347.1959101141602
345,727,350,347.6391807607422
349,731,353,348.1292863290878
281,673,309,348.4852938073571
104,344,292,349.79422522391644
264,645,292,350.2242138973261
192,543,260,351.4327816240255
337,720,338,352.1022578740443
346,731,346,353.28883367579
95,319,300,354.24426600863984
100,207,399,355.0352095215346
365,754,364,356.5613551690648
89,283,320,357.0224082603219
366,755,364,357.2911977645125
105,358,277,357.8505274552491
369,756,363,358.70461385379474
212,579,257,361.14540008146304
112,376,266,361.78446622263925
101,191,408,363.05509223807894
93,206,385,364.2430507230028
94,202,388,365.60087527247526
338,730,326,367.72272162595556
342,735,327,370.19184215754944
339,733,324,371.183243156261
109,376,256,371.25193602188796
360,758,331,382.65519727294964
92,354,251,383.46968589446544
90,177,392,383.59483833857826
155,470,218,390.7377637239585
241,640,240,395.9040287746514
80,203,337,397.64557082909903
119,421,214,400.7056276120913
79,280,269,400.8952481634074
138,105,496,404.80242094137725
201,573,210,405.7647101461634
271,683,243,411.0304125000971
86,161,365,412.2353696615563
74,198,317,415.0867379235333
125,443,196,415.1445531378197
196,571,200,415.20236030157633
122,435,197,415.2131982488033
88,133,402,415.6404696369207
198,574,200,415.76916672596104
274,688,240,416.0048076645269
128,96,482,417.4685616905781
139,470,190,418.68842830916645
174,521,187,421.86490728668105
113,422,191,423.17017853341224
96,111,428,423.1890830349951
215,614,201,424.32181183625244
276,695,234,424.5903908474614
126,451,184,426.1748467472007
219,618,198,428.3409856644587
107,414,187,428.53354594477196
62,239,258,433.0415684434925
59,245,248,437.7225148424513
58,244,248,438.2921400162225
54,228,258,439.6089171070123
111,426,172,441.2708918566916
118,438,170,441.5653971950248
82,350,188,444.0
81,350,187,444.94606414710535
72,143,334,445.2830560441302
177,536,164,445.9820624195552
51,207,258,452.6245684891619
50,208,257,452.76594394896796
213,617,171,453.98017577863465
49,209,254,454.4678206430022
48,227,237,457.08861285313156
295,723,211,458.31212072123947
63,128,330,459.608529076648
91,405,157,459.6977267727131
353,781,246,461.96644899819296
47,241,221,462.3613305630132
106,430,147,465.42131450976757
46,243,216,465.4728778350034
103,428,147,465.70054756248675
44,206,242,465.72524088780074
45,240,217,466.2585119866446
116,50,465,466.460073318178
115,47,465,469.3165243202076
181,545,140,470.7706447942565
108,47,455,472.4595220757012
247,669,168,473.5240226218729
39,207,230,474.60825951515005
42,227,214,475.94642555649057
41,155,270,478.71181309844445
40,154,270,479.4204835006531
38,219,215,479.6602964599009
180,547,131,479.9354123212831
179,546,130,480.8201326899696
37,215,215,481.96472899995496
190,585,131,485.6027182790475
97,425,127,485.9238623488252
78,59,386,488.37383222281676
60,316,153,488.578550491116
84,53,397,488.8783079663077
65,322,150,489.2320512803714
71,71,357,491.86380228677126
224,658,144,492.1300641090727
76,56,382,492.86915099243123
189,585,123,493.4632711762852
85,47,398,493.8714407616622
69,71,353,493.91699707541954
70,68,357,494.4461548035337
68,70,353,494.7736856381916
61,321,144,495.20197899443014
239,668,143,496.4886705656031
83,44,398,496.58836071740546
75,57,372,496.65380296540565
73,59,368,496.8148548503758
238,668,142,497.4253712869901
87,41,402,497.63942769840895
77,46,388,499.10319574212303
55,72,341,499.3726063772421
67,331,135,500.2979112488878
53,70,339,502.1324526457138
66,62,352,502.1553544472069
52,71,336,502.90456351081167
64,328,133,503.1709451071276
56,321,135,503.6447160449517
297,737,165,505.27022473128176
299,741,166,506.3328944479116
298,738,164,506.62806870523866
57,323,131,506.7247773693329
258,687,134,511.78608812667034
261,689,134,512.5436566771654
36,87,280,522.7169406093512
43,293,118,529.623451142413
220,643,99,530.3602549211244
31,122,216,540.4146556117811
269,714,114,540.7735200617723
34,220,138,544.0367634636468
28,121,209,546.1959355396193
33,215,135,549.1538946415659
27,177,159,549.6271463455931
30,206,136,552.9267582600792
26,160,166,554.0036100965408
32,217,128,554.1922049253309
25,129,184,559.4649229397675
29,206,127,560.6291109102344
24,138,162,570.6592678648092
22,134,162,573.1631530375971
21,135,161,573.3149221850065
18,131,153,582.0601343503951
17,129,152,584.0898903422315
16,109,162,589.1867276169754
14,106,162,591.1514188429222
35,260,65,591.2740481367333
15,100,167,591.3687512880605
13,110,157,592.3318326748952
10,114,150,595.1167952595524
7,109,150,598.3218197592329
11,161,101,606.5789313848611
23,200,75,608.7076473973364
12,167,94,609.2002954693965
8,158,99,609.899171994847
19,190,79,610.1286749530791
9,164,93,611.657583947097
4,149,102,612.42223996194
6,157,93,615.4624277728088
20,199,67,616.2028886657381
5,162,84,620.3224967708329
3,146,94,620.7253821135398
2,143,96,620.7616289688016
1,138,62,651.8067198180761
0,136,63,652.0651807910003
